0.001,0,0,0,0,0,0,0,0,0,0,0,0,0,0,0,0,-0.0711167,0.997341,0.0152777,0,0.996833,0.0716059,-0.034303,0,-0.0353065,0.0127901,-0.999295,0,0.441198,0.003457,0.0519976,1,0.049906,-29.0872,1.4217,13.1134,0.178893,2.8874,0.0496363,-85.8743,154.128,114.628,-34.3183,6.68159,-5.70268,-7.4398,-0.19589,0.307466,0.173734,-2.55084,-0.127115,2.8158,-0.764844,0.00169391,-0.00145876,-0.000287234,0.000579934,-0.000184604,0.000156642,0.00123941,
0.006,0,0,0,0,0,0,0,0,0,0,0,0,0,0,0,0,-0.0711126,0.997342,0.0152788,0,0.996833,0.0716019,-0.0343073,0,-0.0353107,0.0127909,-0.999295,0,0.441198,0.0034573,0.0519963,1,0.049906,-29.1626,1.386,13.0381,0.172484,2.8874,0.0166774,-114.248,1.70767,-22.115,-250.836,8.40798,3.38159,-66.2874,-0.19589,0.307472,0.173735,-2.55084,-0.127114,2.8158,-0.76484,0.00758766,0.000206605,-0.000140938,0.00200459,7.15446e-05,0.000131144,0.00162002,
0.009,0,0,0,0,0,0,0,0,0,0,0,0,0,0,0,0,-0.0711232,0.997341,0.0152786,0,0.996832,0.0716126,-0.0343139,0,-0.0353175,0.01279,-0.999294,0,0.441194,0.00345712,0.0519941,1,0.0142004,-29.1626,1.46137,13.1849,0.184386,2.90114,0.102737,-142.88,11.3521,130.228,80.2059,17.2613,21.7639,21.5153,-0.195887,0.307472,0.173732,-2.55085,-0.127116,2.8158,-0.764849,0.00439689,-0.00021719,-0.00113476,-0.00139613,-0.000321656,-0.000469769,-0.00110239,
0.012,0,0,0,0,0,0,0,0,0,0,0,0,0,0,0,0,-0.0711203,0.997341,0.0152815,0,0.996833,0.0716098,-0.0343145,0,-0.0353182,0.0127928,-0.999294,0,0.441194,0.00345927,0.0519933,1,0.049906,-29.1983,1.34632,13.1491,0.166991,2.89473,0.0624537,-25.9937,-91.5344,-134.033,56.0254,-10.1058,0.814839,-0.538391,-0.195889,0.307474,0.173738,-2.55085,-0.127114,2.8158,-0.764845,0.00108259,0.00123488,0.00165386,-0.000135264,0.000236242,0.000188591,0.00015562,
0.015,0,0,0,0,0,0,0,0,0,0,0,0,0,0,0,0,-0.0711124,0.997342,0.0152771,0,0.996833,0.0716017,-0.0343065,0,-0.0353099,0.0127894,-0.999295,0,0.441197,0.00345581,0.0519962,1,0.0142004,-29.1269,1.46137,13.1134,0.172484,2.881,0.0359034,-48.8683,19.5315,204.938,-129.989,0.563055,-3.75201,-6.08842,-0.195887,0.307469,0.173729,-2.55084,-0.127114,2.8158,-0.764842,0.00101959,-0.00111894,-0.00130414,0.00107355,9.71557e-06,0.000526829,0.00128188,
0.018,0,0,0,0,0,0,0,0,0,0,0,0,0,0,0,0,-0.0711189,0.997341,0.0152786,0,0.996833,0.0716083,-0.0343126,0,-0.0353161,0.0127902,-0.999294,0,0.441193,0.00345624,0.0519953,1,0.0895788,-29.0872,1.4217,13.2245,0.166991,2.90114,0.0954127,58.9702,159.824,27.2816,198.584,-17.83,25.3691,73.0367,-0.19589,0.307466,0.173733,-2.55085,-0.127114,2.8158,-0.764849,-0.00130842,-0.00153796,-0.000437968,-0.00209476,0.000138512,-0.000307318,-0.00119504,
0.021,0,0,0,0,0,0,0,0,0,0,0,0,0,0,0,0,-0.0711169,0.997341,0.0152785,0,0.996833,0.0716063,-0.0343105,0,-0.035314,0.0127903,-0.999294,0,0.441195,0.00345829,0.0519959,1,0.049906,-29.0872,1.4217,13.1849,0.172484,2.90114,0.0230861,14.6186,84.3978,70.195,79.477,8.82549,20.8974,-57.1908,-0.195887,0.307466,0.173735,-2.55085,-0.127114,2.8158,-0.764842,-0.000228359,-0.00097126,-0.000129768,-0.000672228,-4.93819e-05,-0.000283205,0.00124714,
0.024,0,0,0,0,0,0,0,0,0,0,0,0,0,0,0,0,-0.0711261,0.997341,0.0152793,0,0.996833,0.0716154,-0.0343028,0,-0.0353065,0.0127913,-0.999295,0,0.441198,0.00346137,0.0519977,1,0.049906,-29.0872,1.31062,13.1134,0.184386,2.8874,0.0496363,109.959,103.857,-175.628,64.1049,6.9121,2.32136,-57.036,-0.195887,0.307466,0.17374,-2.55084,-0.127116,2.8158,-0.764844,-0.000242603,-0.000215601,0.00256001,0.000728841,-0.000376322,6.3024e-05,0.000610651,
0.027,0,0,0,0,0,0,0,0,0,0,0,0,0,0,0,0,-0.0711275,0.997341,0.015281,0,0.996832,0.0716169,-0.0343088,0,-0.0353127,0.0127925,-0.999294,0,0.441196,0.00346383,0.0519952,1,-0.0215052,-29.1626,1.31062,13.1491,0.172484,2.8874,0.0294947,-40.6595,-134.728,-88.8238,-2.16338,-18.6424,-6.76904,-33.9539,-0.195881,0.307472,0.17374,-2.55084,-0.127114,2.8158,-0.764841,0.000675032,0.00149313,0.00142876,-0.000248057,0.000284096,-1.64245e-07,0.0015222,
0.03,0,0,0,0,0,0,0,0,0,0,0,0,0,0,0,0,-0.0711258,0.997341,0.0152789,0,0.996833,0.0716151,-0.034299,0,-0.0353027,0.0127912,-0.999295,0,0.4412,0.00346111,0.0519988,1,0.049906,-29.0872,1.34632,13.0777,0.178893,2.8874,0.056045,67.0906,14.0565,-148.292,-62.2718,4.95969,-13.5755,-43.6224,-0.195886,0.307466,0.17374,-2.55084,-0.127115,2.8158,-0.764844,-0.00119012,-0.000464989,0.00115544,0.00113293,-0.000202161,-4.86653e-08,-0.000366547,
0.033,0,0,0,0,0,0,0,0,0,0,0,0,0,0,0,0,-0.0711254,0.997341,0.015278,0,0.996833,0.0716146,-0.0342991,0,-0.0353027,0.0127903,-0.999295,0,0.4412,0.00346219,0.0519993,1,-0.0215052,-29.0515,1.34632,13.1134,0.172484,2.89473,0.0294947,-73.8677,120.176,-20.5264,-96.4013,-2.47256,13.2946,-48.3935,-0.195881,0.307464,0.173738,-2.55084,-0.127114,2.8158,-0.764841,0.00131861,-0.000694586,0.000651693,0.00024288,0.000177459,-0.00029012,0.00167347,
0.036,0,0,0,0,0,0,0,0,0,0,0,0,0,0,0,0,-0.0711352,0.99734,0.0152792,0,0.996832,0.0716247,-0.0343136,0,-0.0353174,0.0127901,-0.999294,0,0.441194,0.0034647,0.0519947,1,-0.0968836,-29.1269,1.4217,13.1849,0.178893,2.881,0.0624537,-181.645,-112.128,77.8654,97.9025,21.6397,1.09679,7.70756,-0.195874,0.307469,0.173735,-2.55085,-0.127115,2.8158,-0.764845,0.00233988,0.0011656,-0.00105458,-0.00178408,0.00928385,0.000332242,9.82201e-06,
0.039,0,0,0,0,0,0,0,0,0,0,0,0,0,0,0,0,-0.0711392,0.99734,0.01528,0,0.996832,0.0716286,-0.0343053,0,-0.0353092,0.0127914,-0.999295,0,0.441197,0.00346492,0.051997,1,-0.0215052,-29.0872,1.34632,13.1491,0.178893,2.8874,0.102737,-41.1205,-42.0431,-65.1834,136.794,14.8211,6.0606,61.8805,-0.195879,0.307466,0.173741,-2.55085,-0.127115,2.8158,-0.764849,9.53824e-05,-0.000273316,0.000780534,-0.000807021,0.00398541,-7.05066e-06,-0.00178293,
0.042,0,0,0,0,0,0,0,0,0,0,0,0,0,0,0,0,-0.0711297,0.99734,0.0152785,0,0.996832,0.071619,-0.0343068,0,-0.0353105,0.0127901,-0.999295,0,0.441196,0.00346282,0.0519966,1,-0.061178,-29.0872,1.386,13.1849,0.172484,2.8874,0.056045,-160.374,-35.4519,-14.2173,50.9595,-9.41296,-10.0616,12.583,-0.195878,0.307466,0.173735,-2.55085,-0.127114,2.8158,-0.764844,0.00142035,-8.80314e-06,-0.000387411,-0.000795929,0.00171079,8.83334e-05,0.000764011,
0.045,0,0,0,0,0,0,0,0,0,0,0,0,0,0,0,0,-0.0711251,0.997341,0.0152788,0,0.996833,0.0716144,-0.0343085,0,-0.0353121,0.0127904,-0.999294,0,0.441196,0.00346152,0.0519957,1,0.0142004,-29.1269,1.4217,13.1491,0.184386,2.8874,0.0359034,32.3401,-165.983,74.9929,37.5656,7.42845,0.90642,-50.2032,-0.195881,0.307469,0.173735,-2.55085,-0.127115,2.8158,-0.764842,-0.000641197,0.00169876,-0.000764402,0.000135377,0.000420697,2.61729e-05,0.000949753,
0.048,0,0,0,0,0,0,0,0,0,0,0,0,0,0,0,0,-0.0711379,0.99734,0.0152803,0,0.996832,0.0716273,-0.0343041,0,-0.035308,0.0127918,-0.999295,0,0.441197,0.00346505,0.0519979,1,0.0142004,-29.0515,1.31062,13.1491,0.172484,2.89473,0.0954127,33.1289,-28.1343,-175.055,60.6555,-8.4395,25.5855,24.5076,-0.195881,0.307464,0.173743,-2.55085,-0.127114,2.8158,-0.764849,0.000201857,-0.000280325,0.00139239,-0.0005167,0.000313987,-0.000342632,-0.0016476,
0.051,0,0,0,0,0,0,0,0,0,0,0,0,0,0,0,0,-0.07112,0.997341,0.0152778,0,0.996833,0.0716093,-0.0343044,0,-0.0353079,0.0127899,-0.999295,0,0.441197,0.00346002,0.0519978,1,0.049906,-29.0515,1.4217,13.1491,0.172484,2.8874,0.0230861,78.0805,-39.7475,17.5303,-85.6933,-11.5824,-0.677021,-81.1729,-0.195884,0.307464,0.173735,-2.55085,-0.127114,2.8158,-0.764841,-0.000775404,0.000432508,-0.00120632,-0.000153096,0.00018274,-6.0077e-05,0.00159531,
0.054,0,0,0,0,0,0,0,0,0,0,0,0,0,0,0,0,-0.0711225,0.997341,0.0152783,0,0.996833,0.0716118,-0.0343013,0,-0.0353049,0.0127906,-0.999295,0,0.441198,0.00346132,0.0519993,1,0.049906,-29.0118,1.34632,13.1491,0.172484,2.8874,0.0230861,4.67172,121.542,-100.675,44.0658,-15.3509,-13.9816,-80.9586,-0.195886,0.30746,0.17374,-2.55085,-0.127114,2.8158,-0.764841,-0.000786559,-0.000284303,0.00101398,-4.53619e-05,0.000269421,0.000212023,0.000988845,
0.057,0,0,0,0,0,0,0,0,0,0,0,0,0,0,0,0,-0.0711311,0.99734,0.0152776,0,0.996832,0.0716204,-0.0343012,0,-0.0353048,0.0127896,-0.999295,0,0.441199,0.00345989,0.0519983,1,0.0142004,-29.0872,1.4217,13.1134,0.184386,2.881,0.115554,-32.0269,-33.7884,58.1587,-46.8898,21.2821,4.15348,82.411,-0.195884,0.307465,0.173735,-2.55084,-0.127116,2.8158,-0.764851,0.00041656,0.00155526,-0.000947233,0.000543371,-0.000354403,0.000247434,-0.00187715,
0.06,0,0,0,0,0,0,0,0,0,0,0,0,0,0,0,0,-0.071124,0.997341,0.0152783,0,0.996833,0.0716132,-0.0343013,0,-0.0353049,0.0127905,-0.999295,0,0.441198,0.00346142,0.0519993,1,0.049906,-29.0118,1.34632,13.1491,0.178893,2.89473,0.0294947,32.6598,73.3476,-80.2857,22.617,12.7772,22.4188,-34.3434,-0.195886,0.307461,0.173741,-2.55085,-0.127115,2.8158,-0.764841,-0.000897396,-0.00102401,0.00089483,-0.000395813,-6.45571e-05,-0.000243165,0.000913173,
0.063,0,0,0,0,0,0,0,0,0,0,0,0,0,0,0,0,-0.0711248,0.997341,0.0152776,0,0.996833,0.071614,-0.0343035,0,-0.0353071,0.0127897,-0.999295,0,0.441196,0.00345872,0.051999,1,0.049906,-29.0118,1.4217,13.2245,0.184386,2.89473,0.102737,24.4168,81.9813,7.69744,228.24,19.2334,3.59219,33.6308,-0.195886,0.307459,0.173735,-2.55085,-0.127112,2.8158,-0.764849,-0.000338074,-0.000612751,-0.000796932,-0.00197332,-0.000176197,-0.000105957,-0.00137964,
0.066,0,0,0,0,0,0,0,0,0,0,0,0,0,0,0,0,-0.0711238,0.997341,0.015279,0,0.996833,0.0716132,-0.0343086,0,-0.0353122,0.0127907,-0.999294,0,0.441194,0.00345914,0.0519966,1,0.0895788,-29.0515,1.386,13.2245,0.178893,2.8874,0.0761866,-30.1363,-34.4185,-120.765,227.245,8.99799,-9.22265,59.0777,-0.195889,0.307464,0.173738,-2.55085,-0.127115,2.8158,-0.764847,-0.000636359,4.52934e-05,0.000413486,-0.00174987,3.871e-05,3.64221e-05,-1.88121e-06,
0.069,0,0,0,0,0,0,0,0,0,0,0,0,0,0,0,0,-0.071121,0.997341,0.0152771,0,0.996833,0.0716103,-0.0343098,0,-0.0353133,0.0127888,-0.999294,0,0.441195,0.00345613,0.0519969,1,0.0895788,-29.0515,1.4217,13.1849,0.184386,2.8874,0.0954127,7.97167,63.9407,85.7906,167.288,0.573786,15.0386,12.122,-0.19589,0.307464,0.173733,-2.55085,-0.127116,2.8158,-0.764849,-0.000580382,-5.87591e-05,-0.000248694,-0.00103405,-0.000270892,-6.83279e-05,-0.000776683,
0.072,0,0,0,0,0,0,0,0,0,0,0,0,0,0,0,0,-0.0711097,0.997342,0.0152775,0,0.996834,0.071599,-0.0343083,0,-0.0353117,0.0127898,-0.999295,0,0.441196,0.00345503,0.0519965,1,0.125284,-29.0872,1.46137,13.1491,0.172484,2.90114,0.0294947,66.9303,-35.6673,77.9723,-8.11089,0.741773,17.2599,-55.6452,-0.195892,0.307466,0.173732,-2.55085,-0.127114,2.8158,-0.764841,-0.000543173,0.000230062,-0.00107389,0.000157626,4.7922e-05,-0.000528872,0.00186089,
0.075,0,0,0,0,0,0,0,0,0,0,0,0,0,0,0,0,-0.0711194,0.997341,0.0152794,0,0.996833,0.0716088,-0.0343073,0,-0.0353109,0.0127914,-0.999295,0,0.441196,0.00345639,0.0519957,1,0.0895788,-29.1269,1.4217,13.1491,0.166991,2.87367,0.102737,-46.303,-193.305,-15.1775,62.217,-24.2257,-17.0721,36.9245,-0.195892,0.307469,0.173735,-2.55085,-0.127114,2.8158,-0.764849,0.000210268,0.00166642,2.20855e-05,-0.000324504,0.000217687,0.000691008,-0.00209725,
0.077,0,0,0,0,0,0,0,0,0,0,0,0,0,0,0,0,-0.0711117,0.997342,0.0152793,0,0.996834,0.071601,-0.034307,0,-0.0353105,0.0127915,-0.999295,0,0.441197,0.0034564,0.0519956,1,0.0895788,-29.1626,1.386,13.1134,0.172484,2.8874,0.0294947,28.5505,-128.344,-70.8107,-1.55127,18.6776,12.1645,-21.0731,-0.195892,0.307472,0.173735,-2.55084,-0.127114,2.8158,-0.764841,-0.000215888,0.00188519,0.000566628,0.000134182,-0.000106686,-3.19696e-05,0.00120412,
0.079,0,0,0,0,0,0,0,0,0,0,0,0,0,0,0,0,-0.0711074,0.997342,0.0152779,0,0.996834,0.0715967,-0.0343091,0,-0.0353124,0.0127901,-0.999294,0,0.441195,0.00345459,0.0519961,1,0.0895788,-29.0872,1.46137,13.1849,0.166991,2.89473,0.0230861,5.20477,29.6478,62.0475,126.49,-16.3831,6.59922,-30.913,-0.195893,0.307466,0.173732,-2.55085,-0.127114,2.8158,-0.764841,0.000460862,-0.000925375,-0.00182074,-0.00133239,0.000235162,-0.000285476,0.00117942,
0.082,0,0,0,0,0,0,0,0,0,0,0,0,0,0,0,0,-0.0711153,0.997341,0.0152794,0,0.996833,0.0716046,-0.0343026,0,-0.0353062,0.0127919,-0.999295,0,0.441199,0.0034562,0.0519981,1,0.16099,-29.0872,1.34632,13.1134,0.178893,2.89473,0.069778,113.319,-7.6222,-220.163,-71.6108,10.1204,2.36847,-35.5986,-0.195897,0.307466,0.17374,-2.55084,-0.127114,2.8158,-0.764846,-0.00125548,-0.000676327,0.00194555,0.000997247,-0.000205352,-0.000144867,-7.628e-05,
0.085,0,0,0,0,0,0,0,0,0,0,0,0,0,0,0,0,-0.0711236,0.997341,0.0152786,0,0.996833,0.0716129,-0.034304,0,-0.0353076,0.0127906,-0.999295,0,0.441198,0.00345808,0.0519973,1,0.0142004,-29.1269,1.386,13.1134,0.166991,2.8874,0.102737,-220.983,-96.848,-40.7886,-86.0785,-10.3018,3.63554,86.214,-0.195888,0.307467,0.173735,-2.55084,-0.127114,2.8158,-0.764849,0.00259767,0.000418287,0.000937356,0.000666688,0.00023303,7.76397e-05,-0.00220404,
0.088,0,0,0,0,0,0,0,0,0,0,0,0,0,0,0,0,-0.0711109,0.997342,0.0152786,0,0.996834,0.0716003,-0.0343087,0,-0.0353121,0.0127908,-0.999294,0,0.441197,0.00345605,0.0519955,1,0.049906,-29.1626,1.4217,13.1134,0.166991,2.90114,0.0294947,-135.241,-102.649,3.85006,-32.7555,-11.772,23.529,-34.8564,-0.19589,0.307472,0.173732,-2.55084,-0.127114,2.8158,-0.764841,0.000986218,0.000886975,-9.34727e-05,0.000197537,0.000182075,-0.000564742,0.00107251,
0.091,0,0,0,0,0,0,0,0,0,0,0,0,0,0,0,0,-0.0711225,0.997341,0.0152795,0,0.996833,0.0716119,-0.0343039,0,-0.0353075,0.0127915,-0.999295,0,0.441199,0.0034582,0.0519963,1,0.0142004,-29.1626,1.386,13.0777,0.166991,2.881,0.0954127,-144.859,-21.8852,-79.5636,-135.394,-8.28339,-10.081,60.5148,-0.195888,0.307472,0.173735,-2.55084,-0.127114,2.8158,-0.764849,0.00151926,0.000262808,0.000807522,0.00067721,0.000166977,0.000390274,-0.00154718,
0.094,0,0,0,0,0,0,0,0,0,0,0,0,0,0,0,0,-0.0711165,0.997341,0.015282,0,0.996833,0.071606,-0.0343089,0,-0.0353126,0.0127939,-0.999294,0,0.441197,0.00345876,0.0519949,1,0.0895788,-29.1983,1.34632,13.1134,0.178893,2.89473,0.056045,-53.3186,-177.031,-149.648,-99.7693,16.0392,7.96218,24.3235,-0.195892,0.307474,0.17374,-2.55084,-0.127112,2.8158,-0.764844,1.70755e-05,0.00150083,0.00104355,0.000386259,-0.000391335,-0.000261123,-0.000409445,
0.097,0,0,0,0,0,0,0,0,0,0,0,0,0,0,0,0,-0.0711174,0.997341,0.0152784,0,0.996833,0.0716068,-0.0343118,0,-0.0353153,0.0127901,-0.999294,0,0.441194,0.00345743,0.0519948,1,0.0142004,-29.1269,1.4217,13.1849,0.178893,2.881,0.0496363,-220.162,33.4464,113.454,67.476,10.9783,-18.6923,-42.905,-0.195887,0.307469,0.173732,-2.55085,-0.127115,2.8158,-0.764844,0.0017683,-0.000761735,-0.000474461,-0.00127758,-0.000293028,0.000450094,0.0010165,
0.1,0,0,0,0,0,0,0,0,0,0,0,0,0,0,0,0,-0.0711228,0.997341,0.0152785,0,0.996833,0.0716122,-0.0343127,0,-0.0353163,0.01279,-0.999294,0,0.441195,0.00345652,0.0519951,1,0.049906,-29.1269,1.4217,13.1491,0.178893,2.881,0.115554,-67.2119,-14.9425,91.2487,-30.1858,17.6719,12.2269,69.986,-0.19589,0.307469,0.173733,-2.55085,-0.127115,2.8158,-0.764851,0.00514232,-0.000968115,-0.000604591,-0.000471345,-0.00013957,0.000186108,-0.00219297,
0.103,0,0,0,0,0,0,0,0,0,0,0,0,0,0,0,0,-0.0711176,0.997341,0.0152789,0,0.996833,0.071607,-0.0343128,0,-0.0353163,0.0127905,-0.999294,0,0.441195,0.00345852,0.0519944,1,-0.0215052,-29.1626,1.4217,13.1491,0.172484,2.90114,0.0359034,-99.1648,-26.0789,-35.1107,12.1725,-16.5218,14.4887,-73.6939,-0.195885,0.307472,0.173732,-2.55085,-0.127114,2.8158,-0.764842,0.00370965,0.000362765,-0.000179138,-0.000325262,0.00968887,-0.000611723,0.00165224,
0.106,0,0,0,0,0,0,0,0,0,0,0,0,0,0,0,0,-0.0711268,0.997341,0.0152819,0,0.996832,0.0716163,-0.0343118,0,-0.0353156,0.0127932,-0.999294,0,0.441195,0.00346053,0.0519938,1,0.049906,-29.1983,1.31062,13.1491,0.178893,2.881,0.089004,98.4078,-85.8309,-166.214,53.419,9.1342,3.68425,-0.927849,-0.19589,0.307474,0.17374,-2.55085,-0.127115,2.8158,-0.764848,0.00082123,0.00103551,0.00285472,-0.000560384,0.00390502,0.000316072,-0.000599285,
0.109,0,0,0,0,0,0,0,0,0,0,0,0,0,0,0,0,-0.0711159,0.997341,0.0152795,0,0.996833,0.0716053,-0.0343076,0,-0.0353112,0.0127915,-0.999295,0,0.441197,0.00345676,0.0519954,1,0.0895788,-29.1626,1.386,13.1134,0.178893,2.8874,0.056045,115.441,-46.2075,-0.160035,-9.75963,-1.22517,-5.17595,12.4644,-0.195892,0.307472,0.173736,-2.55084,-0.127115,2.8158,-0.764844,-0.0012297,-0.000342797,6.2181e-05,0.00113319,0.00145249,-9.09614e-05,0.000802011,
0.112,0,0,0,0,0,0,0,0,0,0,0,0,0,0,0,0,-0.0711206,0.997341,0.0152807,0,0.996833,0.07161,-0.0343093,0,-0.035313,0.0127924,-0.999294,0,0.441196,0.00346022,0.0519952,1,0.049906,-29.1626,1.34632,13.1134,0.166991,2.8874,0.0432277,64.8339,37.8934,-99.1156,-101.476,-9.27184,-5.67882,-32.5742,-0.195888,0.307472,0.173738,-2.55084,-0.127114,2.8158,-0.764843,-0.000371782,-0.00056558,0.000946444,0.000614165,0.00100094,3.33301e-05,0.00180496,
0.115,0,0,0,0,0,0,0,0,0,0,0,0,0,0,0,0,-0.0711198,0.997341,0.0152786,0,0.996833,0.0716092,-0.0343151,0,-0.0353186,0.0127899,-0.999294,0,0.441193,0.00345874,0.0519941,1,0.0142004,-29.1269,1.4217,13.2245,0.178893,2.8874,0.0432277,-60.2637,-23.2664,89.6739,184.525,-5.83163,2.35759,8.23585,-0.195884,0.307469,0.173732,-2.55085,-0.127115,2.8158,-0.764843,0.000166243,-0.0012812,-0.000967243,-0.00232368,9.08259e-05,-4.28708e-05,0.000225858,
0.118,0,0,0,0,0,0,0,0,0,0,0,0,0,0,0,0,-0.0711227,0.997341,0.0152809,0,0.996833,0.0716122,-0.0343132,0,-0.035317,0.0127922,-0.999294,0,0.441194,0.00346151,0.0519934,1,0.0142004,-29.1983,1.34632,13.1849,0.184386,2.881,0.0230861,97.6345,-71.8572,-122.741,65.1146,2.2669,-16.5243,-46.7923,-0.195885,0.307474,0.173738,-2.55085,-0.127116,2.8158,-0.764841,-0.000406899,0.00110522,0.000888901,-0.000905035,0.00697364,0.000202051,0.00108041,
0.121,0,0,0,0,0,0,0,0,0,0,0,0,0,0,0,0,-0.0711329,0.99734,0.0152804,0,0.996832,0.0716224,-0.0343096,0,-0.0353134,0.0127917,-0.999294,0,0.441197,0.00346333,0.0519955,1,-0.0215052,-29.1626,1.34632,13.1134,0.184386,2.8874,0.0761866,-64.1165,-50.001,-68.9498,-6.46564,21.4795,6.92191,-26.2522,-0.195882,0.307472,0.17374,-2.55084,-0.127116,2.8158,-0.764847,0.000253959,-0.000507746,0.00105735,0.000659861,0.00272178,1.46557e-05,-0.000124457,
0.124,0,0,0,0,0,0,0,0,0,0,0,0,0,0,0,0,-0.0711256,0.997341,0.0152795,0,0.996832,0.0716149,-0.0343087,0,-0.0353124,0.0127911,-0.999294,0,0.441196,0.0034591,0.0519957,1,0.049906,-29.1269,1.386,13.1491,0.166991,2.8874,0.102737,85.35,46.8152,-54.9978,54.4961,-30.1838,11.5295,38.7537,-0.195886,0.307469,0.173735,-2.55085,-0.127114,2.8158,-0.764849,-0.00122258,-0.0057606,-0.000408504,9.91047e-06,0.00168364,4.34243e-06,-0.00203371,
0.127,0,0,0,0,0,0,0,0,0,0,0,0,0,0,0,0,-0.0711317,0.99734,0.0152804,0,0.996832,0.0716211,-0.0343086,0,-0.0353125,0.0127918,-0.999294,0,0.441196,0.00346391,0.0519952,1,-0.061178,-29.1269,1.34632,13.1134,0.172484,2.8874,0.0624537,-149.122,-46.0449,-30.4054,-44.0453,-3.15808,3.8564,5.20205,-0.195879,0.307472,0.173738,-2.55084,-0.127114,2.8158,-0.764845,0.00195839,0.00104357,0.000600755,0.00102376,0.000670411,-5.14598e-05,-0.000210749,
0.13,0,0,0,0,0,0,0,0,0,0,0,0,0,0,0,0,-0.0711282,0.99734,0.0152807,0,0.996832,0.0716177,-0.0343084,0,-0.0353122,0.0127923,-0.999294,0,0.441196,0.00346081,0.0519953,1,0.049906,-29.1626,1.34632,13.1134,0.172484,2.8874,0.0954127,2.74663,-35.824,-186.299,-54.9868,-5.83793,-2.15931,17.426,-0.195886,0.307472,0.173738,-2.55084,-0.127114,2.8158,-0.764849,0.00319991,0.00164566,0.000971974,0.000396138,0.00046593,-0.000147113,-0.000977971,
0.132,0,0,0,0,0,0,0,0,0,0,0,0,0,0,0,0,-0.0711182,0.997341,0.015277,0,0.996833,0.0716074,-0.0342995,0,-0.0353029,0.0127895,-0.999295,0,0.4412,0.00345873,0.0519987,1,0.049906,-29.0872,1.4217,13.0381,0.190794,2.89473,0.0166774,78.0488,75.1289,112.656,-164.465,20.8068,11.7656,-50.4251,-0.195886,0.307466,0.173735,-2.55084,-0.127116,2.8158,-0.76484,0.001699,-0.000367981,-0.00160966,0.00249611,-0.000365156,-0.000336651,0.00150943,
0.135,0,0,0,0,0,0,0,0,0,0,0,0,0,0,0,0,-0.0711246,0.997341,0.0152779,0,0.996833,0.0716138,-0.034302,0,-0.0353056,0.01279,-0.999295,0,0.441199,0.00346078,0.0519979,1,-0.0215052,-29.0872,1.4217,13.1134,0.172484,2.881,0.0496363,-116.81,-6.78657,24.9045,-40.8395,2.2214,7.96931,-4.21318,-0.195881,0.307466,0.173735,-2.55084,-0.127114,2.8158,-0.764844,0.0026298,-0.00057906,-0.000270708,-0.000229677,0.000262004,0.000318455,0.000744879,
0.138,0,0,0,0,0,0,0,0,0,0,0,0,0,0,0,0,-0.0711226,0.997341,0.01528,0,0.996832,0.0716121,-0.0343139,0,-0.0353176,0.0127914,-0.999294,0,0.441194,0.00346035,0.0519949,1,0.049906,-29.1269,1.386,13.1849,0.172484,2.8874,0.0496363,87.4321,-59.1586,-117.49,83.7138,-10.5315,7.40225,13.4811,-0.195886,0.307469,0.173738,-2.55085,-0.127114,2.8158,-0.764844,-0.000751081,0.000961262,0.000755008,-0.000996072,-1.35586e-05,-2.99737e-05,0.0010006,
0.141,0,0,0,0,0,0,0,0,0,0,0,0,0,0,0,0,-0.0711283,0.99734,0.0152789,0,0.996832,0.0716176,-0.0343042,0,-0.0353079,0.0127907,-0.999295,0,0.441198,0.00346014,0.0519983,1,0.049906,-29.0515,1.386,13.1491,0.160582,2.8874,0.109146,39.907,69.8909,46.2567,-41.2703,-42.1268,-7.60864,53.8529,-0.195886,0.307464,0.173738,-2.55084,-0.127113,2.8158,-0.76485,0.00375166,-0.000676342,0.00040931,-0.000851944,0.00063933,-8.8811e-06,-0.00196032,
0.144,0,0,0,0,0,0,0,0,0,0,0,0,0,0,0,0,-0.0711204,0.997341,0.0152774,0,0.996833,0.0716096,-0.0343024,0,-0.0353059,0.0127896,-0.999295,0,0.441198,0.00345885,0.0519984,1,0.049906,-29.0515,1.4217,13.1491,0.178893,2.89473,0.0432277,-57.0612,21.2645,49.3342,39.3484,8.14572,13.5894,-10.5295,-0.195886,0.307464,0.173735,-2.55084,-0.127115,2.8158,-0.764843,0.00111369,-0.000196978,-0.000528337,-6.6824e-05,-0.000310455,-0.000353018,0.000880994,
0.147,0,0,0,0,0,0,0,0,0,0,0,0,0,0,0,0,-0.0711152,0.997341,0.0152781,0,0.996833,0.0716044,-0.0343024,0,-0.0353059,0.0127906,-0.999295,0,0.441199,0.00345756,0.0519979,1,0.0895788,-29.0872,1.4217,13.1134,0.166991,2.89473,0.0359034,111.458,-15.3882,103.324,-70.6043,-4.03652,11.3878,-52.092,-0.195889,0.307466,0.173735,-2.55084,-0.127114,2.8158,-0.764842,7.36612e-07,-0.00565995,-0.00043495,0.000165804,0.000217465,-0.000364563,0.000498394,
0.15,0,0,0,0,0,0,0,0,0,0,0,0,0,0,0,0,-0.0711263,0.997341,0.0152787,0,0.996833,0.0716156,-0.034306,0,-0.0353096,0.0127905,-0.999295,0,0.441196,0.00345907,0.0519968,1,0.049906,-29.0872,1.4217,13.1849,0.172484,2.8874,0.102737,-41.7161,-35.0173,32.1216,49.5178,-9.19718,1.64648,47.0009,-0.195886,0.307466,0.173735,-2.55085,-0.127114,2.8158,-0.764849,0.000310022,-0.00258535,-0.00040728,-0.00162131,0.000106092,-6.65749e-05,-0.00226736,
0.153,0,0,0,0,0,0,0,0,0,0,0,0,0,0,0,0,-0.0711215,0.997341,0.0152788,0,0.996833,0.0716107,-0.0342997,0,-0.0353033,0.0127912,-0.999295,0,0.4412,0.00346037,0.0519992,1,0.049906,-29.0515,1.34632,13.0777,0.172484,2.89473,0.0359034,93.4245,64.3249,-151.618,-177.061,-10.1562,5.67389,-6.42502,-0.195889,0.307464,0.17374,-2.55084,-0.127114,2.8158,-0.764842,0.000642422,-0.00126201,0.00136416,0.00174686,0.000163391,-0.000422859,0.00120069,
0.156,0,0,0,0,0,0,0,0,0,0,0,0,0,0,0,0,-0.0711176,0.997341,0.015277,0,0.996833,0.0716068,-0.0342987,0,-0.0353022,0.0127897,-0.999295,0,0.441199,0.00345808,0.0519996,1,0.0895788,-29.0118,1.386,13.1491,0.184386,2.881,0.0294947,12.4343,144.367,10.6662,32.7037,21.533,-6.99036,-17.6718,-0.19589,0.307461,0.173737,-2.55084,-0.127116,2.8158,-0.764841,-0.00100131,-0.0019056,0.000270147,-0.000874442,-0.000392359,0.000232631,0.000958576,
0.158,0,0,0,0,0,0,0,0,0,0,0,0,0,0,0,0,-0.0711164,0.997341,0.0152778,0,0.996833,0.0716056,-0.0343043,0,-0.0353077,0.01279,-0.999295,0,0.441197,0.00345776,0.0519977,1,0.049906,-29.0515,1.386,13.1849,0.172484,2.8874,0.0359034,-20.973,16.1699,-30.5884,135.432,3.05723,11.4646,-26.1805,-0.195889,0.307464,0.173735,-2.55085,-0.127114,2.8158,-0.764842,0.000488847,-0.00087138,0.000398471,-0.00122386,5.16894e-05,-0.00022439,0.000595576,
0.162,0,0,0,0,0,0,0,0,0,0,0,0,0,0,0,0,-0.0711132,0.997342,0.0152763,0,0.996834,0.0716024,-0.0343017,0,-0.035305,0.0127889,-0.999295,0,0.441198,0.00345618,0.0519986,1,0.049906,-29.0872,1.4217,13.1491,0.184386,2.89473,0.0230861,-37.6744,-22.7956,73.4026,-35.2491,26.3816,2.03065,-44.1443,-0.19589,0.307464,0.173733,-2.55084,-0.127116,2.8158,-0.764841,-4.10427e-05,0.000714216,-0.000962734,-0.000179882,-0.00040045,-0.000368338,0.00126425,
0.165,0,0,0,0,0,0,0,0,0,0,0,0,0,0,0,0,-0.0711234,0.997341,0.0152783,0,0.996833,0.0716127,-0.0343037,0,-0.0353073,0.0127904,-0.999295,0,0.441198,0.00345783,0.0519975,1,0.049906,-29.0872,1.386,13.1491,0.178893,2.8874,0.0954127,-146.587,-149.357,-171.013,79.3495,6.70488,-13.9493,54.8239,-0.195889,0.307466,0.173736,-2.55084,-0.127115,2.8158,-0.764849,0.00039109,0.000665145,0.000364359,0.000132306,-0.000160093,-7.41185e-06,-0.00132083,
0.168,0,0,0,0,0,0,0,0,0,0,0,0,0,0,0,0,-0.0711143,0.997342,0.0152761,0,0.996834,0.0716034,-0.0342979,0,-0.0353012,0.0127889,-0.999295,0,0.4412,0.00345668,0.0519999,1,0.0895788,-29.0118,1.386,13.1134,0.184386,2.8874,0.0230861,10.1476,124.191,-58.0958,-66.0795,20.2011,3.11717,-66.3094,-0.19589,0.307461,0.173735,-2.55084,-0.127116,2.8158,-0.764841,-0.000605447,-0.000900345,0.000881308,0.000781618,-0.000427961,0.000148508,0.00161678,
0.171,0,0,0,0,0,0,0,0,0,0,0,0,0,0,0,0,-0.0711254,0.997341,0.0152787,0,0.996832,0.0716148,-0.0343115,0,-0.0353151,0.0127902,-0.999294,0,0.441194,0.00345741,0.0519967,1,0.0895788,-29.0515,1.386,13.1849,0.178893,2.89473,0.121963,29.9052,2.37109,-115.435,2.95745,8.15333,0.384617,76.7579,-0.195892,0.307464,0.173738,-2.55085,-0.127115,2.81579,-0.764852,0.000171391,-4.17856e-05,0.000261128,-0.00106764,-0.000168247,-0.000359131,-0.00168356,
0.174,0,0,0,0,0,0,0,0,0,0,0,0,0,0,0,0,-0.0711138,0.997342,0.0152766,0,0.996834,0.071603,-0.0343012,0,-0.0353046,0.0127892,-0.999295,0,0.441198,0.00345732,0.0519987,1,0.0142004,-29.0515,1.4217,13.1134,0.172484,2.8874,0.0166774,-176.201,-1.70588,-50.96,-41.6436,4.01565,10.7895,-53.2518,-0.195887,0.307463,0.173733,-2.55084,-0.127114,2.8158,-0.76484,0.00129854,-0.000291574,-0.000479441,0.000797287,5.56423e-05,0.000104577,0.00161479,
0.177,0,0,0,0,0,0,0,0,0,0,0,0,0,0,0,0,-0.071113,0.997342,0.0152781,0,0.996833,0.0716023,-0.0343058,0,-0.0353093,0.0127904,-0.999295,0,0.441196,0.00345533,0.0519972,1,0.125284,-29.0515,1.4217,13.1849,0.172484,2.881,0.056045,118.684,-20.4343,56.2897,81.237,-18.7144,-8.08893,-54.7793,-0.195895,0.307464,0.173735,-2.55085,-0.127114,2.8158,-0.764844,-0.000955686,-0.00036513,-0.000420462,-0.0012486,0.000118212,0.000419049,-0.000192176,
0.18,0,0,0,0,0,0,0,0,0,0,0,0,0,0,0,0,-0.0711169,0.997341,0.0152753,0,0.996833,0.071606,-0.0342997,0,-0.0353029,0.0127879,-0.999295,0,0.441199,0.0034548,0.0519995,1,0.049906,-29.0515,1.46137,13.1491,0.178893,2.89473,0.0825953,-116.282,84.6785,133.009,84.3054,17.4377,15.5021,58.7925,-0.195889,0.307461,0.17373,-2.55084,-0.127115,2.8158,-0.764847,0.00148009,-0.000108327,-0.00151661,-0.000741163,-0.000172192,-0.000331717,-0.000772786,
0.183,0,0,0,0,0,0,0,0,0,0,0,0,0,0,0,0,-0.0711176,0.997341,0.0152779,0,0.996833,0.0716069,-0.0343077,0,-0.0353112,0.0127899,-0.999295,0,0.441196,0.00345823,0.0519975,1,0.049906,-29.0515,1.386,13.1849,0.178893,2.8874,0.0230861,-59.0594,66.4608,1.26786,67.8379,14.1033,-12.8669,-62.824,-0.19589,0.307463,0.173737,-2.55085,-0.127115,2.8158,-0.764842,0.000376682,-0.00021776,0.00110764,-0.00142603,-3.59495e-05,8.25583e-05,0.000995497,
0.186,0,0,0,0,0,0,0,0,0,0,0,0,0,0,0,0,-0.0711104,0.997342,0.0152781,0,0.996834,0.0715996,-0.0343049,0,-0.0353083,0.0127906,-0.999295,0,0.441197,0.00345481,0.051997,1,0.125284,-29.0872,1.4217,13.1491,0.172484,2.881,0.0432277,53.5758,15.8307,87.9382,-4.13537,2.01005,-8.53265,-65.1771,-0.195895,0.307466,0.173734,-2.55085,-0.127114,2.8158,-0.764843,-0.000950455,-0.000281084,-0.000228621,0.000227087,9.48412e-05,0.000412525,0.000799821,
0.189,0,0,0,0,0,0,0,0,0,0,0,0,0,0,0,0,-0.0711201,0.997341,0.0152783,0,0.996833,0.0716093,-0.0342993,0,-0.0353029,0.0127908,-0.999295,0,0.441201,0.00345829,0.0519988,1,0.049906,-29.0872,1.386,13.0777,0.172484,2.8874,0.0624537,10.6893,-88.7604,5.97311,-139.701,-11.0123,11.6348,30.1592,-0.19589,0.307466,0.173737,-2.55084,-0.127114,2.8158,-0.764845,0.00187345,-8.32948e-05,-5.87152e-06,0.00164492,0.000107221,0.000167441,0.00025959,
0.192,0,0,0,0,0,0,0,0,0,0,0,0,0,0,0,0,-0.071118,0.997341,0.0152778,0,0.996833,0.0716073,-0.0343051,0,-0.0353086,0.0127899,-0.999295,0,0.441196,0.00345858,0.0519974,1,0.0142004,-29.0515,1.4217,13.1849,0.178893,2.881,0.0294947,-73.6547,86.1285,10.4219,55.6007,8.11848,-12.1974,-76.2635,-0.195887,0.307464,0.173735,-2.55085,-0.127115,2.8158,-0.764841,-4.04755e-05,-0.00116924,-0.000372948,-0.00109025,-7.37238e-05,0.000347253,0.00155005,
0.195,0,0,0,0,0,0,0,0,0,0,0,0,0,0,0,0,-0.0711279,0.99734,0.0152807,0,0.996832,0.0716174,-0.0343117,0,-0.0353154,0.012792,-0.999294,0,0.441195,0.00345992,0.0519956,1,0.049906,-29.1269,1.34632,13.1491,0.172484,2.89473,0.109146,-87.2327,-54.2817,-188.534,26.1345,-1.69899,10.4136,19.1941,-0.19589,0.307469,0.17374,-2.55085,-0.127114,2.8158,-0.76485,0.000192249,0.000643444,0.00196207,4.81708e-05,0.000136395,-4.40468e-05,-0.00142076,
0.198,0,0,0,0,0,0,0,0,0,0,0,0,0,0,0,0,-0.071108,0.997342,0.0152782,0,0.996834,0.0715973,-0.0343066,0,-0.03531,0.0127906,-0.999295,0,0.441197,0.00345285,0.0519962,1,0.16099,-29.1269,1.4217,13.1491,0.172484,2.8874,0.0624537,92.8243,-51.5633,31.0785,-14.421,-11.1563,7.15656,-38.7067,-0.195897,0.307469,0.173733,-2.55084,-0.127114,2.8158,-0.764845,-0.00165411,0.000396876,-0.00106846,-0.000449737,-2.74034e-05,0.000277054,0.000325019,
0.201,0,0,0,0,0,0,0,0,0,0,0,0,0,0,0,0,-0.0711167,0.997341,0.0152789,0,0.996833,0.0716061,-0.0343053,0,-0.0353089,0.0127911,-0.999295,0,0.441198,0.00345653,0.0519968,1,0.0895788,-29.1269,1.386,13.1134,0.172484,2.87367,0.069778,-73.239,-47.3359,-73.831,-102.678,1.97582,-31.741,5.09364,-0.195892,0.307469,0.173736,-2.55084,-0.127114,2.8158,-0.764846,9.99933e-05,0.000117593,0.000240232,5.23485e-05,-8.11954e-06,0.000628393,-0.000468838,
0.204,0,0,0,0,0,0,0,0,0,0,0,0,0,0,0,0,-0.0711166,0.997341,0.0152795,0,0.996833,0.071606,-0.0343102,0,-0.0353138,0.0127914,-0.999294,0,0.441196,0.00345508,0.051995,1,0.0895788,-29.1626,1.386,13.1491,0.178893,2.8874,0.0954127,-43.029,-32.523,-126.158,36.2165,7.78369,-7.04015,22.6472,-0.195896,0.307472,0.173735,-2.55084,-0.127115,2.8158,-0.764849,8.53992e-05,0.000498852,0.00053519,-0.000541301,-0.000187018,0.000110838,-0.000666379,
0.207,0,0,0,0,0,0,0,0,0,0,0,0,0,0,0,0,-0.0711045,0.997342,0.0152773,0,0.996834,0.0715938,-0.034309,0,-0.0353123,0.0127896,-0.999294,0,0.441196,0.00345241,0.0519958,1,0.125284,-29.1269,1.46137,13.1491,0.178893,2.87367,0.0294947,40.702,-20.5762,110.836,95.1128,-10.4415,-33.6374,-10.5402,-0.195896,0.307469,0.17373,-2.55084,-0.127115,2.8158,-0.764841,-0.000816836,-0.000409004,-0.00114065,-0.000253188,-4.03424e-05,0.000541467,0.00129829,
0.21,0,0,0,0,0,0,0,0,0,0,0,0,0,0,0,0,-0.0711149,0.997341,0.0152798,0,0.996833,0.0716042,-0.0343028,0,-0.0353064,0.0127922,-0.999295,0,0.441199,0.00345749,0.0519971,1,0.125284,-29.1269,1.34632,13.1134,0.178893,2.881,0.0359034,111.732,37.5256,-157.418,-11.6289,14.0127,-17.9506,-22.0029,-0.195895,0.307469,0.17374,-2.55084,-0.127115,2.8158,-0.764842,-0.000636776,2.54959e-06,0.00155931,0.000574595,-0.000211636,0.000118991,0.00131528,
0.213,0,0,0,0,0,0,0,0,0,0,0,0,0,0,0,0,-0.0711064,0.997342,0.0152787,0,0.996834,0.0715958,-0.0343137,0,-0.035317,0.0127907,-0.999294,0,0.441196,0.0034537,0.0519948,1,0.0895788,-29.1626,1.4217,13.1134,0.166991,2.89473,0.0359034,-95.6453,-83.3012,21.8377,-65.172,-4.5097,5.12401,-7.30673,-0.195895,0.307472,0.173732,-2.55084,-0.127114,2.81579,-0.764842,0.000366905,0.000959709,8.04996e-05,0.000912666,0.000325356,-0.00039425,0.00110932,
0.216,0,0,0,0,0,0,0,0,0,0,0,0,0,0,0,0,-0.0711096,0.997342,0.0152791,0,0.996833,0.0715991,-0.0343143,0,-0.0353178,0.0127909,-0.999294,0,0.441195,0.00345258,0.0519945,1,0.125284,-29.1626,1.4217,13.1491,0.166991,2.8874,0.089004,79.8413,-99.5214,-21.4874,-28.3942,-22.7278,-0.37813,27.9285,-0.195898,0.307472,0.173732,-2.55084,-0.127114,2.81579,-0.764848,-0.000541421,0.000562764,-0.000161752,-0.000750402,0.000356366,-4.8998e-05,-0.000677261,
0.219,0,0,0,0,0,0,0,0,0,0,0,0,0,0,0,0,-0.0711122,0.997342,0.0152788,0,0.996833,0.0716015,-0.0343075,0,-0.035311,0.012791,-0.999295,0,0.441197,0.00345595,0.0519957,1,0.049906,-29.1626,1.4217,13.1134,0.178893,2.8874,0.0359034,-147.368,-140.055,106.444,-84.0093,7.82017,16.6376,-23.5656,-0.195893,0.307472,0.173734,-2.55084,-0.127115,2.8158,-0.764842,0.00113859,0.000630755,7.58094e-05,0.000891283,-0.000143072,-0.00018406,0.00173965,
0.222,0,0,0,0,0,0,0,0,0,0,0,0,0,0,0,0,-0.0711165,0.997341,0.0152799,0,0.996833,0.0716059,-0.0343073,0,-0.0353109,0.0127919,-0.999295,0,0.441196,0.00345591,0.051996,1,0.0895788,-29.0872,1.386,13.1491,0.166991,2.881,0.089004,-11.0202,125.787,-63.7304,-58.4554,-23.5299,-15.5689,13.454,-0.195896,0.307469,0.173737,-2.55085,-0.127114,2.8158,-0.764848,0.000203219,-0.000906111,0.000579274,7.84797e-05,0.000266552,0.000160217,-0.00133444,
0.225,0,0,0,0,0,0,0,0,0,0,0,0,0,0,0,0,-0.071112,0.997342,0.0152768,0,0.996834,0.0716013,-0.0343031,0,-0.0353065,0.0127893,-0.999295,0,0.441198,0.00345193,0.0519974,1,0.125284,-29.0872,1.46137,13.1491,0.172484,2.881,0.109146,47.4165,134.344,37.37,-23.6809,-3.56912,-5.29128,59.8178,-0.195896,0.307466,0.17373,-2.55084,-0.127114,2.8158,-0.76485,-0.000713176,-0.000969648,-0.00112759,2.32533e-05,4.13023e-05,0.0001605,-0.00160479,
0.228,0,0,0,0,0,0,0,0,0,0,0,0,0,0,0,0,-0.071108,0.997342,0.0152785,0,0.996834,0.0715974,-0.0343102,0,-0.0353136,0.0127907,-0.999294,0,0.441196,0.00345494,0.0519948,1,0.049906,-29.1626,1.4217,13.1491,0.178893,2.8874,0.0166774,-73.919,-57.9044,70.1185,15.7984,-0.452135,2.60593,-47.9949,-0.195893,0.307472,0.173732,-2.55084,-0.127115,2.8158,-0.76484,0.00116008,0.000960368,7.83522e-05,9.96918e-05,-0.000323079,-0.000189803,0.00232007,
0.231,0,0,0,0,0,0,0,0,0,0,0,0,0,0,0,0,-0.0711073,0.997342,0.0152798,0,0.996834,0.0715967,-0.0343084,0,-0.0353119,0.0127921,-0.999294,0,0.441197,0.00345521,0.0519948,1,0.125284,-29.1983,1.386,13.0777,0.172484,2.881,0.0166774,89.9178,-166.483,66.4183,-125.474,-12.1813,-11.297,-72.8794,-0.195895,0.307474,0.173735,-2.55084,-0.127114,2.8158,-0.76484,-0.00121329,0.00111977,0.000786254,0.0018134,8.88854e-05,0.000181121,0.00196464,
0.234,0,0,0,0,0,0,0,0,0,0,0,0,0,0,0,0,-0.0711155,0.997341,0.0152799,0,0.996833,0.0716049,-0.0343088,0,-0.0353123,0.0127919,-0.999294,0,0.441196,0.00345858,0.0519956,1,0.0142004,-29.1269,1.386,13.1849,0.172484,2.8874,0.0294947,-226.437,42.2569,-14.8112,124.552,-3.22521,-14.9605,-34.9308,-0.19589,0.307469,0.173737,-2.55085,-0.127113,2.8158,-0.764841,0.00223896,-0.000410632,-7.63758e-05,-0.00141154,-4.14804e-05,-5.18274e-05,0.0014562,
0.238,0,0,0,0,0,0,0,0,0,0,0,0,0,0,0,0,-0.0711133,0.997342,0.0152782,0,0.996833,0.0716026,-0.0343063,0,-0.0353098,0.0127904,-0.999295,0,0.441197,0.00345447,0.0519962,1,0.0895788,-29.1269,1.4217,13.1491,0.172484,2.8874,0.0761866,52.7653,82.0151,-2.67711,3.73655,0.564268,-12.6796,11.9561,-0.195893,0.307469,0.173732,-2.55084,-0.127114,2.8158,-0.764847,-8.01785e-05,0.000310718,4.67814e-05,0.000154254,-0.000121222,-1.02375e-05,-0.00084766,
0.241,0,0,0,0,0,0,0,0,0,0,0,0,0,0,0,0,-0.071114,0.997342,0.0152795,0,0.996833,0.0716034,-0.0343081,0,-0.0353116,0.0127916,-0.999294,0,0.441197,0.0034578,0.0519962,1,0.049906,-29.1269,1.34632,13.1491,0.172484,2.87367,0.0230861,24.5471,2.41522,-100.34,-15.441,-4.19419,-25.9607,-45.2346,-0.195892,0.307469,0.173738,-2.55084,-0.127114,2.8158,-0.764841,0.000780527,-9.35393e-05,0.0015915,-0.000882315,-0.000103734,0.000449079,0.00138398,
0.243,0,0,0,0,0,0,0,0,0,0,0,0,0,0,0,0,-0.0711256,0.997341,0.0152782,0,0.996833,0.0716149,-0.0343033,0,-0.0353069,0.0127902,-0.999295,0,0.441198,0.003459,0.0519976,1,-0.0215052,-29.0872,1.386,13.1134,0.172484,2.8874,0.0954127,-127.514,146.036,12.9569,-79.3424,-3.3254,-11.5083,29.6605,-0.195886,0.307466,0.173735,-2.55084,-0.127114,2.8158,-0.764849,0.00173893,-0.001248,0.000367057,-0.000113734,-4.61042e-05,-0.000218613,-0.00124986,
0.246,0,0,0,0,0,0,0,0,0,0,0,0,0,0,0,0,-0.0711101,0.997342,0.0152789,0,0.996834,0.0715995,-0.0343093,0,-0.0353127,0.012791,-0.999294,0,0.441196,0.0034562,0.0519956,1,0.0895788,-29.1269,1.386,13.1491,0.172484,2.89473,0.0166774,72.7639,-60.8175,-43.5831,10.9436,-1.11961,-7.61747,-48.2165,-0.195892,0.307469,0.173735,-2.55085,-0.127114,2.8158,-0.76484,-0.0014336,0.000166412,0.000490277,-0.000126501,0.000163417,-7.23095e-05,0.00212382,
0.249,0,0,0,0,0,0,0,0,0,0,0,0,0,0,0,0,-0.0711266,0.997341,0.0152798,0,0.996832,0.071616,-0.0343088,0,-0.0353125,0.0127913,-0.999294,0,0.441196,0.00345956,0.0519952,1,0.0142004,-29.1626,1.386,13.1491,0.178893,2.881,0.102737,-11.2888,-30.3263,14.5733,14.9965,3.27159,-25.139,60.4224,-0.195885,0.307472,0.173735,-2.55084,-0.127114,2.8158,-0.764849,0.000946636,0.000812346,0.000423673,0.000148122,-0.000188939,0.000396779,-0.00125829,
0.252,0,0,0,0,0,0,0,0,0,0,0,0,0,0,0,0,-0.0711187,0.997341,0.0152792,0,0.996833,0.071608,-0.0343077,0,-0.0353113,0.0127912,-0.999294,0,0.441197,0.00345723,0.0519962,1,0.0895788,-29.1269,1.386,13.1491,0.178893,2.89473,0.069778,128.312,34.0881,-24.8878,42.439,27.3183,16.6217,-6.73314,-0.195892,0.307469,0.173737,-2.55084,-0.127115,2.8158,-0.764846,-0.00129715,-0.000594523,0.000713279,0.00428657,-0.000187848,-0.000146168,4.91455e-05,
0.254,0,0,0,0,0,0,0,0,0,0,0,0,0,0,0,0,-0.0711189,0.997341,0.0152786,0,0.996833,0.0716082,-0.0343062,0,-0.0353097,0.0127907,-0.999295,0,0.441197,0.0034584,0.0519964,1,0.0142004,-29.1269,1.4217,13.1491,0.172484,2.8874,0.0496363,-106.103,14.0392,55.2222,-34.6069,1.85531,-8.93509,-3.86214,-0.195887,0.307468,0.173735,-2.55084,-0.127114,2.8158,-0.764844,0.00118673,-0.00490458,-0.000518205,0.00272824,6.93443e-06,0.000115881,0.000926067,
0.257,0,0,0,0,0,0,0,0,0,0,0,0,0,0,0,0,-0.0711325,0.99734,0.0152807,0,0.996832,0.0716219,-0.0343125,0,-0.0353164,0.0127918,-0.999294,0,0.441195,0.00346138,0.0519954,1,0.0142004,-29.1269,1.34632,13.1849,0.178893,2.89473,0.115554,-69.5376,16.4447,-90.52,126.4,3.07808,13.0492,52.1199,-0.195887,0.307469,0.17374,-2.55085,-0.127115,2.8158,-0.764851,0.000815633,-0.00222154,0.00121786,-0.000164943,-0.000182558,-0.000236932,-0.00230642,
0.26,0,0,0,0,0,0,0,0,0,0,0,0,0,0,0,0,-0.0711155,0.997341,0.0152787,0,0.996833,0.0716048,-0.0343049,0,-0.0353084,0.0127909,-0.999295,0,0.441197,0.00345774,0.0519963,1,0.0895788,-29.1269,1.386,13.1491,0.178893,2.87367,0.0294947,155.386,-69.7379,-9.99734,50.8718,-3.393,-12.7399,-19.5067,-0.195889,0.307469,0.173735,-2.55084,-0.127115,2.8158,-0.764841,-0.00133596,-0.000316328,-0.000567171,0.000738238,-8.79996e-05,0.000479868,0.00166383,
0.263,0,0,0,0,0,0,0,0,0,0,0,0,0,0,0,0,-0.0711224,0.997341,0.0152781,0,0.996833,0.0716116,-0.0343003,0,-0.0353039,0.0127905,-0.999295,0,0.441199,0.00345888,0.0519981,1,0.049906,-29.0872,1.4217,13.1134,0.172484,2.881,0.069778,-7.69796,-59.5354,87.3556,-59.0021,-2.32435,-21.2691,-43.8988,-0.195886,0.307467,0.173735,-2.55084,-0.127114,2.8158,-0.764846,-4.52561e-05,-0.000609893,-0.001127,0.00111196,0.000158539,0.00030419,-0.000132434,
0.266,0,0,0,0,0,0,0,0,0,0,0,0,0,0,0,0,-0.0711193,0.997341,0.0152786,0,0.996833,0.0716086,-0.0343084,0,-0.035312,0.0127905,-0.999294,0,0.441197,0.00345625,0.0519964,1,0.0895788,-29.1269,1.4217,13.1134,0.172484,2.8874,0.0954127,-16.5486,-38.3562,9.73975,-76.9364,-13.0514,-9.59799,17.108,-0.195892,0.307469,0.173734,-2.55084,-0.127114,2.8158,-0.764849,-0.000632089,0.000889161,-0.000797937,0.00100356,0.000126094,-0.000128391,-0.00140688,
0.269,0,0,0,0,0,0,0,0,0,0,0,0,0,0,0,0,-0.0711205,0.997341,0.0152797,0,0.996833,0.0716098,-0.0343039,0,-0.0353075,0.0127918,-0.999295,0,0.441198,0.00346098,0.0519974,1,0.0142004,-29.0872,1.34632,13.1491,0.166991,2.8874,0.0230861,-67.6264,40.7072,-210.348,-76.3135,-12.652,-5.06087,-53.8108,-0.195887,0.307466,0.17374,-2.55084,-0.127114,2.8158,-0.764841,0.00118412,0.000110949,0.00124841,-0.000156336,0.000240812,-3.80417e-05,0.0020773,
0.272,0,0,0,0,0,0,0,0,0,0,0,0,0,0,0,0,-0.0711147,0.997341,0.015278,0,0.996833,0.071604,-0.0343076,0,-0.035311,0.0127901,-0.999295,0,0.441196,0.00345408,0.0519957,1,0.0895788,-29.1269,1.46137,13.1491,0.172484,2.881,0.0954127,70.5921,-60.8828,141.997,-100.145,-12.2481,-9.61522,24.2025,-0.195892,0.30747,0.17373,-2.55084,-0.127114,2.8158,-0.764849,-0.00122678,0.00578447,-0.00180579,-0.000320373,6.00488e-05,0.000173341,-0.000831263,
