block:
  urdf_path: block92.urdf
  asset_options:
    max_linear_velocity: 10.0
    max_angular_velocity: 40.0
  block1:
    shape_props:
      restitution: 0.3
      friction: 0.575313114171889
      rolling_friction: 0.9506907942442464
      torsion_friction: 0.9879070688251566
      thickness: 2e-3
  block2:
    shape_props:
      restitution: 0.3
      friction: 0.575313114171889
      rolling_friction: 0.9506907942442464
      torsion_friction: 0.9879070688251566
      thickness: 2e-3
  block3:
    shape_props:
      restitution: 0.3
      friction: 0.575313114171889
      rolling_friction: 0.9506907942442464
      torsion_friction: 0.9879070688251566
      thickness: 2e-3