block:
  urdf_path: block43.urdf
  asset_options:
    max_linear_velocity: 10.0
    max_angular_velocity: 40.0
  block1:
    shape_props:
      restitution: 0.3
      friction: 0.07990744127250204
      rolling_friction: 0.5350915150487944
      torsion_friction: 0.9888662058815342
      thickness: 2e-3
  block2:
    shape_props:
      restitution: 0.3
      friction: 0.07990744127250204
      rolling_friction: 0.5350915150487944
      torsion_friction: 0.9888662058815342
      thickness: 2e-3
  block3:
    shape_props:
      restitution: 0.3
      friction: 0.07990744127250204
      rolling_friction: 0.5350915150487944
      torsion_friction: 0.9888662058815342
      thickness: 2e-3