block:
  urdf_path: block80.urdf
  asset_options:
    max_linear_velocity: 10.0
    max_angular_velocity: 40.0
  block1:
    shape_props:
      restitution: 0.3
      friction: 0.8437039283561303
      rolling_friction: 0.2763846096523327
      torsion_friction: 0.2781909072274995
      thickness: 2e-3
  block2:
    shape_props:
      restitution: 0.3
      friction: 0.46573831381962494
      rolling_friction: 0.4515127908157457
      torsion_friction: 0.5800617309031487
      thickness: 2e-3
  block3:
    shape_props:
      restitution: 0.3
      friction: 0.7380089543787335
      rolling_friction: 0.9744477582202515
      torsion_friction: 0.5530307389317254
      thickness: 2e-3