block:
  urdf_path: block95.urdf
  asset_options:
    max_linear_velocity: 10.0
    max_angular_velocity: 40.0
  block1:
    shape_props:
      restitution: 0.3
      friction: 0.5618904540322596
      rolling_friction: 0.4428309928006374
      torsion_friction: 0.11112050753108715
      thickness: 2e-3
  block2:
    shape_props:
      restitution: 0.3
      friction: 0.5618904540322596
      rolling_friction: 0.4428309928006374
      torsion_friction: 0.11112050753108715
      thickness: 2e-3
  block3:
    shape_props:
      restitution: 0.3
      friction: 0.440196261487689
      rolling_friction: 0.8518717814062581
      torsion_friction: 0.365229254405666
      thickness: 2e-3