block:
  urdf_path: block49.urdf
  asset_options:
    max_linear_velocity: 10.0
    max_angular_velocity: 40.0
  block1:
    shape_props:
      restitution: 0.3
      friction: 0.3121915042047777
      rolling_friction: 0.8399325350985052
      torsion_friction: 0.6753395905243724
      thickness: 2e-3
  block2:
    shape_props:
      restitution: 0.3
      friction: 0.3121915042047777
      rolling_friction: 0.8399325350985052
      torsion_friction: 0.6753395905243724
      thickness: 2e-3
  block3:
    shape_props:
      restitution: 0.3
      friction: 0.8448689839855935
      rolling_friction: 0.2618553799642407
      torsion_friction: 0.7882075077796632
      thickness: 2e-3