block:
  urdf_path: block75.urdf
  asset_options:
    max_linear_velocity: 10.0
    max_angular_velocity: 40.0
  block1:
    shape_props:
      restitution: 0.3
      friction: 0.3887280013113549
      rolling_friction: 0.6542382476839774
      torsion_friction: 0.32731179847719927
      thickness: 2e-3
  block2:
    shape_props:
      restitution: 0.3
      friction: 0.5349554104813836
      rolling_friction: 0.8405786650762108
      torsion_friction: 0.04449232223427346
      thickness: 2e-3
  block3:
    shape_props:
      restitution: 0.3
      friction: 0.17348706202586617
      rolling_friction: 0.5136620215658471
      torsion_friction: 0.10163540481399091
      thickness: 2e-3