block:
  urdf_path: block82.urdf
  asset_options:
    max_linear_velocity: 10.0
    max_angular_velocity: 40.0
  block1:
    shape_props:
      restitution: 0.3
      friction: 0.03695346221129081
      rolling_friction: 0.659604766560918
      torsion_friction: 0.03499895681505272
      thickness: 2e-3
  block2:
    shape_props:
      restitution: 0.3
      friction: 0.03695346221129081
      rolling_friction: 0.659604766560918
      torsion_friction: 0.03499895681505272
      thickness: 2e-3
  block3:
    shape_props:
      restitution: 0.3
      friction: 0.03695346221129081
      rolling_friction: 0.659604766560918
      torsion_friction: 0.03499895681505272
      thickness: 2e-3