block:
  urdf_path: block12.urdf
  asset_options:
    max_linear_velocity: 10.0
    max_angular_velocity: 40.0
  block1:
    shape_props:
      restitution: 0.3
      friction: 0.6984487526427321
      rolling_friction: 0.974799725682451
      torsion_friction: 0.5824893434418238
      thickness: 2e-3
  block2:
    shape_props:
      restitution: 0.3
      friction: 0.8234453158379479
      rolling_friction: 0.4600681916131165
      torsion_friction: 0.13691485044650764
      thickness: 2e-3
  block3:
    shape_props:
      restitution: 0.3
      friction: 0.8234453158379479
      rolling_friction: 0.4600681916131165
      torsion_friction: 0.13691485044650764
      thickness: 2e-3