block:
  urdf_path: block5.urdf
  asset_options:
    max_linear_velocity: 10.0
    max_angular_velocity: 40.0
  block1:
    shape_props:
      restitution: 0.3
      friction: 0.14402970800317405
      rolling_friction: 0.3677315487260041
      torsion_friction: 0.434729167076351
      thickness: 2e-3
  block2:
    shape_props:
      restitution: 0.3
      friction: 0.5823810530506478
      rolling_friction: 0.4970539192785538
      torsion_friction: 0.9727818457403389
      thickness: 2e-3
  block3:
    shape_props:
      restitution: 0.3
      friction: 0.14402970800317405
      rolling_friction: 0.3677315487260041
      torsion_friction: 0.434729167076351
      thickness: 2e-3