block:
  urdf_path: block63.urdf
  asset_options:
    max_linear_velocity: 10.0
    max_angular_velocity: 40.0
  block1:
    shape_props:
      restitution: 0.3
      friction: 0.14898558533070394
      rolling_friction: 0.29288161028979875
      torsion_friction: 0.6572239990286676
      thickness: 2e-3
  block2:
    shape_props:
      restitution: 0.3
      friction: 0.9404583276796008
      rolling_friction: 0.508548223961323
      torsion_friction: 0.4045970389003286
      thickness: 2e-3
  block3:
    shape_props:
      restitution: 0.3
      friction: 0.14898558533070394
      rolling_friction: 0.29288161028979875
      torsion_friction: 0.6572239990286676
      thickness: 2e-3