block:
  urdf_path: block23.urdf
  asset_options:
    max_linear_velocity: 10.0
    max_angular_velocity: 40.0
  block1:
    shape_props:
      restitution: 0.3
      friction: 0.7195714598976759
      rolling_friction: 0.9428315002337854
      torsion_friction: 0.8588485441726846
      thickness: 2e-3
  block2:
    shape_props:
      restitution: 0.3
      friction: 0.7195714598976759
      rolling_friction: 0.9428315002337854
      torsion_friction: 0.8588485441726846
      thickness: 2e-3
  block3:
    shape_props:
      restitution: 0.3
      friction: 0.7195714598976759
      rolling_friction: 0.9428315002337854
      torsion_friction: 0.8588485441726846
      thickness: 2e-3