block:
  urdf_path: block84.urdf
  asset_options:
    max_linear_velocity: 10.0
    max_angular_velocity: 40.0
  block1:
    shape_props:
      restitution: 0.3
      friction: 0.01584358650269202
      rolling_friction: 0.9308605800969156
      torsion_friction: 0.06729421146773396
      thickness: 2e-3
  block2:
    shape_props:
      restitution: 0.3
      friction: 0.2774789608399554
      rolling_friction: 0.5322150584663117
      torsion_friction: 0.9142905032954283
      thickness: 2e-3
  block3:
    shape_props:
      restitution: 0.3
      friction: 0.01584358650269202
      rolling_friction: 0.9308605800969156
      torsion_friction: 0.06729421146773396
      thickness: 2e-3