block:
  urdf_path: block75.urdf
  asset_options:
    max_linear_velocity: 10.0
    max_angular_velocity: 40.0
  block1:
    shape_props:
      restitution: 0.3
      friction: 0.6088332873411069
      rolling_friction: 0.5619606052081163
      torsion_friction: 0.07296725545724703
      thickness: 2e-3
  block2:
    shape_props:
      restitution: 0.3
      friction: 0.6088332873411069
      rolling_friction: 0.5619606052081163
      torsion_friction: 0.07296725545724703
      thickness: 2e-3
  block3:
    shape_props:
      restitution: 0.3
      friction: 0.6088332873411069
      rolling_friction: 0.5619606052081163
      torsion_friction: 0.07296725545724703
      thickness: 2e-3