block:
  urdf_path: block4.urdf
  asset_options:
    max_linear_velocity: 10.0
    max_angular_velocity: 40.0
  block1:
    shape_props:
      restitution: 0.3
      friction: 0.8267147327034906
      rolling_friction: 0.881687319696848
      torsion_friction: 0.24143479419538405
      thickness: 2e-3
  block2:
    shape_props:
      restitution: 0.3
      friction: 0.8267147327034906
      rolling_friction: 0.881687319696848
      torsion_friction: 0.24143479419538405
      thickness: 2e-3
  block3:
    shape_props:
      restitution: 0.3
      friction: 0.8267147327034906
      rolling_friction: 0.881687319696848
      torsion_friction: 0.24143479419538405
      thickness: 2e-3