block:
  urdf_path: block44.urdf
  asset_options:
    max_linear_velocity: 10.0
    max_angular_velocity: 40.0
  block1:
    shape_props:
      restitution: 0.3
      friction: 0.5787431524881668
      rolling_friction: 0.0059319823039991615
      torsion_friction: 0.5930936554649402
      thickness: 2e-3
  block2:
    shape_props:
      restitution: 0.3
      friction: 0.2878961094781274
      rolling_friction: 0.07772539813353285
      torsion_friction: 0.5929446574500771
      thickness: 2e-3
  block3:
    shape_props:
      restitution: 0.3
      friction: 0.2878961094781274
      rolling_friction: 0.07772539813353285
      torsion_friction: 0.5929446574500771
      thickness: 2e-3