block:
  urdf_path: block56.urdf
  asset_options:
    max_linear_velocity: 10.0
    max_angular_velocity: 40.0
  block1:
    shape_props:
      restitution: 0.3
      friction: 0.7957097592922588
      rolling_friction: 0.05103816050414034
      torsion_friction: 0.7926846019245408
      thickness: 2e-3
  block2:
    shape_props:
      restitution: 0.3
      friction: 0.5232358123809235
      rolling_friction: 0.7211730033154848
      torsion_friction: 0.3891514403905445
      thickness: 2e-3
  block3:
    shape_props:
      restitution: 0.3
      friction: 0.447364018413021
      rolling_friction: 0.26232353980062917
      torsion_friction: 0.1537881162302499
      thickness: 2e-3