block:
  urdf_path: block51.urdf
  asset_options:
    max_linear_velocity: 10.0
    max_angular_velocity: 40.0
  block1:
    shape_props:
      restitution: 0.3
      friction: 0.14467856818588165
      rolling_friction: 0.5127852372299856
      torsion_friction: 0.6058995284225887
      thickness: 2e-3
  block2:
    shape_props:
      restitution: 0.3
      friction: 0.14467856818588165
      rolling_friction: 0.5127852372299856
      torsion_friction: 0.6058995284225887
      thickness: 2e-3
  block3:
    shape_props:
      restitution: 0.3
      friction: 0.4596788625102449
      rolling_friction: 0.12766330855198083
      torsion_friction: 0.09873831235906805
      thickness: 2e-3