block:
  urdf_path: block53.urdf
  asset_options:
    max_linear_velocity: 10.0
    max_angular_velocity: 40.0
  block1:
    shape_props:
      restitution: 0.3
      friction: 0.0182016912311459
      rolling_friction: 0.44788276789206316
      torsion_friction: 0.384740607644415
      thickness: 2e-3
  block2:
    shape_props:
      restitution: 0.3
      friction: 0.12514563921431132
      rolling_friction: 0.11902370119275363
      torsion_friction: 0.5291326777356283
      thickness: 2e-3
  block3:
    shape_props:
      restitution: 0.3
      friction: 0.18865453754118233
      rolling_friction: 0.23687442606308629
      torsion_friction: 0.3972335833073759
      thickness: 2e-3