block:
  urdf_path: block10.urdf
  asset_options:
    max_linear_velocity: 10.0
    max_angular_velocity: 40.0
  block1:
    shape_props:
      restitution: 0.3
      friction: 0.8827007512366224
      rolling_friction: 0.8550329694594909
      torsion_friction: 0.5757309455392149
      thickness: 2e-3
  block2:
    shape_props:
      restitution: 0.3
      friction: 0.9274939415861857
      rolling_friction: 0.17623584199080145
      torsion_friction: 0.3252102998142836
      thickness: 2e-3
  block3:
    shape_props:
      restitution: 0.3
      friction: 0.9274939415861857
      rolling_friction: 0.17623584199080145
      torsion_friction: 0.3252102998142836
      thickness: 2e-3