block:
  urdf_path: block48.urdf
  asset_options:
    max_linear_velocity: 10.0
    max_angular_velocity: 40.0
  block1:
    shape_props:
      restitution: 0.3
      friction: 0.6482013304985019
      rolling_friction: 0.3239320607378182
      torsion_friction: 0.006644503558663972
      thickness: 2e-3
  block2:
    shape_props:
      restitution: 0.3
      friction: 0.4189095109596982
      rolling_friction: 0.42536435756240454
      torsion_friction: 0.15918033386360564
      thickness: 2e-3
  block3:
    shape_props:
      restitution: 0.3
      friction: 0.4189095109596982
      rolling_friction: 0.42536435756240454
      torsion_friction: 0.15918033386360564
      thickness: 2e-3