block:
  urdf_path: block64.urdf
  asset_options:
    max_linear_velocity: 10.0
    max_angular_velocity: 40.0
  block1:
    shape_props:
      restitution: 0.3
      friction: 0.6887078872280855
      rolling_friction: 0.8386209833767323
      torsion_friction: 0.4734140986208186
      thickness: 2e-3
  block2:
    shape_props:
      restitution: 0.3
      friction: 0.25847722688455854
      rolling_friction: 0.19077092959697173
      torsion_friction: 0.7111188188792952
      thickness: 2e-3
  block3:
    shape_props:
      restitution: 0.3
      friction: 0.6887078872280855
      rolling_friction: 0.8386209833767323
      torsion_friction: 0.4734140986208186
      thickness: 2e-3