block:
  urdf_path: block39.urdf
  asset_options:
    max_linear_velocity: 10.0
    max_angular_velocity: 40.0
  block1:
    shape_props:
      restitution: 0.3
      friction: 0.687325363834913
      rolling_friction: 0.1862921300481254
      torsion_friction: 0.11712322546724907
      thickness: 2e-3
  block2:
    shape_props:
      restitution: 0.3
      friction: 0.10638755161695723
      rolling_friction: 0.27576975465159037
      torsion_friction: 0.20865684517846872
      thickness: 2e-3
  block3:
    shape_props:
      restitution: 0.3
      friction: 0.10638755161695723
      rolling_friction: 0.27576975465159037
      torsion_friction: 0.20865684517846872
      thickness: 2e-3