block:
  urdf_path: block30.urdf
  asset_options:
    max_linear_velocity: 10.0
    max_angular_velocity: 40.0
  block1:
    shape_props:
      restitution: 0.3
      friction: 0.09428248594695154
      rolling_friction: 0.9471021819002226
      torsion_friction: 0.7073860398353384
      thickness: 2e-3
  block2:
    shape_props:
      restitution: 0.3
      friction: 0.5852012847999153
      rolling_friction: 0.2102192793466343
      torsion_friction: 0.28812233503667695
      thickness: 2e-3
  block3:
    shape_props:
      restitution: 0.3
      friction: 0.5852012847999153
      rolling_friction: 0.2102192793466343
      torsion_friction: 0.28812233503667695
      thickness: 2e-3