block:
  urdf_path: block45.urdf
  asset_options:
    max_linear_velocity: 10.0
    max_angular_velocity: 40.0
  block1:
    shape_props:
      restitution: 0.3
      friction: 0.22298377625863164
      rolling_friction: 0.6316559857604146
      torsion_friction: 0.48285675302819353
      thickness: 2e-3
  block2:
    shape_props:
      restitution: 0.3
      friction: 0.8524990704982559
      rolling_friction: 0.44406134584516344
      torsion_friction: 0.7955446404907038
      thickness: 2e-3
  block3:
    shape_props:
      restitution: 0.3
      friction: 0.22298377625863164
      rolling_friction: 0.6316559857604146
      torsion_friction: 0.48285675302819353
      thickness: 2e-3