block:
  urdf_path: block74.urdf
  asset_options:
    max_linear_velocity: 10.0
    max_angular_velocity: 40.0
  block1:
    shape_props:
      restitution: 0.3
      friction: 0.0447210329445592
      rolling_friction: 0.9802864736292006
      torsion_friction: 0.03424534008508873
      thickness: 2e-3
  block2:
    shape_props:
      restitution: 0.3
      friction: 0.0675658462281119
      rolling_friction: 0.12903550161739408
      torsion_friction: 0.3757608034810703
      thickness: 2e-3
  block3:
    shape_props:
      restitution: 0.3
      friction: 0.0447210329445592
      rolling_friction: 0.9802864736292006
      torsion_friction: 0.03424534008508873
      thickness: 2e-3