block:
  urdf_path: block31.urdf
  asset_options:
    max_linear_velocity: 10.0
    max_angular_velocity: 40.0
  block1:
    shape_props:
      restitution: 0.3
      friction: 0.7919170401749968
      rolling_friction: 0.2806560497733699
      torsion_friction: 0.9680882630981315
      thickness: 2e-3
  block2:
    shape_props:
      restitution: 0.3
      friction: 0.5472487120063538
      rolling_friction: 0.6198820951848449
      torsion_friction: 0.5538701548526263
      thickness: 2e-3
  block3:
    shape_props:
      restitution: 0.3
      friction: 0.7919170401749968
      rolling_friction: 0.2806560497733699
      torsion_friction: 0.9680882630981315
      thickness: 2e-3