block:
  urdf_path: block6.urdf
  asset_options:
    max_linear_velocity: 10.0
    max_angular_velocity: 40.0
  block1:
    shape_props:
      restitution: 0.3
      friction: 0.8353074140833856
      rolling_friction: 0.5343084612865775
      torsion_friction: 0.20602502986877747
      thickness: 2e-3
  block2:
    shape_props:
      restitution: 0.3
      friction: 0.8353074140833856
      rolling_friction: 0.5343084612865775
      torsion_friction: 0.20602502986877747
      thickness: 2e-3
  block3:
    shape_props:
      restitution: 0.3
      friction: 0.8815754897295657
      rolling_friction: 0.18487395391158923
      torsion_friction: 0.5525558761205802
      thickness: 2e-3