block:
  urdf_path: block50.urdf
  asset_options:
    max_linear_velocity: 10.0
    max_angular_velocity: 40.0
  block1:
    shape_props:
      restitution: 0.3
      friction: 0.5027498695609138
      rolling_friction: 0.9443074929171544
      torsion_friction: 0.4701210500190023
      thickness: 2e-3
  block2:
    shape_props:
      restitution: 0.3
      friction: 0.2845232114063492
      rolling_friction: 0.7290844744259088
      torsion_friction: 0.5441943198642019
      thickness: 2e-3
  block3:
    shape_props:
      restitution: 0.3
      friction: 0.0037757142078080896
      rolling_friction: 0.6330953401398066
      torsion_friction: 0.30202705192862933
      thickness: 2e-3