block:
  urdf_path: block79.urdf
  asset_options:
    max_linear_velocity: 10.0
    max_angular_velocity: 40.0
  block1:
    shape_props:
      restitution: 0.3
      friction: 0.27905756599265286
      rolling_friction: 0.42098030959032795
      torsion_friction: 0.8419696534372672
      thickness: 2e-3
  block2:
    shape_props:
      restitution: 0.3
      friction: 0.27905756599265286
      rolling_friction: 0.42098030959032795
      torsion_friction: 0.8419696534372672
      thickness: 2e-3
  block3:
    shape_props:
      restitution: 0.3
      friction: 0.27905756599265286
      rolling_friction: 0.42098030959032795
      torsion_friction: 0.8419696534372672
      thickness: 2e-3