block:
  urdf_path: block16.urdf
  asset_options:
    max_linear_velocity: 10.0
    max_angular_velocity: 40.0
  block1:
    shape_props:
      restitution: 0.3
      friction: 0.45806129323273714
      rolling_friction: 0.05597071176661661
      torsion_friction: 0.77936630418914
      thickness: 2e-3
  block2:
    shape_props:
      restitution: 0.3
      friction: 0.45806129323273714
      rolling_friction: 0.05597071176661661
      torsion_friction: 0.77936630418914
      thickness: 2e-3
  block3:
    shape_props:
      restitution: 0.3
      friction: 0.7897445766015114
      rolling_friction: 0.09298087012810308
      torsion_friction: 0.4664006024494245
      thickness: 2e-3