block:
  urdf_path: block12.urdf
  asset_options:
    max_linear_velocity: 10.0
    max_angular_velocity: 40.0
  block1:
    shape_props:
      restitution: 0.3
      friction: 0.009869003686570732
      rolling_friction: 0.813127147973339
      torsion_friction: 0.7494962617200152
      thickness: 2e-3
  block2:
    shape_props:
      restitution: 0.3
      friction: 0.009869003686570732
      rolling_friction: 0.813127147973339
      torsion_friction: 0.7494962617200152
      thickness: 2e-3
  block3:
    shape_props:
      restitution: 0.3
      friction: 0.009869003686570732
      rolling_friction: 0.813127147973339
      torsion_friction: 0.7494962617200152
      thickness: 2e-3