block:
  urdf_path: block89.urdf
  asset_options:
    max_linear_velocity: 10.0
    max_angular_velocity: 40.0
  block1:
    shape_props:
      restitution: 0.3
      friction: 0.11891411623528869
      rolling_friction: 0.3841885842749049
      torsion_friction: 0.4169956331967063
      thickness: 2e-3
  block2:
    shape_props:
      restitution: 0.3
      friction: 0.7716458996838332
      rolling_friction: 0.04501171947565108
      torsion_friction: 0.35130607122438295
      thickness: 2e-3
  block3:
    shape_props:
      restitution: 0.3
      friction: 0.7716458996838332
      rolling_friction: 0.04501171947565108
      torsion_friction: 0.35130607122438295
      thickness: 2e-3