block:
  urdf_path: block55.urdf
  asset_options:
    max_linear_velocity: 10.0
    max_angular_velocity: 40.0
  block1:
    shape_props:
      restitution: 0.3
      friction: 0.28267751858910384
      rolling_friction: 0.19823733397067989
      torsion_friction: 0.2704449303286546
      thickness: 2e-3
  block2:
    shape_props:
      restitution: 0.3
      friction: 0.1371502764044623
      rolling_friction: 0.7802157925128411
      torsion_friction: 0.8727915328324627
      thickness: 2e-3
  block3:
    shape_props:
      restitution: 0.3
      friction: 0.15970579471976232
      rolling_friction: 0.277925910760239
      torsion_friction: 0.5605729913240055
      thickness: 2e-3