block:
  urdf_path: block87.urdf
  asset_options:
    max_linear_velocity: 10.0
    max_angular_velocity: 40.0
  block1:
    shape_props:
      restitution: 0.3
      friction: 0.49826775247673993
      rolling_friction: 0.9261588919285502
      torsion_friction: 0.05701487748638978
      thickness: 2e-3
  block2:
    shape_props:
      restitution: 0.3
      friction: 0.49826775247673993
      rolling_friction: 0.9261588919285502
      torsion_friction: 0.05701487748638978
      thickness: 2e-3
  block3:
    shape_props:
      restitution: 0.3
      friction: 0.49826775247673993
      rolling_friction: 0.9261588919285502
      torsion_friction: 0.05701487748638978
      thickness: 2e-3