block:
  urdf_path: block0.urdf
  asset_options:
    max_linear_velocity: 10.0
    max_angular_velocity: 40.0
  block1:
    shape_props:
      restitution: 0.3
      friction: 0.2804929723351789
      rolling_friction: 0.9495033442965858
      torsion_friction: 0.43223247417073296
      thickness: 2e-3
  block2:
    shape_props:
      restitution: 0.3
      friction: 0.2804929723351789
      rolling_friction: 0.9495033442965858
      torsion_friction: 0.43223247417073296
      thickness: 2e-3
  block3:
    shape_props:
      restitution: 0.3
      friction: 0.2804929723351789
      rolling_friction: 0.9495033442965858
      torsion_friction: 0.43223247417073296
      thickness: 2e-3