block:
  urdf_path: block27.urdf
  asset_options:
    max_linear_velocity: 10.0
    max_angular_velocity: 40.0
  block1:
    shape_props:
      restitution: 0.3
      friction: 0.4245577439810233
      rolling_friction: 0.9944945650117685
      torsion_friction: 0.4817914973470938
      thickness: 2e-3
  block2:
    shape_props:
      restitution: 0.3
      friction: 0.9975784033093772
      rolling_friction: 0.9651262706790826
      torsion_friction: 0.7231556685595465
      thickness: 2e-3
  block3:
    shape_props:
      restitution: 0.3
      friction: 0.4245577439810233
      rolling_friction: 0.9944945650117685
      torsion_friction: 0.4817914973470938
      thickness: 2e-3