block:
  urdf_path: block77.urdf
  asset_options:
    max_linear_velocity: 10.0
    max_angular_velocity: 40.0
  block1:
    shape_props:
      restitution: 0.3
      friction: 0.9634306167786949
      rolling_friction: 0.896562567456214
      torsion_friction: 0.8033004937854927
      thickness: 2e-3
  block2:
    shape_props:
      restitution: 0.3
      friction: 0.18980334130641763
      rolling_friction: 0.1384628396385369
      torsion_friction: 0.9347460770619616
      thickness: 2e-3
  block3:
    shape_props:
      restitution: 0.3
      friction: 0.9634306167786949
      rolling_friction: 0.896562567456214
      torsion_friction: 0.8033004937854927
      thickness: 2e-3