block:
  urdf_path: block83.urdf
  asset_options:
    max_linear_velocity: 10.0
    max_angular_velocity: 40.0
  block1:
    shape_props:
      restitution: 0.3
      friction: 0.16569941478474304
      rolling_friction: 0.850862310205279
      torsion_friction: 0.8713318567724244
      thickness: 2e-3
  block2:
    shape_props:
      restitution: 0.3
      friction: 0.210250157834579
      rolling_friction: 0.5120526842643411
      torsion_friction: 0.12420679172351523
      thickness: 2e-3
  block3:
    shape_props:
      restitution: 0.3
      friction: 0.16569941478474304
      rolling_friction: 0.850862310205279
      torsion_friction: 0.8713318567724244
      thickness: 2e-3