block:
  urdf_path: block69.urdf
  asset_options:
    max_linear_velocity: 10.0
    max_angular_velocity: 40.0
  block1:
    shape_props:
      restitution: 0.3
      friction: 0.5164922899418131
      rolling_friction: 0.660057905353253
      torsion_friction: 0.3019621165689169
      thickness: 2e-3
  block2:
    shape_props:
      restitution: 0.3
      friction: 0.5164922899418131
      rolling_friction: 0.660057905353253
      torsion_friction: 0.3019621165689169
      thickness: 2e-3
  block3:
    shape_props:
      restitution: 0.3
      friction: 0.5164922899418131
      rolling_friction: 0.660057905353253
      torsion_friction: 0.3019621165689169
      thickness: 2e-3