block:
  urdf_path: block13.urdf
  asset_options:
    max_linear_velocity: 10.0
    max_angular_velocity: 40.0
  block1:
    shape_props:
      restitution: 0.3
      friction: 0.8295367180379402
      rolling_friction: 0.7646092252133169
      torsion_friction: 0.9842915221336865
      thickness: 2e-3
  block2:
    shape_props:
      restitution: 0.3
      friction: 0.1952927610937677
      rolling_friction: 0.6952743472658603
      torsion_friction: 0.5057065943174832
      thickness: 2e-3
  block3:
    shape_props:
      restitution: 0.3
      friction: 0.8295367180379402
      rolling_friction: 0.7646092252133169
      torsion_friction: 0.9842915221336865
      thickness: 2e-3