block:
  urdf_path: block20.urdf
  asset_options:
    max_linear_velocity: 10.0
    max_angular_velocity: 40.0
  block1:
    shape_props:
      restitution: 0.3
      friction: 0.7486208458499736
      rolling_friction: 0.04555628863583505
      torsion_friction: 0.8736606983715469
      thickness: 2e-3
  block2:
    shape_props:
      restitution: 0.3
      friction: 0.7486208458499736
      rolling_friction: 0.04555628863583505
      torsion_friction: 0.8736606983715469
      thickness: 2e-3
  block3:
    shape_props:
      restitution: 0.3
      friction: 0.7486208458499736
      rolling_friction: 0.04555628863583505
      torsion_friction: 0.8736606983715469
      thickness: 2e-3