block:
  urdf_path: block21.urdf
  asset_options:
    max_linear_velocity: 10.0
    max_angular_velocity: 40.0
  block1:
    shape_props:
      restitution: 0.3
      friction: 0.4589156166880336
      rolling_friction: 0.9211881471853038
      torsion_friction: 0.5216678906425778
      thickness: 2e-3
  block2:
    shape_props:
      restitution: 0.3
      friction: 0.14983952375562193
      rolling_friction: 0.9335133821606242
      torsion_friction: 0.5690653776852893
      thickness: 2e-3
  block3:
    shape_props:
      restitution: 0.3
      friction: 0.14983952375562193
      rolling_friction: 0.9335133821606242
      torsion_friction: 0.5690653776852893
      thickness: 2e-3