block:
  urdf_path: block28.urdf
  asset_options:
    max_linear_velocity: 10.0
    max_angular_velocity: 40.0
  block1:
    shape_props:
      restitution: 0.3
      friction: 0.46117572352155656
      rolling_friction: 0.5594463232562437
      torsion_friction: 0.2655173158479913
      thickness: 2e-3
  block2:
    shape_props:
      restitution: 0.3
      friction: 0.46117572352155656
      rolling_friction: 0.5594463232562437
      torsion_friction: 0.2655173158479913
      thickness: 2e-3
  block3:
    shape_props:
      restitution: 0.3
      friction: 0.5900594088786941
      rolling_friction: 0.896333911624466
      torsion_friction: 0.3295238979410805
      thickness: 2e-3