block:
  urdf_path: block76.urdf
  asset_options:
    max_linear_velocity: 10.0
    max_angular_velocity: 40.0
  block1:
    shape_props:
      restitution: 0.3
      friction: 0.7927105757073653
      rolling_friction: 0.1116121824981895
      torsion_friction: 0.26209483659193544
      thickness: 2e-3
  block2:
    shape_props:
      restitution: 0.3
      friction: 0.7927105757073653
      rolling_friction: 0.1116121824981895
      torsion_friction: 0.26209483659193544
      thickness: 2e-3
  block3:
    shape_props:
      restitution: 0.3
      friction: 0.7927105757073653
      rolling_friction: 0.1116121824981895
      torsion_friction: 0.26209483659193544
      thickness: 2e-3