block:
  urdf_path: block93.urdf
  asset_options:
    max_linear_velocity: 10.0
    max_angular_velocity: 40.0
  block1:
    shape_props:
      restitution: 0.3
      friction: 0.6936152030800594
      rolling_friction: 0.20219723955233992
      torsion_friction: 0.10280349357028018
      thickness: 2e-3
  block2:
    shape_props:
      restitution: 0.3
      friction: 0.3994941098395105
      rolling_friction: 0.7334286996110229
      torsion_friction: 0.753039162355598
      thickness: 2e-3
  block3:
    shape_props:
      restitution: 0.3
      friction: 0.6936152030800594
      rolling_friction: 0.20219723955233992
      torsion_friction: 0.10280349357028018
      thickness: 2e-3