block:
  urdf_path: block15.urdf
  asset_options:
    max_linear_velocity: 10.0
    max_angular_velocity: 40.0
  block1:
    shape_props:
      restitution: 0.3
      friction: 0.5622299208140981
      rolling_friction: 0.9584550137188602
      torsion_friction: 0.6942995452046354
      thickness: 2e-3
  block2:
    shape_props:
      restitution: 0.3
      friction: 0.31968910537768513
      rolling_friction: 0.9060114222154679
      torsion_friction: 0.06530216282577639
      thickness: 2e-3
  block3:
    shape_props:
      restitution: 0.3
      friction: 0.31968910537768513
      rolling_friction: 0.9060114222154679
      torsion_friction: 0.06530216282577639
      thickness: 2e-3