block:
  urdf_path: block78.urdf
  asset_options:
    max_linear_velocity: 10.0
    max_angular_velocity: 40.0
  block1:
    shape_props:
      restitution: 0.3
      friction: 0.28950068135456175
      rolling_friction: 0.6575080771764752
      torsion_friction: 0.7557911386906192
      thickness: 2e-3
  block2:
    shape_props:
      restitution: 0.3
      friction: 0.32413021229904293
      rolling_friction: 0.43163883892274857
      torsion_friction: 0.029167997264155976
      thickness: 2e-3
  block3:
    shape_props:
      restitution: 0.3
      friction: 0.32413021229904293
      rolling_friction: 0.43163883892274857
      torsion_friction: 0.029167997264155976
      thickness: 2e-3