block:
  urdf_path: block94.urdf
  asset_options:
    max_linear_velocity: 10.0
    max_angular_velocity: 40.0
  block1:
    shape_props:
      restitution: 0.3
      friction: 0.9792155717373852
      rolling_friction: 0.035011576897276075
      torsion_friction: 0.7953700387553508
      thickness: 2e-3
  block2:
    shape_props:
      restitution: 0.3
      friction: 0.9792155717373852
      rolling_friction: 0.035011576897276075
      torsion_friction: 0.7953700387553508
      thickness: 2e-3
  block3:
    shape_props:
      restitution: 0.3
      friction: 0.40882546583643475
      rolling_friction: 0.553570261564056
      torsion_friction: 0.10526556773539619
      thickness: 2e-3