block:
  urdf_path: block9.urdf
  asset_options:
    max_linear_velocity: 10.0
    max_angular_velocity: 40.0
  block1:
    shape_props:
      restitution: 0.3
      friction: 0.395171603048978
      rolling_friction: 0.64692931745454
      torsion_friction: 0.33355736003162795
      thickness: 2e-3
  block2:
    shape_props:
      restitution: 0.3
      friction: 0.7360473463538226
      rolling_friction: 0.474350497316286
      torsion_friction: 0.18854215535264007
      thickness: 2e-3
  block3:
    shape_props:
      restitution: 0.3
      friction: 0.7360473463538226
      rolling_friction: 0.474350497316286
      torsion_friction: 0.18854215535264007
      thickness: 2e-3