block:
  urdf_path: block41.urdf
  asset_options:
    max_linear_velocity: 10.0
    max_angular_velocity: 40.0
  block1:
    shape_props:
      restitution: 0.3
      friction: 0.993723667809812
      rolling_friction: 0.9975956332630853
      torsion_friction: 0.02043068711746976
      thickness: 2e-3
  block2:
    shape_props:
      restitution: 0.3
      friction: 0.993723667809812
      rolling_friction: 0.9975956332630853
      torsion_friction: 0.02043068711746976
      thickness: 2e-3
  block3:
    shape_props:
      restitution: 0.3
      friction: 0.9741576588323568
      rolling_friction: 0.6383849748331878
      torsion_friction: 0.6866943693114456
      thickness: 2e-3