block:
  urdf_path: block66.urdf
  asset_options:
    max_linear_velocity: 10.0
    max_angular_velocity: 40.0
  block1:
    shape_props:
      restitution: 0.3
      friction: 0.6733941773842959
      rolling_friction: 0.48506472983829096
      torsion_friction: 0.036289538425104295
      thickness: 2e-3
  block2:
    shape_props:
      restitution: 0.3
      friction: 0.35574916129876766
      rolling_friction: 0.9998519637712632
      torsion_friction: 0.6827437163495028
      thickness: 2e-3
  block3:
    shape_props:
      restitution: 0.3
      friction: 0.4161849144618507
      rolling_friction: 0.004415260703593216
      torsion_friction: 0.9075596151549399
      thickness: 2e-3