block:
  urdf_path: block91.urdf
  asset_options:
    max_linear_velocity: 10.0
    max_angular_velocity: 40.0
  block1:
    shape_props:
      restitution: 0.3
      friction: 0.14506438434503255
      rolling_friction: 0.15348587840457006
      torsion_friction: 0.0063111022476428635
      thickness: 2e-3
  block2:
    shape_props:
      restitution: 0.3
      friction: 0.14506438434503255
      rolling_friction: 0.15348587840457006
      torsion_friction: 0.0063111022476428635
      thickness: 2e-3
  block3:
    shape_props:
      restitution: 0.3
      friction: 0.5248808401996773
      rolling_friction: 0.5004948631293894
      torsion_friction: 0.8664828199831576
      thickness: 2e-3