block:
  urdf_path: block65.urdf
  asset_options:
    max_linear_velocity: 10.0
    max_angular_velocity: 40.0
  block1:
    shape_props:
      restitution: 0.3
      friction: 0.33992213397063
      rolling_friction: 0.2899911934570044
      torsion_friction: 0.0552249894895146
      thickness: 2e-3
  block2:
    shape_props:
      restitution: 0.3
      friction: 0.32856860790345155
      rolling_friction: 0.25103642802026704
      torsion_friction: 0.03426869801331178
      thickness: 2e-3
  block3:
    shape_props:
      restitution: 0.3
      friction: 0.33992213397063
      rolling_friction: 0.2899911934570044
      torsion_friction: 0.0552249894895146
      thickness: 2e-3