block:
  urdf_path: block57.urdf
  asset_options:
    max_linear_velocity: 10.0
    max_angular_velocity: 40.0
  block1:
    shape_props:
      restitution: 0.3
      friction: 0.2845740257312408
      rolling_friction: 0.7340663999597823
      torsion_friction: 0.549787552662199
      thickness: 2e-3
  block2:
    shape_props:
      restitution: 0.3
      friction: 0.2845740257312408
      rolling_friction: 0.7340663999597823
      torsion_friction: 0.549787552662199
      thickness: 2e-3
  block3:
    shape_props:
      restitution: 0.3
      friction: 0.8659371214926429
      rolling_friction: 0.15419758880649792
      torsion_friction: 0.837930076577132
      thickness: 2e-3