block:
  urdf_path: block38.urdf
  asset_options:
    max_linear_velocity: 10.0
    max_angular_velocity: 40.0
  block1:
    shape_props:
      restitution: 0.3
      friction: 0.16895486882836985
      rolling_friction: 0.797886492140222
      torsion_friction: 0.43805353438835537
      thickness: 2e-3
  block2:
    shape_props:
      restitution: 0.3
      friction: 0.16895486882836985
      rolling_friction: 0.797886492140222
      torsion_friction: 0.43805353438835537
      thickness: 2e-3
  block3:
    shape_props:
      restitution: 0.3
      friction: 0.16895486882836985
      rolling_friction: 0.797886492140222
      torsion_friction: 0.43805353438835537
      thickness: 2e-3