block:
  urdf_path: block88.urdf
  asset_options:
    max_linear_velocity: 10.0
    max_angular_velocity: 40.0
  block1:
    shape_props:
      restitution: 0.3
      friction: 0.4866216662640598
      rolling_friction: 0.7348530686533107
      torsion_friction: 0.2298797478796687
      thickness: 2e-3
  block2:
    shape_props:
      restitution: 0.3
      friction: 0.5933288416017283
      rolling_friction: 0.7032061924011129
      torsion_friction: 0.3857163413609518
      thickness: 2e-3
  block3:
    shape_props:
      restitution: 0.3
      friction: 0.4866216662640598
      rolling_friction: 0.7348530686533107
      torsion_friction: 0.2298797478796687
      thickness: 2e-3