block:
  urdf_path: block59.urdf
  asset_options:
    max_linear_velocity: 10.0
    max_angular_velocity: 40.0
  block1:
    shape_props:
      restitution: 0.3
      friction: 0.004861127437995272
      rolling_friction: 0.5080320642002594
      torsion_friction: 0.7458732349481192
      thickness: 2e-3
  block2:
    shape_props:
      restitution: 0.3
      friction: 0.004861127437995272
      rolling_friction: 0.5080320642002594
      torsion_friction: 0.7458732349481192
      thickness: 2e-3
  block3:
    shape_props:
      restitution: 0.3
      friction: 0.004861127437995272
      rolling_friction: 0.5080320642002594
      torsion_friction: 0.7458732349481192
      thickness: 2e-3