block:
  urdf_path: block28.urdf
  asset_options:
    max_linear_velocity: 10.0
    max_angular_velocity: 40.0
  block1:
    shape_props:
      restitution: 0.3
      friction: 0.6993812162600601
      rolling_friction: 0.10637374503877739
      torsion_friction: 0.9140189837772178
      thickness: 2e-3
  block2:
    shape_props:
      restitution: 0.3
      friction: 0.6333345303220904
      rolling_friction: 0.1075575438318993
      torsion_friction: 0.9367425348568849
      thickness: 2e-3
  block3:
    shape_props:
      restitution: 0.3
      friction: 0.6993812162600601
      rolling_friction: 0.10637374503877739
      torsion_friction: 0.9140189837772178
      thickness: 2e-3