block:
  urdf_path: block8.urdf
  asset_options:
    max_linear_velocity: 10.0
    max_angular_velocity: 40.0
  block1:
    shape_props:
      restitution: 0.3
      friction: 0.3293855842403576
      rolling_friction: 0.1507406253000393
      torsion_friction: 0.2216362836207071
      thickness: 2e-3
  block2:
    shape_props:
      restitution: 0.3
      friction: 0.2364037353805658
      rolling_friction: 0.8545056395255588
      torsion_friction: 0.8525726993220817
      thickness: 2e-3
  block3:
    shape_props:
      restitution: 0.3
      friction: 0.3293855842403576
      rolling_friction: 0.1507406253000393
      torsion_friction: 0.2216362836207071
      thickness: 2e-3