block:
  urdf_path: block81.urdf
  asset_options:
    max_linear_velocity: 10.0
    max_angular_velocity: 40.0
  block1:
    shape_props:
      restitution: 0.3
      friction: 0.20003695346967243
      rolling_friction: 0.6396225318178121
      torsion_friction: 0.42588623510192203
      thickness: 2e-3
  block2:
    shape_props:
      restitution: 0.3
      friction: 0.4224858456957403
      rolling_friction: 0.10584516388286036
      torsion_friction: 0.6752803750171604
      thickness: 2e-3
  block3:
    shape_props:
      restitution: 0.3
      friction: 0.4224858456957403
      rolling_friction: 0.10584516388286036
      torsion_friction: 0.6752803750171604
      thickness: 2e-3