block:
  urdf_path: block70.urdf
  asset_options:
    max_linear_velocity: 10.0
    max_angular_velocity: 40.0
  block1:
    shape_props:
      restitution: 0.3
      friction: 0.9588650232505008
      rolling_friction: 0.9342526152567133
      torsion_friction: 0.3064339574580629
      thickness: 2e-3
  block2:
    shape_props:
      restitution: 0.3
      friction: 0.5520854926574471
      rolling_friction: 0.9065124333061553
      torsion_friction: 0.12573871756134491
      thickness: 2e-3
  block3:
    shape_props:
      restitution: 0.3
      friction: 0.5050240158214813
      rolling_friction: 0.052561587017560196
      torsion_friction: 0.40987645061636013
      thickness: 2e-3