block:
  urdf_path: block5.urdf
  asset_options:
    max_linear_velocity: 10.0
    max_angular_velocity: 40.0
  block1:
    shape_props:
      restitution: 0.3
      friction: 0.12682509043117285
      rolling_friction: 0.5626781527555496
      torsion_friction: 0.010068673673054529
      thickness: 2e-3
  block2:
    shape_props:
      restitution: 0.3
      friction: 0.12682509043117285
      rolling_friction: 0.5626781527555496
      torsion_friction: 0.010068673673054529
      thickness: 2e-3
  block3:
    shape_props:
      restitution: 0.3
      friction: 0.7419924549850624
      rolling_friction: 0.5143393062562361
      torsion_friction: 0.4732355136000844
      thickness: 2e-3