block:
  urdf_path: block34.urdf
  asset_options:
    max_linear_velocity: 10.0
    max_angular_velocity: 40.0
  block1:
    shape_props:
      restitution: 0.3
      friction: 0.6909136525574954
      rolling_friction: 0.9567409485124385
      torsion_friction: 0.8134411219194416
      thickness: 2e-3
  block2:
    shape_props:
      restitution: 0.3
      friction: 0.4231174325536625
      rolling_friction: 0.2572229696067223
      torsion_friction: 0.8987342673743456
      thickness: 2e-3
  block3:
    shape_props:
      restitution: 0.3
      friction: 0.30048782184782785
      rolling_friction: 0.418941162982145
      torsion_friction: 0.6503861915058136
      thickness: 2e-3