block:
  urdf_path: block25.urdf
  asset_options:
    max_linear_velocity: 10.0
    max_angular_velocity: 40.0
  block1:
    shape_props:
      restitution: 0.3
      friction: 0.7804945829157504
      rolling_friction: 0.42816519901390404
      torsion_friction: 0.5344329413321636
      thickness: 2e-3
  block2:
    shape_props:
      restitution: 0.3
      friction: 0.7804945829157504
      rolling_friction: 0.42816519901390404
      torsion_friction: 0.5344329413321636
      thickness: 2e-3
  block3:
    shape_props:
      restitution: 0.3
      friction: 0.7804945829157504
      rolling_friction: 0.42816519901390404
      torsion_friction: 0.5344329413321636
      thickness: 2e-3