block:
  urdf_path: block4.urdf
  asset_options:
    max_linear_velocity: 10.0
    max_angular_velocity: 40.0
  block1:
    shape_props:
      restitution: 0.3
      friction: 0.19497263968577705
      rolling_friction: 0.004654543856373872
      torsion_friction: 0.37372476200639126
      thickness: 2e-3
  block2:
    shape_props:
      restitution: 0.3
      friction: 0.19497263968577705
      rolling_friction: 0.004654543856373872
      torsion_friction: 0.37372476200639126
      thickness: 2e-3
  block3:
    shape_props:
      restitution: 0.3
      friction: 0.19497263968577705
      rolling_friction: 0.004654543856373872
      torsion_friction: 0.37372476200639126
      thickness: 2e-3