block:
  urdf_path: block62.urdf
  asset_options:
    max_linear_velocity: 10.0
    max_angular_velocity: 40.0
  block1:
    shape_props:
      restitution: 0.3
      friction: 0.07287577462465489
      rolling_friction: 0.3148703717663217
      torsion_friction: 0.23690528888946505
      thickness: 2e-3
  block2:
    shape_props:
      restitution: 0.3
      friction: 0.07287577462465489
      rolling_friction: 0.3148703717663217
      torsion_friction: 0.23690528888946505
      thickness: 2e-3
  block3:
    shape_props:
      restitution: 0.3
      friction: 0.07287577462465489
      rolling_friction: 0.3148703717663217
      torsion_friction: 0.23690528888946505
      thickness: 2e-3