block:
  urdf_path: block3.urdf
  asset_options:
    max_linear_velocity: 10.0
    max_angular_velocity: 40.0
  block1:
    shape_props:
      restitution: 0.3
      friction: 0.5484469695181892
      rolling_friction: 0.36211446490515065
      torsion_friction: 0.16084163050926625
      thickness: 2e-3
  block2:
    shape_props:
      restitution: 0.3
      friction: 0.5484469695181892
      rolling_friction: 0.36211446490515065
      torsion_friction: 0.16084163050926625
      thickness: 2e-3
  block3:
    shape_props:
      restitution: 0.3
      friction: 0.5484469695181892
      rolling_friction: 0.36211446490515065
      torsion_friction: 0.16084163050926625
      thickness: 2e-3