block:
  urdf_path: block41.urdf
  asset_options:
    max_linear_velocity: 10.0
    max_angular_velocity: 40.0
  block1:
    shape_props:
      restitution: 0.3
      friction: 0.5796523685997889
      rolling_friction: 0.3835094166392199
      torsion_friction: 0.7473315282887865
      thickness: 2e-3
  block2:
    shape_props:
      restitution: 0.3
      friction: 0.9036326362891675
      rolling_friction: 0.8263698151246421
      torsion_friction: 0.6300225734798054
      thickness: 2e-3
  block3:
    shape_props:
      restitution: 0.3
      friction: 0.9036326362891675
      rolling_friction: 0.8263698151246421
      torsion_friction: 0.6300225734798054
      thickness: 2e-3