block:
  urdf_path: block32.urdf
  asset_options:
    max_linear_velocity: 10.0
    max_angular_velocity: 40.0
  block1:
    shape_props:
      restitution: 0.3
      friction: 0.37384819108943446
      rolling_friction: 0.2042958580769021
      torsion_friction: 0.9010134594688475
      thickness: 2e-3
  block2:
    shape_props:
      restitution: 0.3
      friction: 0.37384819108943446
      rolling_friction: 0.2042958580769021
      torsion_friction: 0.9010134594688475
      thickness: 2e-3
  block3:
    shape_props:
      restitution: 0.3
      friction: 0.37384819108943446
      rolling_friction: 0.2042958580769021
      torsion_friction: 0.9010134594688475
      thickness: 2e-3