block:
  urdf_path: block85.urdf
  asset_options:
    max_linear_velocity: 10.0
    max_angular_velocity: 40.0
  block1:
    shape_props:
      restitution: 0.3
      friction: 0.33116164989977404
      rolling_friction: 0.831035545270155
      torsion_friction: 0.7444784939049671
      thickness: 2e-3
  block2:
    shape_props:
      restitution: 0.3
      friction: 0.33116164989977404
      rolling_friction: 0.831035545270155
      torsion_friction: 0.7444784939049671
      thickness: 2e-3
  block3:
    shape_props:
      restitution: 0.3
      friction: 0.33116164989977404
      rolling_friction: 0.831035545270155
      torsion_friction: 0.7444784939049671
      thickness: 2e-3