block:
  urdf_path: block67.urdf
  asset_options:
    max_linear_velocity: 10.0
    max_angular_velocity: 40.0
  block1:
    shape_props:
      restitution: 0.3
      friction: 0.03152905783114035
      rolling_friction: 0.2290557953046689
      torsion_friction: 0.6596794397947775
      thickness: 2e-3
  block2:
    shape_props:
      restitution: 0.3
      friction: 0.07527411706750087
      rolling_friction: 0.16693121678675948
      torsion_friction: 0.5256714323081476
      thickness: 2e-3
  block3:
    shape_props:
      restitution: 0.3
      friction: 0.07527411706750087
      rolling_friction: 0.16693121678675948
      torsion_friction: 0.5256714323081476
      thickness: 2e-3