block:
  urdf_path: block72.urdf
  asset_options:
    max_linear_velocity: 10.0
    max_angular_velocity: 40.0
  block1:
    shape_props:
      restitution: 0.3
      friction: 0.18400895787735339
      rolling_friction: 0.8085967244366484
      torsion_friction: 0.8216999874301669
      thickness: 2e-3
  block2:
    shape_props:
      restitution: 0.3
      friction: 0.18400895787735339
      rolling_friction: 0.8085967244366484
      torsion_friction: 0.8216999874301669
      thickness: 2e-3
  block3:
    shape_props:
      restitution: 0.3
      friction: 0.18400895787735339
      rolling_friction: 0.8085967244366484
      torsion_friction: 0.8216999874301669
      thickness: 2e-3