block:
  urdf_path: block71.urdf
  asset_options:
    max_linear_velocity: 10.0
    max_angular_velocity: 40.0
  block1:
    shape_props:
      restitution: 0.3
      friction: 0.5742933113841867
      rolling_friction: 0.8961794475972132
      torsion_friction: 0.504298712761467
      thickness: 2e-3
  block2:
    shape_props:
      restitution: 0.3
      friction: 0.19028328573869746
      rolling_friction: 0.1713536569007913
      torsion_friction: 0.5019322311415452
      thickness: 2e-3
  block3:
    shape_props:
      restitution: 0.3
      friction: 0.5742933113841867
      rolling_friction: 0.8961794475972132
      torsion_friction: 0.504298712761467
      thickness: 2e-3