block:
  urdf_path: block2.urdf
  asset_options:
    max_linear_velocity: 10.0
    max_angular_velocity: 40.0
  block1:
    shape_props:
      restitution: 0.3
      friction: 0.9358019955879291
      rolling_friction: 0.24063379498852666
      torsion_friction: 0.589758719881645
      thickness: 2e-3
  block2:
    shape_props:
      restitution: 0.3
      friction: 0.7767203016760518
      rolling_friction: 0.6555866101538416
      torsion_friction: 0.4199168472277278
      thickness: 2e-3
  block3:
    shape_props:
      restitution: 0.3
      friction: 0.7767203016760518
      rolling_friction: 0.6555866101538416
      torsion_friction: 0.4199168472277278
      thickness: 2e-3