block:
  urdf_path: block46.urdf
  asset_options:
    max_linear_velocity: 10.0
    max_angular_velocity: 40.0
  block1:
    shape_props:
      restitution: 0.3
      friction: 0.21460539217361851
      rolling_friction: 0.029778397061777984
      torsion_friction: 0.8449459037380512
      thickness: 2e-3
  block2:
    shape_props:
      restitution: 0.3
      friction: 0.9413188973801092
      rolling_friction: 0.33367640719733804
      torsion_friction: 0.1769578461084197
      thickness: 2e-3
  block3:
    shape_props:
      restitution: 0.3
      friction: 0.21460539217361851
      rolling_friction: 0.029778397061777984
      torsion_friction: 0.8449459037380512
      thickness: 2e-3