block:
  urdf_path: block36.urdf
  asset_options:
    max_linear_velocity: 10.0
    max_angular_velocity: 40.0
  block1:
    shape_props:
      restitution: 0.3
      friction: 0.9808781602851893
      rolling_friction: 0.24078307129733467
      torsion_friction: 0.41392005531139164
      thickness: 2e-3
  block2:
    shape_props:
      restitution: 0.3
      friction: 0.37507759705622734
      rolling_friction: 0.49590326036440213
      torsion_friction: 0.9120646437814249
      thickness: 2e-3
  block3:
    shape_props:
      restitution: 0.3
      friction: 0.37507759705622734
      rolling_friction: 0.49590326036440213
      torsion_friction: 0.9120646437814249
      thickness: 2e-3