block:
  urdf_path: block88.urdf
  asset_options:
    max_linear_velocity: 10.0
    max_angular_velocity: 40.0
  block1:
    shape_props:
      restitution: 0.3
      friction: 0.8856991301314089
      rolling_friction: 0.8151802375061771
      torsion_friction: 0.24526724420807366
      thickness: 2e-3
  block2:
    shape_props:
      restitution: 0.3
      friction: 0.04409286026072945
      rolling_friction: 0.34066714395089026
      torsion_friction: 0.7697642694688815
      thickness: 2e-3
  block3:
    shape_props:
      restitution: 0.3
      friction: 0.04409286026072945
      rolling_friction: 0.34066714395089026
      torsion_friction: 0.7697642694688815
      thickness: 2e-3