block:
  urdf_path: block8.urdf
  asset_options:
    max_linear_velocity: 10.0
    max_angular_velocity: 40.0
  block1:
    shape_props:
      restitution: 0.3
      friction: 0.7075539424764364
      rolling_friction: 0.72713016418664
      torsion_friction: 0.7076739964255523
      thickness: 2e-3
  block2:
    shape_props:
      restitution: 0.3
      friction: 0.7075539424764364
      rolling_friction: 0.72713016418664
      torsion_friction: 0.7076739964255523
      thickness: 2e-3
  block3:
    shape_props:
      restitution: 0.3
      friction: 0.7075539424764364
      rolling_friction: 0.72713016418664
      torsion_friction: 0.7076739964255523
      thickness: 2e-3