block:
  urdf_path: block35.urdf
  asset_options:
    max_linear_velocity: 10.0
    max_angular_velocity: 40.0
  block1:
    shape_props:
      restitution: 0.3
      friction: 0.3632887608069426
      rolling_friction: 0.9472552186706963
      torsion_friction: 0.9769888609280791
      thickness: 2e-3
  block2:
    shape_props:
      restitution: 0.3
      friction: 0.7837268803354249
      rolling_friction: 0.5988727723152824
      torsion_friction: 0.43920581748562126
      thickness: 2e-3
  block3:
    shape_props:
      restitution: 0.3
      friction: 0.3632887608069426
      rolling_friction: 0.9472552186706963
      torsion_friction: 0.9769888609280791
      thickness: 2e-3