block:
  urdf_path: block40.urdf
  asset_options:
    max_linear_velocity: 10.0
    max_angular_velocity: 40.0
  block1:
    shape_props:
      restitution: 0.3
      friction: 0.1551097336194931
      rolling_friction: 0.08876404780988911
      torsion_friction: 0.8996076623361667
      thickness: 2e-3
  block2:
    shape_props:
      restitution: 0.3
      friction: 0.25400759908196635
      rolling_friction: 0.28070858805300825
      torsion_friction: 0.08338308405724149
      thickness: 2e-3
  block3:
    shape_props:
      restitution: 0.3
      friction: 0.6202987346702586
      rolling_friction: 0.583267804718655
      torsion_friction: 0.9916874662323439
      thickness: 2e-3