block:
  urdf_path: block60.urdf
  asset_options:
    max_linear_velocity: 10.0
    max_angular_velocity: 40.0
  block1:
    shape_props:
      restitution: 0.3
      friction: 0.07584522889125589
      rolling_friction: 0.2005662891148331
      torsion_friction: 0.4193081464730064
      thickness: 2e-3
  block2:
    shape_props:
      restitution: 0.3
      friction: 0.7195529071920117
      rolling_friction: 0.6923825078707759
      torsion_friction: 0.24259103874579502
      thickness: 2e-3
  block3:
    shape_props:
      restitution: 0.3
      friction: 0.01893732111782942
      rolling_friction: 0.0776494227961122
      torsion_friction: 0.6004831180395024
      thickness: 2e-3