block:
  urdf_path: block33.urdf
  asset_options:
    max_linear_velocity: 10.0
    max_angular_velocity: 40.0
  block1:
    shape_props:
      restitution: 0.3
      friction: 0.28254063203238367
      rolling_friction: 0.1549313689451507
      torsion_friction: 0.5283367726432835
      thickness: 2e-3
  block2:
    shape_props:
      restitution: 0.3
      friction: 0.5882974347807481
      rolling_friction: 0.3641718104067341
      torsion_friction: 0.02366083309594691
      thickness: 2e-3
  block3:
    shape_props:
      restitution: 0.3
      friction: 0.28254063203238367
      rolling_friction: 0.1549313689451507
      torsion_friction: 0.5283367726432835
      thickness: 2e-3