block:
  urdf_path: block69.urdf
  asset_options:
    max_linear_velocity: 10.0
    max_angular_velocity: 40.0
  block1:
    shape_props:
      restitution: 0.3
      friction: 0.6204001122467417
      rolling_friction: 0.4091953260607115
      torsion_friction: 0.38060562297083644
      thickness: 2e-3
  block2:
    shape_props:
      restitution: 0.3
      friction: 0.6204001122467417
      rolling_friction: 0.4091953260607115
      torsion_friction: 0.38060562297083644
      thickness: 2e-3
  block3:
    shape_props:
      restitution: 0.3
      friction: 0.6204001122467417
      rolling_friction: 0.4091953260607115
      torsion_friction: 0.38060562297083644
      thickness: 2e-3