block:
  urdf_path: block19.urdf
  asset_options:
    max_linear_velocity: 10.0
    max_angular_velocity: 40.0
  block1:
    shape_props:
      restitution: 0.3
      friction: 0.8109551234745608
      rolling_friction: 0.46976490071877963
      torsion_friction: 0.9075627795123926
      thickness: 2e-3
  block2:
    shape_props:
      restitution: 0.3
      friction: 0.8109551234745608
      rolling_friction: 0.46976490071877963
      torsion_friction: 0.9075627795123926
      thickness: 2e-3
  block3:
    shape_props:
      restitution: 0.3
      friction: 0.8109551234745608
      rolling_friction: 0.46976490071877963
      torsion_friction: 0.9075627795123926
      thickness: 2e-3