block:
  urdf_path: block11.urdf
  asset_options:
    max_linear_velocity: 10.0
    max_angular_velocity: 40.0
  block1:
    shape_props:
      restitution: 0.3
      friction: 0.7289101178912363
      rolling_friction: 0.5657477037030517
      torsion_friction: 0.8096066812259781
      thickness: 2e-3
  block2:
    shape_props:
      restitution: 0.3
      friction: 0.9551703798609467
      rolling_friction: 0.35946387803173463
      torsion_friction: 0.37475449509625847
      thickness: 2e-3
  block3:
    shape_props:
      restitution: 0.3
      friction: 0.9551703798609467
      rolling_friction: 0.35946387803173463
      torsion_friction: 0.37475449509625847
      thickness: 2e-3