block:
  urdf_path: block87.urdf
  asset_options:
    max_linear_velocity: 10.0
    max_angular_velocity: 40.0
  block1:
    shape_props:
      restitution: 0.3
      friction: 0.7998076243952578
      rolling_friction: 0.6486078838822034
      torsion_friction: 0.577224400480967
      thickness: 2e-3
  block2:
    shape_props:
      restitution: 0.3
      friction: 0.5021132161532729
      rolling_friction: 0.7436031073123621
      torsion_friction: 0.47484808394185285
      thickness: 2e-3
  block3:
    shape_props:
      restitution: 0.3
      friction: 0.7998076243952578
      rolling_friction: 0.6486078838822034
      torsion_friction: 0.577224400480967
      thickness: 2e-3