block:
  urdf_path: block1.urdf
  asset_options:
    max_linear_velocity: 10.0
    max_angular_velocity: 40.0
  block1:
    shape_props:
      restitution: 0.3
      friction: 0.6413570364247911
      rolling_friction: 0.3775579529752734
      torsion_friction: 0.8256586232072944
      thickness: 2e-3
  block2:
    shape_props:
      restitution: 0.3
      friction: 0.6413570364247911
      rolling_friction: 0.3775579529752734
      torsion_friction: 0.8256586232072944
      thickness: 2e-3
  block3:
    shape_props:
      restitution: 0.3
      friction: 0.3645427179564905
      rolling_friction: 0.4836707318116057
      torsion_friction: 0.9269023168837939
      thickness: 2e-3