block:
  urdf_path: block86.urdf
  asset_options:
    max_linear_velocity: 10.0
    max_angular_velocity: 40.0
  block1:
    shape_props:
      restitution: 0.3
      friction: 0.21014241550974766
      rolling_friction: 0.4759200538483538
      torsion_friction: 0.823289453796597
      thickness: 2e-3
  block2:
    shape_props:
      restitution: 0.3
      friction: 0.21014241550974766
      rolling_friction: 0.4759200538483538
      torsion_friction: 0.823289453796597
      thickness: 2e-3
  block3:
    shape_props:
      restitution: 0.3
      friction: 0.21014241550974766
      rolling_friction: 0.4759200538483538
      torsion_friction: 0.823289453796597
      thickness: 2e-3