block:
  urdf_path: block98.urdf
  asset_options:
    max_linear_velocity: 10.0
    max_angular_velocity: 40.0
  block1:
    shape_props:
      restitution: 0.3
      friction: 0.48221290225236757
      rolling_friction: 0.9255641409058479
      torsion_friction: 0.74746055471588
      thickness: 2e-3
  block2:
    shape_props:
      restitution: 0.3
      friction: 0.48221290225236757
      rolling_friction: 0.9255641409058479
      torsion_friction: 0.74746055471588
      thickness: 2e-3
  block3:
    shape_props:
      restitution: 0.3
      friction: 0.48221290225236757
      rolling_friction: 0.9255641409058479
      torsion_friction: 0.74746055471588
      thickness: 2e-3