block:
  urdf_path: block50.urdf
  asset_options:
    max_linear_velocity: 10.0
    max_angular_velocity: 40.0
  block1:
    shape_props:
      restitution: 0.3
      friction: 0.5249763206600319
      rolling_friction: 0.7129443640771019
      torsion_friction: 0.643081418096702
      thickness: 2e-3
  block2:
    shape_props:
      restitution: 0.3
      friction: 0.5249763206600319
      rolling_friction: 0.7129443640771019
      torsion_friction: 0.643081418096702
      thickness: 2e-3
  block3:
    shape_props:
      restitution: 0.3
      friction: 0.5249763206600319
      rolling_friction: 0.7129443640771019
      torsion_friction: 0.643081418096702
      thickness: 2e-3