block:
  urdf_path: block95.urdf
  asset_options:
    max_linear_velocity: 10.0
    max_angular_velocity: 40.0
  block1:
    shape_props:
      restitution: 0.3
      friction: 0.5883435483985338
      rolling_friction: 0.11434413062458837
      torsion_friction: 0.0689859980640708
      thickness: 2e-3
  block2:
    shape_props:
      restitution: 0.3
      friction: 0.5883435483985338
      rolling_friction: 0.11434413062458837
      torsion_friction: 0.0689859980640708
      thickness: 2e-3
  block3:
    shape_props:
      restitution: 0.3
      friction: 0.5883435483985338
      rolling_friction: 0.11434413062458837
      torsion_friction: 0.0689859980640708
      thickness: 2e-3