block:
  urdf_path: block7.urdf
  asset_options:
    max_linear_velocity: 10.0
    max_angular_velocity: 40.0
  block1:
    shape_props:
      restitution: 0.3
      friction: 0.3679583480146005
      rolling_friction: 0.5940010783676636
      torsion_friction: 0.9233029804963085
      thickness: 2e-3
  block2:
    shape_props:
      restitution: 0.3
      friction: 0.3679583480146005
      rolling_friction: 0.5940010783676636
      torsion_friction: 0.9233029804963085
      thickness: 2e-3
  block3:
    shape_props:
      restitution: 0.3
      friction: 0.3679583480146005
      rolling_friction: 0.5940010783676636
      torsion_friction: 0.9233029804963085
      thickness: 2e-3