block:
  urdf_path: block43.urdf
  asset_options:
    max_linear_velocity: 10.0
    max_angular_velocity: 40.0
  block1:
    shape_props:
      restitution: 0.3
      friction: 0.6824402088181648
      rolling_friction: 0.9528823141343902
      torsion_friction: 0.6178022439206089
      thickness: 2e-3
  block2:
    shape_props:
      restitution: 0.3
      friction: 0.6824402088181648
      rolling_friction: 0.9528823141343902
      torsion_friction: 0.6178022439206089
      thickness: 2e-3
  block3:
    shape_props:
      restitution: 0.3
      friction: 0.6824402088181648
      rolling_friction: 0.9528823141343902
      torsion_friction: 0.6178022439206089
      thickness: 2e-3