block:
  urdf_path: block32.urdf
  asset_options:
    max_linear_velocity: 10.0
    max_angular_velocity: 40.0
  block1:
    shape_props:
      restitution: 0.3
      friction: 0.16976930840812254
      rolling_friction: 0.6241748654403756
      torsion_friction: 0.9023723856089634
      thickness: 2e-3
  block2:
    shape_props:
      restitution: 0.3
      friction: 0.16976930840812254
      rolling_friction: 0.6241748654403756
      torsion_friction: 0.9023723856089634
      thickness: 2e-3
  block3:
    shape_props:
      restitution: 0.3
      friction: 0.16976930840812254
      rolling_friction: 0.6241748654403756
      torsion_friction: 0.9023723856089634
      thickness: 2e-3