block:
  urdf_path: block39.urdf
  asset_options:
    max_linear_velocity: 10.0
    max_angular_velocity: 40.0
  block1:
    shape_props:
      restitution: 0.3
      friction: 0.5519497114057363
      rolling_friction: 0.2509348436757157
      torsion_friction: 0.18567754044116225
      thickness: 2e-3
  block2:
    shape_props:
      restitution: 0.3
      friction: 0.5519497114057363
      rolling_friction: 0.2509348436757157
      torsion_friction: 0.18567754044116225
      thickness: 2e-3
  block3:
    shape_props:
      restitution: 0.3
      friction: 0.5519497114057363
      rolling_friction: 0.2509348436757157
      torsion_friction: 0.18567754044116225
      thickness: 2e-3