block:
  urdf_path: block31.urdf
  asset_options:
    max_linear_velocity: 10.0
    max_angular_velocity: 40.0
  block1:
    shape_props:
      restitution: 0.3
      friction: 0.7829630123698291
      rolling_friction: 0.9694939442761422
      torsion_friction: 0.28115805616521916
      thickness: 2e-3
  block2:
    shape_props:
      restitution: 0.3
      friction: 0.7829630123698291
      rolling_friction: 0.9694939442761422
      torsion_friction: 0.28115805616521916
      thickness: 2e-3
  block3:
    shape_props:
      restitution: 0.3
      friction: 0.7829630123698291
      rolling_friction: 0.9694939442761422
      torsion_friction: 0.28115805616521916
      thickness: 2e-3