block:
  urdf_path: block46.urdf
  asset_options:
    max_linear_velocity: 10.0
    max_angular_velocity: 40.0
  block1:
    shape_props:
      restitution: 0.3
      friction: 0.4058296762057565
      rolling_friction: 0.9248992405690434
      torsion_friction: 0.56676451048855
      thickness: 2e-3
  block2:
    shape_props:
      restitution: 0.3
      friction: 0.4058296762057565
      rolling_friction: 0.9248992405690434
      torsion_friction: 0.56676451048855
      thickness: 2e-3
  block3:
    shape_props:
      restitution: 0.3
      friction: 0.4058296762057565
      rolling_friction: 0.9248992405690434
      torsion_friction: 0.56676451048855
      thickness: 2e-3