block:
  urdf_path: block69.urdf
  asset_options:
    max_linear_velocity: 10.0
    max_angular_velocity: 40.0
  block1:
    shape_props:
      restitution: 0.3
      friction: 0.5227385508389465
      rolling_friction: 0.730202418818668
      torsion_friction: 0.5373272931523688
      thickness: 2e-3
  block2:
    shape_props:
      restitution: 0.3
      friction: 0.5227385508389465
      rolling_friction: 0.730202418818668
      torsion_friction: 0.5373272931523688
      thickness: 2e-3
  block3:
    shape_props:
      restitution: 0.3
      friction: 0.5227385508389465
      rolling_friction: 0.730202418818668
      torsion_friction: 0.5373272931523688
      thickness: 2e-3