block:
  urdf_path: block61.urdf
  asset_options:
    max_linear_velocity: 10.0
    max_angular_velocity: 40.0
  block1:
    shape_props:
      restitution: 0.3
      friction: 0.05796283668391855
      rolling_friction: 0.8504176576938329
      torsion_friction: 0.44544031906772485
      thickness: 2e-3
  block2:
    shape_props:
      restitution: 0.3
      friction: 0.05796283668391855
      rolling_friction: 0.8504176576938329
      torsion_friction: 0.44544031906772485
      thickness: 2e-3
  block3:
    shape_props:
      restitution: 0.3
      friction: 0.05796283668391855
      rolling_friction: 0.8504176576938329
      torsion_friction: 0.44544031906772485
      thickness: 2e-3