block:
  urdf_path: block16.urdf
  asset_options:
    max_linear_velocity: 10.0
    max_angular_velocity: 40.0
  block1:
    shape_props:
      restitution: 0.3
      friction: 0.776049740414
      rolling_friction: 0.287928461359652
      torsion_friction: 0.7609763585927136
      thickness: 2e-3
  block2:
    shape_props:
      restitution: 0.3
      friction: 0.776049740414
      rolling_friction: 0.287928461359652
      torsion_friction: 0.7609763585927136
      thickness: 2e-3
  block3:
    shape_props:
      restitution: 0.3
      friction: 0.776049740414
      rolling_friction: 0.287928461359652
      torsion_friction: 0.7609763585927136
      thickness: 2e-3