block:
  urdf_path: block87.urdf
  asset_options:
    max_linear_velocity: 10.0
    max_angular_velocity: 40.0
  block1:
    shape_props:
      restitution: 0.3
      friction: 0.890711281041374
      rolling_friction: 0.0163326956110611
      torsion_friction: 0.355424234597397
      thickness: 2e-3
  block2:
    shape_props:
      restitution: 0.3
      friction: 0.890711281041374
      rolling_friction: 0.0163326956110611
      torsion_friction: 0.355424234597397
      thickness: 2e-3
  block3:
    shape_props:
      restitution: 0.3
      friction: 0.890711281041374
      rolling_friction: 0.0163326956110611
      torsion_friction: 0.355424234597397
      thickness: 2e-3