block:
  urdf_path: block2.urdf
  asset_options:
    max_linear_velocity: 10.0
    max_angular_velocity: 40.0
  block1:
    shape_props:
      restitution: 0.3
      friction: 0.1481954045209447
      rolling_friction: 0.6663530315647533
      torsion_friction: 0.5630427562450814
      thickness: 2e-3
  block2:
    shape_props:
      restitution: 0.3
      friction: 0.1481954045209447
      rolling_friction: 0.6663530315647533
      torsion_friction: 0.5630427562450814
      thickness: 2e-3
  block3:
    shape_props:
      restitution: 0.3
      friction: 0.1481954045209447
      rolling_friction: 0.6663530315647533
      torsion_friction: 0.5630427562450814
      thickness: 2e-3