block:
  urdf_path: block81.urdf
  asset_options:
    max_linear_velocity: 10.0
    max_angular_velocity: 40.0
  block1:
    shape_props:
      restitution: 0.3
      friction: 0.18962826021265067
      rolling_friction: 0.7336255672662371
      torsion_friction: 0.21893624453319283
      thickness: 2e-3
  block2:
    shape_props:
      restitution: 0.3
      friction: 0.18962826021265067
      rolling_friction: 0.7336255672662371
      torsion_friction: 0.21893624453319283
      thickness: 2e-3
  block3:
    shape_props:
      restitution: 0.3
      friction: 0.18962826021265067
      rolling_friction: 0.7336255672662371
      torsion_friction: 0.21893624453319283
      thickness: 2e-3