block:
  urdf_path: block71.urdf
  asset_options:
    max_linear_velocity: 10.0
    max_angular_velocity: 40.0
  block1:
    shape_props:
      restitution: 0.3
      friction: 0.16463020793313465
      rolling_friction: 0.22056073290829015
      torsion_friction: 0.28357170170044854
      thickness: 2e-3
  block2:
    shape_props:
      restitution: 0.3
      friction: 0.16463020793313465
      rolling_friction: 0.22056073290829015
      torsion_friction: 0.28357170170044854
      thickness: 2e-3
  block3:
    shape_props:
      restitution: 0.3
      friction: 0.16463020793313465
      rolling_friction: 0.22056073290829015
      torsion_friction: 0.28357170170044854
      thickness: 2e-3