block:
  urdf_path: block20.urdf
  asset_options:
    max_linear_velocity: 10.0
    max_angular_velocity: 40.0
  block1:
    shape_props:
      restitution: 0.3
      friction: 0.00758917012872351
      rolling_friction: 0.14499315943395508
      torsion_friction: 0.5494533635670336
      thickness: 2e-3
  block2:
    shape_props:
      restitution: 0.3
      friction: 0.00758917012872351
      rolling_friction: 0.14499315943395508
      torsion_friction: 0.5494533635670336
      thickness: 2e-3
  block3:
    shape_props:
      restitution: 0.3
      friction: 0.00758917012872351
      rolling_friction: 0.14499315943395508
      torsion_friction: 0.5494533635670336
      thickness: 2e-3