block:
  urdf_path: block82.urdf
  asset_options:
    max_linear_velocity: 10.0
    max_angular_velocity: 40.0
  block1:
    shape_props:
      restitution: 0.3
      friction: 0.7883292810844081
      rolling_friction: 0.5358297204619968
      torsion_friction: 0.49050523951408576
      thickness: 2e-3
  block2:
    shape_props:
      restitution: 0.3
      friction: 0.7883292810844081
      rolling_friction: 0.5358297204619968
      torsion_friction: 0.49050523951408576
      thickness: 2e-3
  block3:
    shape_props:
      restitution: 0.3
      friction: 0.7883292810844081
      rolling_friction: 0.5358297204619968
      torsion_friction: 0.49050523951408576
      thickness: 2e-3