block:
  urdf_path: block47.urdf
  asset_options:
    max_linear_velocity: 10.0
    max_angular_velocity: 40.0
  block1:
    shape_props:
      restitution: 0.3
      friction: 0.06819092136402927
      rolling_friction: 0.8829738553203251
      torsion_friction: 0.39022181735598593
      thickness: 2e-3
  block2:
    shape_props:
      restitution: 0.3
      friction: 0.06819092136402927
      rolling_friction: 0.8829738553203251
      torsion_friction: 0.39022181735598593
      thickness: 2e-3
  block3:
    shape_props:
      restitution: 0.3
      friction: 0.06819092136402927
      rolling_friction: 0.8829738553203251
      torsion_friction: 0.39022181735598593
      thickness: 2e-3