block:
  urdf_path: block1.urdf
  asset_options:
    max_linear_velocity: 10.0
    max_angular_velocity: 40.0
  block1:
    shape_props:
      restitution: 0.3
      friction: 0.6946963884803676
      rolling_friction: 0.6238337156899864
      torsion_friction: 0.3938979985307116
      thickness: 2e-3
  block2:
    shape_props:
      restitution: 0.3
      friction: 0.6946963884803676
      rolling_friction: 0.6238337156899864
      torsion_friction: 0.3938979985307116
      thickness: 2e-3
  block3:
    shape_props:
      restitution: 0.3
      friction: 0.6946963884803676
      rolling_friction: 0.6238337156899864
      torsion_friction: 0.3938979985307116
      thickness: 2e-3