block:
  urdf_path: block44.urdf
  asset_options:
    max_linear_velocity: 10.0
    max_angular_velocity: 40.0
  block1:
    shape_props:
      restitution: 0.3
      friction: 0.8919296765560122
      rolling_friction: 0.23977724078336993
      torsion_friction: 0.7391307920450568
      thickness: 2e-3
  block2:
    shape_props:
      restitution: 0.3
      friction: 0.8919296765560122
      rolling_friction: 0.23977724078336993
      torsion_friction: 0.7391307920450568
      thickness: 2e-3
  block3:
    shape_props:
      restitution: 0.3
      friction: 0.8919296765560122
      rolling_friction: 0.23977724078336993
      torsion_friction: 0.7391307920450568
      thickness: 2e-3