block:
  urdf_path: block77.urdf
  asset_options:
    max_linear_velocity: 10.0
    max_angular_velocity: 40.0
  block1:
    shape_props:
      restitution: 0.3
      friction: 0.37569906998277836
      rolling_friction: 0.8404838528841981
      torsion_friction: 0.7664599271914413
      thickness: 2e-3
  block2:
    shape_props:
      restitution: 0.3
      friction: 0.37569906998277836
      rolling_friction: 0.8404838528841981
      torsion_friction: 0.7664599271914413
      thickness: 2e-3
  block3:
    shape_props:
      restitution: 0.3
      friction: 0.37569906998277836
      rolling_friction: 0.8404838528841981
      torsion_friction: 0.7664599271914413
      thickness: 2e-3