block:
  urdf_path: block28.urdf
  asset_options:
    max_linear_velocity: 10.0
    max_angular_velocity: 40.0
  block1:
    shape_props:
      restitution: 0.3
      friction: 0.6657745879906268
      rolling_friction: 0.5608037226211287
      torsion_friction: 0.3896608667606184
      thickness: 2e-3
  block2:
    shape_props:
      restitution: 0.3
      friction: 0.6657745879906268
      rolling_friction: 0.5608037226211287
      torsion_friction: 0.3896608667606184
      thickness: 2e-3
  block3:
    shape_props:
      restitution: 0.3
      friction: 0.6657745879906268
      rolling_friction: 0.5608037226211287
      torsion_friction: 0.3896608667606184
      thickness: 2e-3