block:
  urdf_path: block36.urdf
  asset_options:
    max_linear_velocity: 10.0
    max_angular_velocity: 40.0
  block1:
    shape_props:
      restitution: 0.3
      friction: 0.57108435235303
      rolling_friction: 0.18844781030751034
      torsion_friction: 0.024507269692373157
      thickness: 2e-3
  block2:
    shape_props:
      restitution: 0.3
      friction: 0.57108435235303
      rolling_friction: 0.18844781030751034
      torsion_friction: 0.024507269692373157
      thickness: 2e-3
  block3:
    shape_props:
      restitution: 0.3
      friction: 0.57108435235303
      rolling_friction: 0.18844781030751034
      torsion_friction: 0.024507269692373157
      thickness: 2e-3