block:
  urdf_path: block0.urdf
  asset_options:
    max_linear_velocity: 10.0
    max_angular_velocity: 40.0
  block1:
    shape_props:
      restitution: 0.3
      friction: 0.3776716287929066
      rolling_friction: 0.2973700952549263
      torsion_friction: 0.11527089813426028
      thickness: 2e-3
  block2:
    shape_props:
      restitution: 0.3
      friction: 0.3776716287929066
      rolling_friction: 0.2973700952549263
      torsion_friction: 0.11527089813426028
      thickness: 2e-3
  block3:
    shape_props:
      restitution: 0.3
      friction: 0.3776716287929066
      rolling_friction: 0.2973700952549263
      torsion_friction: 0.11527089813426028
      thickness: 2e-3