block:
  urdf_path: block75.urdf
  asset_options:
    max_linear_velocity: 10.0
    max_angular_velocity: 40.0
  block1:
    shape_props:
      restitution: 0.3
      friction: 0.9401996205070275
      rolling_friction: 0.9011541752345434
      torsion_friction: 0.5296642515002835
      thickness: 2e-3
  block2:
    shape_props:
      restitution: 0.3
      friction: 0.9401996205070275
      rolling_friction: 0.9011541752345434
      torsion_friction: 0.5296642515002835
      thickness: 2e-3
  block3:
    shape_props:
      restitution: 0.3
      friction: 0.9401996205070275
      rolling_friction: 0.9011541752345434
      torsion_friction: 0.5296642515002835
      thickness: 2e-3