block:
  urdf_path: block78.urdf
  asset_options:
    max_linear_velocity: 10.0
    max_angular_velocity: 40.0
  block1:
    shape_props:
      restitution: 0.3
      friction: 0.12242493486469308
      rolling_friction: 0.4657657769285898
      torsion_friction: 0.81163570494355
      thickness: 2e-3
  block2:
    shape_props:
      restitution: 0.3
      friction: 0.12242493486469308
      rolling_friction: 0.4657657769285898
      torsion_friction: 0.81163570494355
      thickness: 2e-3
  block3:
    shape_props:
      restitution: 0.3
      friction: 0.12242493486469308
      rolling_friction: 0.4657657769285898
      torsion_friction: 0.81163570494355
      thickness: 2e-3