block:
  urdf_path: block74.urdf
  asset_options:
    max_linear_velocity: 10.0
    max_angular_velocity: 40.0
  block1:
    shape_props:
      restitution: 0.3
      friction: 0.5850099518362385
      rolling_friction: 0.3864185162541002
      torsion_friction: 0.3856353864816967
      thickness: 2e-3
  block2:
    shape_props:
      restitution: 0.3
      friction: 0.5850099518362385
      rolling_friction: 0.3864185162541002
      torsion_friction: 0.3856353864816967
      thickness: 2e-3
  block3:
    shape_props:
      restitution: 0.3
      friction: 0.5850099518362385
      rolling_friction: 0.3864185162541002
      torsion_friction: 0.3856353864816967
      thickness: 2e-3