block:
  urdf_path: block62.urdf
  asset_options:
    max_linear_velocity: 10.0
    max_angular_velocity: 40.0
  block1:
    shape_props:
      restitution: 0.3
      friction: 0.5558446630232338
      rolling_friction: 0.7063195711244841
      torsion_friction: 0.78057644817062
      thickness: 2e-3
  block2:
    shape_props:
      restitution: 0.3
      friction: 0.5558446630232338
      rolling_friction: 0.7063195711244841
      torsion_friction: 0.78057644817062
      thickness: 2e-3
  block3:
    shape_props:
      restitution: 0.3
      friction: 0.5558446630232338
      rolling_friction: 0.7063195711244841
      torsion_friction: 0.78057644817062
      thickness: 2e-3