block:
  urdf_path: block37.urdf
  asset_options:
    max_linear_velocity: 10.0
    max_angular_velocity: 40.0
  block1:
    shape_props:
      restitution: 0.3
      friction: 0.06707512784536307
      rolling_friction: 0.48416344338568407
      torsion_friction: 0.39109172845511875
      thickness: 2e-3
  block2:
    shape_props:
      restitution: 0.3
      friction: 0.06707512784536307
      rolling_friction: 0.48416344338568407
      torsion_friction: 0.39109172845511875
      thickness: 2e-3
  block3:
    shape_props:
      restitution: 0.3
      friction: 0.06707512784536307
      rolling_friction: 0.48416344338568407
      torsion_friction: 0.39109172845511875
      thickness: 2e-3