block:
  urdf_path: block57.urdf
  asset_options:
    max_linear_velocity: 10.0
    max_angular_velocity: 40.0
  block1:
    shape_props:
      restitution: 0.3
      friction: 0.23311064745821242
      rolling_friction: 0.8115850052628362
      torsion_friction: 0.08395032407365333
      thickness: 2e-3
  block2:
    shape_props:
      restitution: 0.3
      friction: 0.23311064745821242
      rolling_friction: 0.8115850052628362
      torsion_friction: 0.08395032407365333
      thickness: 2e-3
  block3:
    shape_props:
      restitution: 0.3
      friction: 0.23311064745821242
      rolling_friction: 0.8115850052628362
      torsion_friction: 0.08395032407365333
      thickness: 2e-3