block:
  urdf_path: block11.urdf
  asset_options:
    max_linear_velocity: 10.0
    max_angular_velocity: 40.0
  block1:
    shape_props:
      restitution: 0.3
      friction: 0.8052043384956173
      rolling_friction: 0.3278299765455971
      torsion_friction: 0.7463971353553059
      thickness: 2e-3
  block2:
    shape_props:
      restitution: 0.3
      friction: 0.8052043384956173
      rolling_friction: 0.3278299765455971
      torsion_friction: 0.7463971353553059
      thickness: 2e-3
  block3:
    shape_props:
      restitution: 0.3
      friction: 0.8052043384956173
      rolling_friction: 0.3278299765455971
      torsion_friction: 0.7463971353553059
      thickness: 2e-3