block:
  urdf_path: block52.urdf
  asset_options:
    max_linear_velocity: 10.0
    max_angular_velocity: 40.0
  block1:
    shape_props:
      restitution: 0.3
      friction: 0.7346430240621481
      rolling_friction: 0.5889921197839922
      torsion_friction: 0.2755687981083462
      thickness: 2e-3
  block2:
    shape_props:
      restitution: 0.3
      friction: 0.735436816528887
      rolling_friction: 0.2262726535161712
      torsion_friction: 0.31459621449326736
      thickness: 2e-3
  block3:
    shape_props:
      restitution: 0.3
      friction: 0.7346430240621481
      rolling_friction: 0.5889921197839922
      torsion_friction: 0.2755687981083462
      thickness: 2e-3