block:
  urdf_path: block54.urdf
  asset_options:
    max_linear_velocity: 10.0
    max_angular_velocity: 40.0
  block1:
    shape_props:
      restitution: 0.3
      friction: 0.28474790346011725
      rolling_friction: 0.28059290855647545
      torsion_friction: 0.8239811475529308
      thickness: 2e-3
  block2:
    shape_props:
      restitution: 0.3
      friction: 0.28474790346011725
      rolling_friction: 0.28059290855647545
      torsion_friction: 0.8239811475529308
      thickness: 2e-3
  block3:
    shape_props:
      restitution: 0.3
      friction: 0.28474790346011725
      rolling_friction: 0.28059290855647545
      torsion_friction: 0.8239811475529308
      thickness: 2e-3