block:
  urdf_path: block89.urdf
  asset_options:
    max_linear_velocity: 10.0
    max_angular_velocity: 40.0
  block1:
    shape_props:
      restitution: 0.3
      friction: 0.5591318708639862
      rolling_friction: 0.5300298767811267
      torsion_friction: 0.2407284782229271
      thickness: 2e-3
  block2:
    shape_props:
      restitution: 0.3
      friction: 0.5591318708639862
      rolling_friction: 0.5300298767811267
      torsion_friction: 0.2407284782229271
      thickness: 2e-3
  block3:
    shape_props:
      restitution: 0.3
      friction: 0.7306866978566465
      rolling_friction: 0.20292319777559176
      torsion_friction: 0.4598283137409237
      thickness: 2e-3