block:
  urdf_path: block13.urdf
  asset_options:
    max_linear_velocity: 10.0
    max_angular_velocity: 40.0
  block1:
    shape_props:
      restitution: 0.3
      friction: 0.0679002321978961
      rolling_friction: 0.3383233634978199
      torsion_friction: 0.6471412367886242
      thickness: 2e-3
  block2:
    shape_props:
      restitution: 0.3
      friction: 0.0679002321978961
      rolling_friction: 0.3383233634978199
      torsion_friction: 0.6471412367886242
      thickness: 2e-3
  block3:
    shape_props:
      restitution: 0.3
      friction: 0.0679002321978961
      rolling_friction: 0.3383233634978199
      torsion_friction: 0.6471412367886242
      thickness: 2e-3