block:
  urdf_path: block55.urdf
  asset_options:
    max_linear_velocity: 10.0
    max_angular_velocity: 40.0
  block1:
    shape_props:
      restitution: 0.3
      friction: 0.26812537036766126
      rolling_friction: 0.17534069912909833
      torsion_friction: 0.12844426420205302
      thickness: 2e-3
  block2:
    shape_props:
      restitution: 0.3
      friction: 0.5769182195629767
      rolling_friction: 0.45288051728987744
      torsion_friction: 0.8292938020517496
      thickness: 2e-3
  block3:
    shape_props:
      restitution: 0.3
      friction: 0.26812537036766126
      rolling_friction: 0.17534069912909833
      torsion_friction: 0.12844426420205302
      thickness: 2e-3