block:
  urdf_path: block50.urdf
  asset_options:
    max_linear_velocity: 10.0
    max_angular_velocity: 40.0
  block1:
    shape_props:
      restitution: 0.3
      friction: 0.6104722471621052
      rolling_friction: 0.857358469361873
      torsion_friction: 0.3538326034887118
      thickness: 2e-3
  block2:
    shape_props:
      restitution: 0.3
      friction: 0.1311601318362523
      rolling_friction: 0.6599629584392845
      torsion_friction: 0.3612326889318659
      thickness: 2e-3
  block3:
    shape_props:
      restitution: 0.3
      friction: 0.1311601318362523
      rolling_friction: 0.6599629584392845
      torsion_friction: 0.3612326889318659
      thickness: 2e-3