block:
  urdf_path: block57.urdf
  asset_options:
    max_linear_velocity: 10.0
    max_angular_velocity: 40.0
  block1:
    shape_props:
      restitution: 0.3
      friction: 0.5608923941527798
      rolling_friction: 0.6913101794449095
      torsion_friction: 0.6159023873953148
      thickness: 2e-3
  block2:
    shape_props:
      restitution: 0.3
      friction: 0.1528551392853562
      rolling_friction: 0.5570852735348305
      torsion_friction: 0.9322267175368224
      thickness: 2e-3
  block3:
    shape_props:
      restitution: 0.3
      friction: 0.5608923941527798
      rolling_friction: 0.6913101794449095
      torsion_friction: 0.6159023873953148
      thickness: 2e-3