block:
  urdf_path: block82.urdf
  asset_options:
    max_linear_velocity: 10.0
    max_angular_velocity: 40.0
  block1:
    shape_props:
      restitution: 0.3
      friction: 0.284843687252314
      rolling_friction: 0.4588152241232816
      torsion_friction: 0.3713311607800345
      thickness: 2e-3
  block2:
    shape_props:
      restitution: 0.3
      friction: 0.7457817592839692
      rolling_friction: 0.2057160601364556
      torsion_friction: 0.2897198848001822
      thickness: 2e-3
  block3:
    shape_props:
      restitution: 0.3
      friction: 0.7457817592839692
      rolling_friction: 0.2057160601364556
      torsion_friction: 0.2897198848001822
      thickness: 2e-3