block:
  urdf_path: block32.urdf
  asset_options:
    max_linear_velocity: 10.0
    max_angular_velocity: 40.0
  block1:
    shape_props:
      restitution: 0.3
      friction: 0.5481840245137147
      rolling_friction: 0.917918073038589
      torsion_friction: 0.06321265252989317
      thickness: 2e-3
  block2:
    shape_props:
      restitution: 0.3
      friction: 0.3764353970303823
      rolling_friction: 0.8120066418009287
      torsion_friction: 0.4970809089842926
      thickness: 2e-3
  block3:
    shape_props:
      restitution: 0.3
      friction: 0.5481840245137147
      rolling_friction: 0.917918073038589
      torsion_friction: 0.06321265252989317
      thickness: 2e-3