block:
  urdf_path: block67.urdf
  asset_options:
    max_linear_velocity: 10.0
    max_angular_velocity: 40.0
  block1:
    shape_props:
      restitution: 0.3
      friction: 0.4780695275980049
      rolling_friction: 0.48784128463551857
      torsion_friction: 0.5575712361568836
      thickness: 2e-3
  block2:
    shape_props:
      restitution: 0.3
      friction: 0.9887204914794411
      rolling_friction: 0.8802941914250015
      torsion_friction: 0.7864396174591869
      thickness: 2e-3
  block3:
    shape_props:
      restitution: 0.3
      friction: 0.4780695275980049
      rolling_friction: 0.48784128463551857
      torsion_friction: 0.5575712361568836
      thickness: 2e-3