block:
  urdf_path: block20.urdf
  asset_options:
    max_linear_velocity: 10.0
    max_angular_velocity: 40.0
  block1:
    shape_props:
      restitution: 0.3
      friction: 0.28573180534487475
      rolling_friction: 0.5590958609133919
      torsion_friction: 0.806210099740403
      thickness: 2e-3
  block2:
    shape_props:
      restitution: 0.3
      friction: 0.28573180534487475
      rolling_friction: 0.5590958609133919
      torsion_friction: 0.806210099740403
      thickness: 2e-3
  block3:
    shape_props:
      restitution: 0.3
      friction: 0.28573180534487475
      rolling_friction: 0.5590958609133919
      torsion_friction: 0.806210099740403
      thickness: 2e-3