block:
  urdf_path: block91.urdf
  asset_options:
    max_linear_velocity: 10.0
    max_angular_velocity: 40.0
  block1:
    shape_props:
      restitution: 0.3
      friction: 0.5567311312401377
      rolling_friction: 0.6415841288183861
      torsion_friction: 0.08518731399410662
      thickness: 2e-3
  block2:
    shape_props:
      restitution: 0.3
      friction: 0.568962646873895
      rolling_friction: 0.851155156800835
      torsion_friction: 0.4240691059737156
      thickness: 2e-3
  block3:
    shape_props:
      restitution: 0.3
      friction: 0.6766138755651251
      rolling_friction: 0.10731595901202073
      torsion_friction: 0.3248790396698119
      thickness: 2e-3