block:
  urdf_path: block66.urdf
  asset_options:
    max_linear_velocity: 10.0
    max_angular_velocity: 40.0
  block1:
    shape_props:
      restitution: 0.3
      friction: 0.2110508013958523
      rolling_friction: 0.9735239940622515
      torsion_friction: 0.022375032790680538
      thickness: 2e-3
  block2:
    shape_props:
      restitution: 0.3
      friction: 0.35999326878469373
      rolling_friction: 0.03944420056525477
      torsion_friction: 0.778796067494735
      thickness: 2e-3
  block3:
    shape_props:
      restitution: 0.3
      friction: 0.7316092936366193
      rolling_friction: 0.9815101344338959
      torsion_friction: 0.6988463995908588
      thickness: 2e-3