block:
  urdf_path: block43.urdf
  asset_options:
    max_linear_velocity: 10.0
    max_angular_velocity: 40.0
  block1:
    shape_props:
      restitution: 0.3
      friction: 0.14251548614001597
      rolling_friction: 0.3875418709611984
      torsion_friction: 0.0052335662496966195
      thickness: 2e-3
  block2:
    shape_props:
      restitution: 0.3
      friction: 0.8233213015450992
      rolling_friction: 0.41255477254520856
      torsion_friction: 0.5361400447787174
      thickness: 2e-3
  block3:
    shape_props:
      restitution: 0.3
      friction: 0.8233213015450992
      rolling_friction: 0.41255477254520856
      torsion_friction: 0.5361400447787174
      thickness: 2e-3