block:
  urdf_path: block60.urdf
  asset_options:
    max_linear_velocity: 10.0
    max_angular_velocity: 40.0
  block1:
    shape_props:
      restitution: 0.3
      friction: 0.256481209704713
      rolling_friction: 0.2130421965899053
      torsion_friction: 0.5396640936005463
      thickness: 2e-3
  block2:
    shape_props:
      restitution: 0.3
      friction: 0.9125136456715046
      rolling_friction: 0.4977032563736744
      torsion_friction: 0.2657773571372074
      thickness: 2e-3
  block3:
    shape_props:
      restitution: 0.3
      friction: 0.4818857641195352
      rolling_friction: 0.10767164913023786
      torsion_friction: 0.18878532510774382
      thickness: 2e-3