block:
  urdf_path: block10.urdf
  asset_options:
    max_linear_velocity: 10.0
    max_angular_velocity: 40.0
  block1:
    shape_props:
      restitution: 0.3
      friction: 0.8181110276802116
      rolling_friction: 0.23543300134725698
      torsion_friction: 0.24485115325740403
      thickness: 2e-3
  block2:
    shape_props:
      restitution: 0.3
      friction: 0.8181110276802116
      rolling_friction: 0.23543300134725698
      torsion_friction: 0.24485115325740403
      thickness: 2e-3
  block3:
    shape_props:
      restitution: 0.3
      friction: 0.21538158152134967
      rolling_friction: 0.2944882132599711
      torsion_friction: 0.5067996064906755
      thickness: 2e-3