block:
  urdf_path: block26.urdf
  asset_options:
    max_linear_velocity: 10.0
    max_angular_velocity: 40.0
  block1:
    shape_props:
      restitution: 0.3
      friction: 0.3091105451233257
      rolling_friction: 0.44338974901142747
      torsion_friction: 0.7435316101331557
      thickness: 2e-3
  block2:
    shape_props:
      restitution: 0.3
      friction: 0.3091105451233257
      rolling_friction: 0.44338974901142747
      torsion_friction: 0.7435316101331557
      thickness: 2e-3
  block3:
    shape_props:
      restitution: 0.3
      friction: 0.9451078981295948
      rolling_friction: 0.4768150833328568
      torsion_friction: 0.5056000062742086
      thickness: 2e-3