block:
  urdf_path: block48.urdf
  asset_options:
    max_linear_velocity: 10.0
    max_angular_velocity: 40.0
  block1:
    shape_props:
      restitution: 0.3
      friction: 0.21675857370016316
      rolling_friction: 0.04007644989859993
      torsion_friction: 0.5326993747971985
      thickness: 2e-3
  block2:
    shape_props:
      restitution: 0.3
      friction: 0.2350313633285509
      rolling_friction: 0.7876731757222218
      torsion_friction: 0.27571684590954604
      thickness: 2e-3
  block3:
    shape_props:
      restitution: 0.3
      friction: 0.21675857370016316
      rolling_friction: 0.04007644989859993
      torsion_friction: 0.5326993747971985
      thickness: 2e-3