block:
  urdf_path: block18.urdf
  asset_options:
    max_linear_velocity: 10.0
    max_angular_velocity: 40.0
  block1:
    shape_props:
      restitution: 0.3
      friction: 0.6600350694448777
      rolling_friction: 0.9186879678890314
      torsion_friction: 0.7767966544565282
      thickness: 2e-3
  block2:
    shape_props:
      restitution: 0.3
      friction: 0.6600350694448777
      rolling_friction: 0.9186879678890314
      torsion_friction: 0.7767966544565282
      thickness: 2e-3
  block3:
    shape_props:
      restitution: 0.3
      friction: 0.6600350694448777
      rolling_friction: 0.9186879678890314
      torsion_friction: 0.7767966544565282
      thickness: 2e-3