block:
  urdf_path: block94.urdf
  asset_options:
    max_linear_velocity: 10.0
    max_angular_velocity: 40.0
  block1:
    shape_props:
      restitution: 0.3
      friction: 0.3710938270565406
      rolling_friction: 0.28682537520205753
      torsion_friction: 0.08418976183646731
      thickness: 2e-3
  block2:
    shape_props:
      restitution: 0.3
      friction: 0.3710938270565406
      rolling_friction: 0.28682537520205753
      torsion_friction: 0.08418976183646731
      thickness: 2e-3
  block3:
    shape_props:
      restitution: 0.3
      friction: 0.3710938270565406
      rolling_friction: 0.28682537520205753
      torsion_friction: 0.08418976183646731
      thickness: 2e-3