block:
  urdf_path: block24.urdf
  asset_options:
    max_linear_velocity: 10.0
    max_angular_velocity: 40.0
  block1:
    shape_props:
      restitution: 0.3
      friction: 0.4701927069660268
      rolling_friction: 0.56381696144928
      torsion_friction: 0.4889231524800828
      thickness: 2e-3
  block2:
    shape_props:
      restitution: 0.3
      friction: 0.47570381313945254
      rolling_friction: 0.5884598815743662
      torsion_friction: 0.23444949417769645
      thickness: 2e-3
  block3:
    shape_props:
      restitution: 0.3
      friction: 0.4701927069660268
      rolling_friction: 0.56381696144928
      torsion_friction: 0.4889231524800828
      thickness: 2e-3