block:
  urdf_path: block29.urdf
  asset_options:
    max_linear_velocity: 10.0
    max_angular_velocity: 40.0
  block1:
    shape_props:
      restitution: 0.3
      friction: 0.6638494358911069
      rolling_friction: 0.75416537841539
      torsion_friction: 0.16178847953082276
      thickness: 2e-3
  block2:
    shape_props:
      restitution: 0.3
      friction: 0.6638494358911069
      rolling_friction: 0.75416537841539
      torsion_friction: 0.16178847953082276
      thickness: 2e-3
  block3:
    shape_props:
      restitution: 0.3
      friction: 0.6638494358911069
      rolling_friction: 0.75416537841539
      torsion_friction: 0.16178847953082276
      thickness: 2e-3