block:
  urdf_path: block49.urdf
  asset_options:
    max_linear_velocity: 10.0
    max_angular_velocity: 40.0
  block1:
    shape_props:
      restitution: 0.3
      friction: 0.30522072928730526
      rolling_friction: 0.45179372503693005
      torsion_friction: 0.9890688980703428
      thickness: 2e-3
  block2:
    shape_props:
      restitution: 0.3
      friction: 0.30522072928730526
      rolling_friction: 0.45179372503693005
      torsion_friction: 0.9890688980703428
      thickness: 2e-3
  block3:
    shape_props:
      restitution: 0.3
      friction: 0.09852882381111383
      rolling_friction: 0.8122945092943088
      torsion_friction: 0.7919253113316339
      thickness: 2e-3