block:
  urdf_path: block47.urdf
  asset_options:
    max_linear_velocity: 10.0
    max_angular_velocity: 40.0
  block1:
    shape_props:
      restitution: 0.3
      friction: 0.7790183052034907
      rolling_friction: 0.392613272002009
      torsion_friction: 0.09843518457175959
      thickness: 2e-3
  block2:
    shape_props:
      restitution: 0.3
      friction: 0.7790183052034907
      rolling_friction: 0.392613272002009
      torsion_friction: 0.09843518457175959
      thickness: 2e-3
  block3:
    shape_props:
      restitution: 0.3
      friction: 0.729466335527472
      rolling_friction: 0.1312444822117843
      torsion_friction: 0.7550263253753755
      thickness: 2e-3