block:
  urdf_path: block40.urdf
  asset_options:
    max_linear_velocity: 10.0
    max_angular_velocity: 40.0
  block1:
    shape_props:
      restitution: 0.3
      friction: 0.8715027217107219
      rolling_friction: 0.30961668843741597
      torsion_friction: 0.8157675159922769
      thickness: 2e-3
  block2:
    shape_props:
      restitution: 0.3
      friction: 0.7140509368222245
      rolling_friction: 0.20260848207046522
      torsion_friction: 0.7004251418499399
      thickness: 2e-3
  block3:
    shape_props:
      restitution: 0.3
      friction: 0.7140509368222245
      rolling_friction: 0.20260848207046522
      torsion_friction: 0.7004251418499399
      thickness: 2e-3