block:
  urdf_path: block36.urdf
  asset_options:
    max_linear_velocity: 10.0
    max_angular_velocity: 40.0
  block1:
    shape_props:
      restitution: 0.3
      friction: 0.4422779196309219
      rolling_friction: 0.3072576659816689
      torsion_friction: 0.8089342309176681
      thickness: 2e-3
  block2:
    shape_props:
      restitution: 0.3
      friction: 0.39212081523337516
      rolling_friction: 0.8374306093606451
      torsion_friction: 0.03949564767877589
      thickness: 2e-3
  block3:
    shape_props:
      restitution: 0.3
      friction: 0.39212081523337516
      rolling_friction: 0.8374306093606451
      torsion_friction: 0.03949564767877589
      thickness: 2e-3