block:
  urdf_path: block53.urdf
  asset_options:
    max_linear_velocity: 10.0
    max_angular_velocity: 40.0
  block1:
    shape_props:
      restitution: 0.3
      friction: 0.31064207437605007
      rolling_friction: 0.42866533148078356
      torsion_friction: 0.8964210883844396
      thickness: 2e-3
  block2:
    shape_props:
      restitution: 0.3
      friction: 0.31064207437605007
      rolling_friction: 0.42866533148078356
      torsion_friction: 0.8964210883844396
      thickness: 2e-3
  block3:
    shape_props:
      restitution: 0.3
      friction: 0.21986176435427507
      rolling_friction: 0.8361624154093127
      torsion_friction: 0.5652481237029153
      thickness: 2e-3