block:
  urdf_path: block98.urdf
  asset_options:
    max_linear_velocity: 10.0
    max_angular_velocity: 40.0
  block1:
    shape_props:
      restitution: 0.3
      friction: 0.5346556848144968
      rolling_friction: 0.9737391232061475
      torsion_friction: 0.7243125526800533
      thickness: 2e-3
  block2:
    shape_props:
      restitution: 0.3
      friction: 0.5346556848144968
      rolling_friction: 0.9737391232061475
      torsion_friction: 0.7243125526800533
      thickness: 2e-3
  block3:
    shape_props:
      restitution: 0.3
      friction: 0.5346556848144968
      rolling_friction: 0.9737391232061475
      torsion_friction: 0.7243125526800533
      thickness: 2e-3