block:
  urdf_path: block70.urdf
  asset_options:
    max_linear_velocity: 10.0
    max_angular_velocity: 40.0
  block1:
    shape_props:
      restitution: 0.3
      friction: 0.5122833025885941
      rolling_friction: 0.3327465428241162
      torsion_friction: 0.5356512127827465
      thickness: 2e-3
  block2:
    shape_props:
      restitution: 0.3
      friction: 0.5122833025885941
      rolling_friction: 0.3327465428241162
      torsion_friction: 0.5356512127827465
      thickness: 2e-3
  block3:
    shape_props:
      restitution: 0.3
      friction: 0.5122833025885941
      rolling_friction: 0.3327465428241162
      torsion_friction: 0.5356512127827465
      thickness: 2e-3