block:
  urdf_path: block41.urdf
  asset_options:
    max_linear_velocity: 10.0
    max_angular_velocity: 40.0
  block1:
    shape_props:
      restitution: 0.3
      friction: 0.3846663866609247
      rolling_friction: 0.20061600123669987
      torsion_friction: 0.2788399559415672
      thickness: 2e-3
  block2:
    shape_props:
      restitution: 0.3
      friction: 0.3846663866609247
      rolling_friction: 0.20061600123669987
      torsion_friction: 0.2788399559415672
      thickness: 2e-3
  block3:
    shape_props:
      restitution: 0.3
      friction: 0.3846663866609247
      rolling_friction: 0.20061600123669987
      torsion_friction: 0.2788399559415672
      thickness: 2e-3