block:
  urdf_path: block21.urdf
  asset_options:
    max_linear_velocity: 10.0
    max_angular_velocity: 40.0
  block1:
    shape_props:
      restitution: 0.3
      friction: 0.9136467203866347
      rolling_friction: 0.3276024810790483
      torsion_friction: 0.6879657527332553
      thickness: 2e-3
  block2:
    shape_props:
      restitution: 0.3
      friction: 0.9136467203866347
      rolling_friction: 0.3276024810790483
      torsion_friction: 0.6879657527332553
      thickness: 2e-3
  block3:
    shape_props:
      restitution: 0.3
      friction: 0.9136467203866347
      rolling_friction: 0.3276024810790483
      torsion_friction: 0.6879657527332553
      thickness: 2e-3