block:
  urdf_path: block48.urdf
  asset_options:
    max_linear_velocity: 10.0
    max_angular_velocity: 40.0
  block1:
    shape_props:
      restitution: 0.3
      friction: 0.9333694160353593
      rolling_friction: 0.015419308414225341
      torsion_friction: 0.9801720617555252
      thickness: 2e-3
  block2:
    shape_props:
      restitution: 0.3
      friction: 0.9333694160353593
      rolling_friction: 0.015419308414225341
      torsion_friction: 0.9801720617555252
      thickness: 2e-3
  block3:
    shape_props:
      restitution: 0.3
      friction: 0.9333694160353593
      rolling_friction: 0.015419308414225341
      torsion_friction: 0.9801720617555252
      thickness: 2e-3