block:
  urdf_path: block85.urdf
  asset_options:
    max_linear_velocity: 10.0
    max_angular_velocity: 40.0
  block1:
    shape_props:
      restitution: 0.3
      friction: 0.3642363726972785
      rolling_friction: 0.22455489875245094
      torsion_friction: 0.24519062848960582
      thickness: 2e-3
  block2:
    shape_props:
      restitution: 0.3
      friction: 0.3642363726972785
      rolling_friction: 0.22455489875245094
      torsion_friction: 0.24519062848960582
      thickness: 2e-3
  block3:
    shape_props:
      restitution: 0.3
      friction: 0.3642363726972785
      rolling_friction: 0.22455489875245094
      torsion_friction: 0.24519062848960582
      thickness: 2e-3