block:
  urdf_path: block26.urdf
  asset_options:
    max_linear_velocity: 10.0
    max_angular_velocity: 40.0
  block1:
    shape_props:
      restitution: 0.3
      friction: 0.7880618338901704
      rolling_friction: 0.332478011096776
      torsion_friction: 0.1417486858724437
      thickness: 2e-3
  block2:
    shape_props:
      restitution: 0.3
      friction: 0.7880618338901704
      rolling_friction: 0.332478011096776
      torsion_friction: 0.1417486858724437
      thickness: 2e-3
  block3:
    shape_props:
      restitution: 0.3
      friction: 0.7880618338901704
      rolling_friction: 0.332478011096776
      torsion_friction: 0.1417486858724437
      thickness: 2e-3