block:
  urdf_path: block24.urdf
  asset_options:
    max_linear_velocity: 10.0
    max_angular_velocity: 40.0
  block1:
    shape_props:
      restitution: 0.3
      friction: 0.41000978708966207
      rolling_friction: 0.488849533203049
      torsion_friction: 0.17040282749307478
      thickness: 2e-3
  block2:
    shape_props:
      restitution: 0.3
      friction: 0.41000978708966207
      rolling_friction: 0.488849533203049
      torsion_friction: 0.17040282749307478
      thickness: 2e-3
  block3:
    shape_props:
      restitution: 0.3
      friction: 0.41000978708966207
      rolling_friction: 0.488849533203049
      torsion_friction: 0.17040282749307478
      thickness: 2e-3