block:
  urdf_path: block67.urdf
  asset_options:
    max_linear_velocity: 10.0
    max_angular_velocity: 40.0
  block1:
    shape_props:
      restitution: 0.3
      friction: 0.6047836431125327
      rolling_friction: 0.5891825382652531
      torsion_friction: 0.5968010823474132
      thickness: 2e-3
  block2:
    shape_props:
      restitution: 0.3
      friction: 0.6047836431125327
      rolling_friction: 0.5891825382652531
      torsion_friction: 0.5968010823474132
      thickness: 2e-3
  block3:
    shape_props:
      restitution: 0.3
      friction: 0.6047836431125327
      rolling_friction: 0.5891825382652531
      torsion_friction: 0.5968010823474132
      thickness: 2e-3