block:
  urdf_path: block3.urdf
  asset_options:
    max_linear_velocity: 10.0
    max_angular_velocity: 40.0
  block1:
    shape_props:
      restitution: 0.3
      friction: 0.2476958022429232
      rolling_friction: 0.1730246754913174
      torsion_friction: 0.17752691515910146
      thickness: 2e-3
  block2:
    shape_props:
      restitution: 0.3
      friction: 0.2476958022429232
      rolling_friction: 0.1730246754913174
      torsion_friction: 0.17752691515910146
      thickness: 2e-3
  block3:
    shape_props:
      restitution: 0.3
      friction: 0.2476958022429232
      rolling_friction: 0.1730246754913174
      torsion_friction: 0.17752691515910146
      thickness: 2e-3