block:
  urdf_path: block17.urdf
  asset_options:
    max_linear_velocity: 10.0
    max_angular_velocity: 40.0
  block1:
    shape_props:
      restitution: 0.3
      friction: 0.81790999326657
      rolling_friction: 0.6938065263519687
      torsion_friction: 0.12191168593884516
      thickness: 2e-3
  block2:
    shape_props:
      restitution: 0.3
      friction: 0.81790999326657
      rolling_friction: 0.6938065263519687
      torsion_friction: 0.12191168593884516
      thickness: 2e-3
  block3:
    shape_props:
      restitution: 0.3
      friction: 0.81790999326657
      rolling_friction: 0.6938065263519687
      torsion_friction: 0.12191168593884516
      thickness: 2e-3