block:
  urdf_path: block22.urdf
  asset_options:
    max_linear_velocity: 10.0
    max_angular_velocity: 40.0
  block1:
    shape_props:
      restitution: 0.3
      friction: 0.30756592834776475
      rolling_friction: 0.2507149741809499
      torsion_friction: 0.4382786777196399
      thickness: 2e-3
  block2:
    shape_props:
      restitution: 0.3
      friction: 0.30756592834776475
      rolling_friction: 0.2507149741809499
      torsion_friction: 0.4382786777196399
      thickness: 2e-3
  block3:
    shape_props:
      restitution: 0.3
      friction: 0.30756592834776475
      rolling_friction: 0.2507149741809499
      torsion_friction: 0.4382786777196399
      thickness: 2e-3