block:
  urdf_path: block63.urdf
  asset_options:
    max_linear_velocity: 10.0
    max_angular_velocity: 40.0
  block1:
    shape_props:
      restitution: 0.3
      friction: 0.3078285599351491
      rolling_friction: 0.5001425938109647
      torsion_friction: 0.46665817548836985
      thickness: 2e-3
  block2:
    shape_props:
      restitution: 0.3
      friction: 0.3078285599351491
      rolling_friction: 0.5001425938109647
      torsion_friction: 0.46665817548836985
      thickness: 2e-3
  block3:
    shape_props:
      restitution: 0.3
      friction: 0.3078285599351491
      rolling_friction: 0.5001425938109647
      torsion_friction: 0.46665817548836985
      thickness: 2e-3