block:
  urdf_path: block30.urdf
  asset_options:
    max_linear_velocity: 10.0
    max_angular_velocity: 40.0
  block1:
    shape_props:
      restitution: 0.3
      friction: 0.7733404823042304
      rolling_friction: 0.3490187713794147
      torsion_friction: 0.2960904203079432
      thickness: 2e-3
  block2:
    shape_props:
      restitution: 0.3
      friction: 0.7733404823042304
      rolling_friction: 0.3490187713794147
      torsion_friction: 0.2960904203079432
      thickness: 2e-3
  block3:
    shape_props:
      restitution: 0.3
      friction: 0.7733404823042304
      rolling_friction: 0.3490187713794147
      torsion_friction: 0.2960904203079432
      thickness: 2e-3