block:
  urdf_path: block94.urdf
  asset_options:
    max_linear_velocity: 10.0
    max_angular_velocity: 40.0
  block1:
    shape_props:
      restitution: 0.3
      friction: 0.5401391157006868
      rolling_friction: 0.01858713097832665
      torsion_friction: 0.9020130732590381
      thickness: 2e-3
  block2:
    shape_props:
      restitution: 0.3
      friction: 0.5401391157006868
      rolling_friction: 0.01858713097832665
      torsion_friction: 0.9020130732590381
      thickness: 2e-3
  block3:
    shape_props:
      restitution: 0.3
      friction: 0.5401391157006868
      rolling_friction: 0.01858713097832665
      torsion_friction: 0.9020130732590381
      thickness: 2e-3