block:
  urdf_path: block80.urdf
  asset_options:
    max_linear_velocity: 10.0
    max_angular_velocity: 40.0
  block1:
    shape_props:
      restitution: 0.3
      friction: 0.16810655305772992
      rolling_friction: 0.6791649511371134
      torsion_friction: 0.44779310354500146
      thickness: 2e-3
  block2:
    shape_props:
      restitution: 0.3
      friction: 0.16810655305772992
      rolling_friction: 0.6791649511371134
      torsion_friction: 0.44779310354500146
      thickness: 2e-3
  block3:
    shape_props:
      restitution: 0.3
      friction: 0.16810655305772992
      rolling_friction: 0.6791649511371134
      torsion_friction: 0.44779310354500146
      thickness: 2e-3