block:
  urdf_path: block5.urdf
  asset_options:
    max_linear_velocity: 10.0
    max_angular_velocity: 40.0
  block1:
    shape_props:
      restitution: 0.3
      friction: 0.20611237830057394
      rolling_friction: 0.10296635887846395
      torsion_friction: 0.2314208934805252
      thickness: 2e-3
  block2:
    shape_props:
      restitution: 0.3
      friction: 0.20611237830057394
      rolling_friction: 0.10296635887846395
      torsion_friction: 0.2314208934805252
      thickness: 2e-3
  block3:
    shape_props:
      restitution: 0.3
      friction: 0.20611237830057394
      rolling_friction: 0.10296635887846395
      torsion_friction: 0.2314208934805252
      thickness: 2e-3