block:
  urdf_path: block14.urdf
  asset_options:
    max_linear_velocity: 10.0
    max_angular_velocity: 40.0
  block1:
    shape_props:
      restitution: 0.3
      friction: 0.17057496246319936
      rolling_friction: 0.12284657091982476
      torsion_friction: 0.877456877206918
      thickness: 2e-3
  block2:
    shape_props:
      restitution: 0.3
      friction: 0.17057496246319936
      rolling_friction: 0.12284657091982476
      torsion_friction: 0.877456877206918
      thickness: 2e-3
  block3:
    shape_props:
      restitution: 0.3
      friction: 0.17057496246319936
      rolling_friction: 0.12284657091982476
      torsion_friction: 0.877456877206918
      thickness: 2e-3