block:
  urdf_path: block65.urdf
  asset_options:
    max_linear_velocity: 10.0
    max_angular_velocity: 40.0
  block1:
    shape_props:
      restitution: 0.3
      friction: 0.048519195652822256
      rolling_friction: 0.857535462743211
      torsion_friction: 0.5443611240424552
      thickness: 2e-3
  block2:
    shape_props:
      restitution: 0.3
      friction: 0.048519195652822256
      rolling_friction: 0.857535462743211
      torsion_friction: 0.5443611240424552
      thickness: 2e-3
  block3:
    shape_props:
      restitution: 0.3
      friction: 0.048519195652822256
      rolling_friction: 0.857535462743211
      torsion_friction: 0.5443611240424552
      thickness: 2e-3