block:
  urdf_path: block55.urdf
  asset_options:
    max_linear_velocity: 10.0
    max_angular_velocity: 40.0
  block1:
    shape_props:
      restitution: 0.3
      friction: 0.9810895430267158
      rolling_friction: 0.9889479023570026
      torsion_friction: 0.10299284738503522
      thickness: 2e-3
  block2:
    shape_props:
      restitution: 0.3
      friction: 0.9810895430267158
      rolling_friction: 0.9889479023570026
      torsion_friction: 0.10299284738503522
      thickness: 2e-3
  block3:
    shape_props:
      restitution: 0.3
      friction: 0.9810895430267158
      rolling_friction: 0.9889479023570026
      torsion_friction: 0.10299284738503522
      thickness: 2e-3