block:
  urdf_path: block35.urdf
  asset_options:
    max_linear_velocity: 10.0
    max_angular_velocity: 40.0
  block1:
    shape_props:
      restitution: 0.3
      friction: 0.5689210854585477
      rolling_friction: 0.2733264117457608
      torsion_friction: 0.575506258600756
      thickness: 2e-3
  block2:
    shape_props:
      restitution: 0.3
      friction: 0.5689210854585477
      rolling_friction: 0.2733264117457608
      torsion_friction: 0.575506258600756
      thickness: 2e-3
  block3:
    shape_props:
      restitution: 0.3
      friction: 0.5689210854585477
      rolling_friction: 0.2733264117457608
      torsion_friction: 0.575506258600756
      thickness: 2e-3