block:
  urdf_path: block89.urdf
  asset_options:
    max_linear_velocity: 10.0
    max_angular_velocity: 40.0
  block1:
    shape_props:
      restitution: 0.3
      friction: 0.3621496601799665
      rolling_friction: 0.13240108032049003
      torsion_friction: 0.46384216583577786
      thickness: 2e-3
  block2:
    shape_props:
      restitution: 0.3
      friction: 0.3621496601799665
      rolling_friction: 0.13240108032049003
      torsion_friction: 0.46384216583577786
      thickness: 2e-3
  block3:
    shape_props:
      restitution: 0.3
      friction: 0.3621496601799665
      rolling_friction: 0.13240108032049003
      torsion_friction: 0.46384216583577786
      thickness: 2e-3