block:
  urdf_path: block92.urdf
  asset_options:
    max_linear_velocity: 10.0
    max_angular_velocity: 40.0
  block1:
    shape_props:
      restitution: 0.3
      friction: 0.8621861618285258
      rolling_friction: 0.9113326591890822
      torsion_friction: 0.08852282885297735
      thickness: 2e-3
  block2:
    shape_props:
      restitution: 0.3
      friction: 0.8621861618285258
      rolling_friction: 0.9113326591890822
      torsion_friction: 0.08852282885297735
      thickness: 2e-3
  block3:
    shape_props:
      restitution: 0.3
      friction: 0.8621861618285258
      rolling_friction: 0.9113326591890822
      torsion_friction: 0.08852282885297735
      thickness: 2e-3