block:
  urdf_path: block52.urdf
  asset_options:
    max_linear_velocity: 10.0
    max_angular_velocity: 40.0
  block1:
    shape_props:
      restitution: 0.3
      friction: 0.60465389286569
      rolling_friction: 0.0041278148206306264
      torsion_friction: 0.1179862506838455
      thickness: 2e-3
  block2:
    shape_props:
      restitution: 0.3
      friction: 0.60465389286569
      rolling_friction: 0.0041278148206306264
      torsion_friction: 0.1179862506838455
      thickness: 2e-3
  block3:
    shape_props:
      restitution: 0.3
      friction: 0.60465389286569
      rolling_friction: 0.0041278148206306264
      torsion_friction: 0.1179862506838455
      thickness: 2e-3