block:
  urdf_path: block60.urdf
  asset_options:
    max_linear_velocity: 10.0
    max_angular_velocity: 40.0
  block1:
    shape_props:
      restitution: 0.3
      friction: 0.3278992099998329
      rolling_friction: 0.27857854522184966
      torsion_friction: 0.9966316251937902
      thickness: 2e-3
  block2:
    shape_props:
      restitution: 0.3
      friction: 0.3278992099998329
      rolling_friction: 0.27857854522184966
      torsion_friction: 0.9966316251937902
      thickness: 2e-3
  block3:
    shape_props:
      restitution: 0.3
      friction: 0.3278992099998329
      rolling_friction: 0.27857854522184966
      torsion_friction: 0.9966316251937902
      thickness: 2e-3