block:
  urdf_path: block6.urdf
  asset_options:
    max_linear_velocity: 10.0
    max_angular_velocity: 40.0
  block1:
    shape_props:
      restitution: 0.3
      friction: 0.477604862706156
      rolling_friction: 0.6513822187861217
      torsion_friction: 0.527075777756109
      thickness: 2e-3
  block2:
    shape_props:
      restitution: 0.3
      friction: 0.477604862706156
      rolling_friction: 0.6513822187861217
      torsion_friction: 0.527075777756109
      thickness: 2e-3
  block3:
    shape_props:
      restitution: 0.3
      friction: 0.477604862706156
      rolling_friction: 0.6513822187861217
      torsion_friction: 0.527075777756109
      thickness: 2e-3