block:
  urdf_path: block66.urdf
  asset_options:
    max_linear_velocity: 10.0
    max_angular_velocity: 40.0
  block1:
    shape_props:
      restitution: 0.3
      friction: 0.5016126220074064
      rolling_friction: 0.4559676210292457
      torsion_friction: 0.055170117213172665
      thickness: 2e-3
  block2:
    shape_props:
      restitution: 0.3
      friction: 0.5016126220074064
      rolling_friction: 0.4559676210292457
      torsion_friction: 0.055170117213172665
      thickness: 2e-3
  block3:
    shape_props:
      restitution: 0.3
      friction: 0.5016126220074064
      rolling_friction: 0.4559676210292457
      torsion_friction: 0.055170117213172665
      thickness: 2e-3