block:
  urdf_path: block84.urdf
  asset_options:
    max_linear_velocity: 10.0
    max_angular_velocity: 40.0
  block1:
    shape_props:
      restitution: 0.3
      friction: 0.5316720862518189
      rolling_friction: 0.5133290106960501
      torsion_friction: 0.775973939102103
      thickness: 2e-3
  block2:
    shape_props:
      restitution: 0.3
      friction: 0.5316720862518189
      rolling_friction: 0.5133290106960501
      torsion_friction: 0.775973939102103
      thickness: 2e-3
  block3:
    shape_props:
      restitution: 0.3
      friction: 0.5316720862518189
      rolling_friction: 0.5133290106960501
      torsion_friction: 0.775973939102103
      thickness: 2e-3