0.001,0,0,0,0,0,0,0,0,0,0,0,0,0,0,0,0,-0.0535179,0.998544,0.0051565,0,0.998516,0.0535619,-0.00881822,0,-0.00908175,0.00467701,-0.999948,0,0.459893,-0.0783453,0.0438967,1,0.609293,-31.412,4.83357,13.4427,0.0278306,3.12269,0.0294947,115.776,14.1326,-80.5965,-40.4203,17.2987,-1.38191,38.6899,-0.614933,0.401755,0.372655,-2.46372,-0.433439,2.801,-0.695774,0.000836403,0.000335571,0.00764863,-4.23146e-05,-0.000369368,0.000427257,-0.00121911,
0.004,0,0,0,0,0,0,0,0,0,0,0,0,0,0,0,0,-0.0535198,0.998544,0.00515369,0,0.998516,0.0535638,-0.00881433,0,-0.00907772,0.00467439,-0.999948,0,0.459895,-0.0783458,0.0438976,1,0.573588,-31.412,4.86927,13.3673,0.0214219,3.12269,0.0496363,-156.365,-44.5806,52.1665,-99.4038,23.2511,-16.2903,72.0685,-0.614929,0.401756,0.372652,-2.46371,-0.433441,2.801,-0.695773,0.000990239,0.000656249,0.0022371,0.0019363,4.87761e-05,0.000409165,-0.0021885,
0.007,0,0,0,0,0,0,0,0,0,0,0,0,0,0,0,0,-0.0535174,0.998544,0.00515693,0,0.998516,0.0535615,-0.00881814,0,-0.00908168,0.00467745,-0.999948,0,0.459893,-0.0783457,0.0438965,1,0.644999,-31.3763,4.83357,13.4427,0.0278306,3.11537,0.0359034,58.914,29.2922,30.0766,12.9061,25.0284,-32.904,68.067,-0.614934,0.401756,0.372655,-2.46372,-0.433439,2.801,-0.695774,-0.00082022,-0.000764506,0.00137411,6.84645e-05,-0.000415063,0.00061479,-0.0018051,
0.01,0,0,0,0,0,0,0,0,0,0,0,0,0,0,0,0,-0.0535157,0.998544,0.00515975,0,0.998516,0.0535598,-0.00881959,0,-0.00908328,0.0046802,-0.999948,0,0.459893,-0.0783447,0.0438951,1,0.609293,-31.4517,4.83357,13.407,0.0159288,3.11537,0.0230861,-9.58943,-123.116,-49.5509,-85.6553,-13.8557,-22.0163,53.5751,-0.614933,0.401761,0.372655,-2.46372,-0.433438,2.801,-0.695773,0.000313784,0.00172232,0.00101462,-0.000633735,7.29299e-05,0.000411984,-0.00125822,
0.013,0,0,0,0,0,0,0,0,0,0,0,0,0,0,0,0,-0.0535151,0.998544,0.00515453,0,0.998516,0.0535592,-0.00881769,0,-0.0090811,0.00467509,-0.999948,0,0.459893,-0.0783443,0.0438979,1,0.609293,-31.3009,4.83357,13.4784,0.0214219,3.1291,-0.00987293,10.8402,160.806,59.3441,81.3019,-4.80742,4.37561,-8.64508,-0.61493,0.401751,0.372655,-2.46372,-0.433438,2.801,-0.695768,-0.000577264,-0.00185098,5.18097e-05,-0.00177847,-6.88152e-05,-0.000465677,0.000712263,
0.016,0,0,0,0,0,0,0,0,0,0,0,0,0,0,0,0,-0.0535138,0.998544,0.00515801,0,0.998516,0.0535578,-0.00882028,0,-0.00908386,0.00467844,-0.999948,0,0.459892,-0.0783431,0.0438959,1,0.609293,-31.3763,4.83357,13.4784,0.0214219,3.11537,-0.0364232,102.08,32.5591,22.5349,102.26,-1.27698,-4.26753,-59.1957,-0.614929,0.401756,0.372655,-2.46372,-0.433438,2.801,-0.695766,-0.000758787,-4.31819e-05,0.00316341,-0.000517967,0.000179293,0.00043093,0.00116048,
0.019,0,0,0,0,0,0,0,0,0,0,0,0,0,0,0,0,-0.0535152,0.998544,0.00515741,0,0.998516,0.0535592,-0.00881729,0,-0.00908086,0.00467799,-0.999948,0,0.459893,-0.0783425,0.0438966,1,0.573588,-31.3763,4.83357,13.4427,0.0159288,3.10896,-0.0364232,60.6036,-60.4883,61.9182,80.5864,0.995798,-30.126,-43.4464,-0.614927,0.401756,0.372655,-2.46372,-0.433438,2.80101,-0.695767,-0.000369184,0.000657442,0.00087384,-0.000281633,0.000109637,0.000515746,0.00148543,
0.022,0,0,0,0,0,0,0,0,0,0,0,0,0,0,0,0,-0.0535218,0.998544,0.00515447,0,0.998516,0.0535658,-0.00881247,0,-0.00907592,0.00467525,-0.999948,0,0.459896,-0.0783412,0.0438995,1,0.573588,-31.3009,4.79389,13.407,0.0278306,3.1291,-0.0236058,-9.24188,120.249,-169.798,-56.5618,-2.78488,14.3342,-39.9094,-0.614927,0.401751,0.37266,-2.46372,-0.433439,2.801,-0.695768,-0.000233124,-0.00079509,0.000862099,0.000736854,-0.00014836,-0.00042363,0.00101657,
0.025,0,0,0,0,0,0,0,0,0,0,0,0,0,0,0,0,-0.0535213,0.998544,0.00515657,0,0.998516,0.0535654,-0.00881919,0,-0.00908274,0.00467699,-0.999948,0,0.459893,-0.0783412,0.0438968,1,0.533915,-31.3406,4.83357,13.4784,0.0159288,3.12269,-0.00987293,-90.7024,-26.4763,15.539,71.9646,-1.6842,16.6737,-35.7269,-0.614924,0.401753,0.372655,-2.46372,-0.433438,2.801,-0.695769,0.00104455,0.000104692,0.000387457,0.000119232,0.000411921,-0.000110449,0.000783459,
0.028,0,0,0,0,0,0,0,0,0,0,0,0,0,0,0,0,-0.0535163,0.998544,0.00515431,0,0.998516,0.0535603,-0.00881542,0,-0.00907883,0.00467498,-0.999948,0,0.459893,-0.078344,0.0438981,1,0.609293,-31.3009,4.83357,13.4784,0.0333238,3.10896,-0.0236058,122.082,58.5588,-2.7182,100.677,19.2302,-14.4043,-42.0638,-0.614929,0.401751,0.372655,-2.46372,-0.43344,2.80101,-0.695768,-0.00152592,-0.000897,-0.000243083,-0.00141091,-0.000409181,0.000438225,0.00130214,
0.031,0,0,0,0,0,0,0,0,0,0,0,0,0,0,0,0,-0.0535232,0.998544,0.00514901,0,0.998516,0.0535671,-0.0088085,0,-0.00907166,0.00467,-0.999948,0,0.459896,-0.0783436,0.0439019,1,0.573588,-31.1898,4.83357,13.4427,0.0214219,3.12269,0.00935314,61.7388,175.143,20.1886,95.8411,9.22643,16.9672,-25.146,-0.614925,0.401743,0.372655,-2.46372,-0.433438,2.801,-0.695772,0.000383093,-0.002194,-5.77036e-05,0.000230445,-2.32812e-05,-0.000359944,0.000672156,
0.034,0,0,0,0,0,0,0,0,0,0,0,0,0,0,0,0,-0.0535312,0.998543,0.00515163,0,0.998515,0.0535751,-0.00880912,0,-0.00907246,0.00467251,-0.999948,0,0.459897,-0.0783404,0.0439005,1,0.498209,-31.2652,4.83357,13.407,0.0214219,3.10896,0.0294947,-219.071,18.8736,-44.3794,-52.4464,6.75505,-20.5434,26.1816,-0.614918,0.401748,0.372655,-2.46372,-0.433438,2.80101,-0.695774,0.00194893,0.000133588,0.000174548,0.00108863,-6.89814e-06,-0.00461337,-0.000833166,
0.037,0,0,0,0,0,0,0,0,0,0,0,0,0,0,0,0,-0.0535216,0.998544,0.00515325,0,0.998516,0.0535656,-0.00881505,0,-0.00907842,0.0046739,-0.999948,0,0.459894,-0.0783419,0.043899,1,0.573588,-31.2652,4.83357,13.4784,0.0159288,3.12269,-0.00987293,-27.0648,-36.6989,20.6613,38.2629,-0.0211613,21.1317,18.1518,-0.614924,0.401748,0.372655,-2.46372,-0.433438,2.801,-0.695769,-0.000134022,0.000431412,5.42668e-05,-0.00134808,-1.33467e-05,0.00288451,0.000178875,
0.04,0,0,0,0,0,0,0,0,0,0,0,0,0,0,0,0,-0.0535293,0.998543,0.00515275,0,0.998515,0.0535732,-0.00880957,0,-0.00907297,0.00467362,-0.999948,0,0.459896,-0.078341,0.0439001,1,0.573588,-31.2652,4.79389,13.4427,0.00952007,3.10164,0.0230861,-104.057,-151.366,-67.0567,-6.67471,-19.957,-11.4434,18.4865,-0.614924,0.401748,0.372657,-2.46372,-0.43344,2.80101,-0.695773,-0.00034905,0.000437166,0.000635834,6.44953e-05,0.000233404,0.00174185,-0.0011451,
0.043,0,0,0,0,0,0,0,0,0,0,0,0,0,0,0,0,-0.0535206,0.998544,0.00514777,0,0.998516,0.0535645,-0.00880556,0,-0.00906865,0.00466894,-0.999948,0,0.459898,-0.0783436,0.0439024,1,0.533915,-31.2256,4.86927,13.407,0.0214219,3.10896,-0.0236058,-99.9624,-38.0673,9.10248,-82.0903,-9.70563,-14.5085,-24.2688,-0.614921,0.401743,0.372652,-2.46372,-0.433438,2.80101,-0.695768,0.00128861,-0.000200432,-0.00050201,0.000390282,-0.000416864,0.000560011,0.000440606,
0.046,0,0,0,0,0,0,0,0,0,0,0,0,0,0,0,0,-0.0535177,0.998544,0.00514777,0,0.998516,0.0535616,-0.00880045,0,-0.00906354,0.00466924,-0.999948,0,0.4599,-0.0783465,0.0439037,1,0.644999,-31.1898,4.83357,13.3673,0.0159288,3.09523,0.00935314,63.196,69.8219,30.7636,-90.6228,-28.1181,-7.62264,35.4868,-0.614929,0.401743,0.372655,-2.46371,-0.433438,2.80101,-0.695772,-0.000649324,-0.000616199,0.000593864,0.00762571,0.000324829,0.000796688,-0.000189696,
0.049,0,0,0,0,0,0,0,0,0,0,0,0,0,0,0,0,-0.0535206,0.998544,0.00515059,0,0.998516,0.0535646,-0.00880461,0,-0.00906785,0.00467181,-0.999948,0,0.459897,-0.0783427,0.0439025,1,0.609293,-31.2256,4.79389,13.4427,0.0278306,3.09523,-0.0300145,67.5167,-44.1757,-174.191,-5.64691,16.0422,-9.6205,-79.7327,-0.614928,0.401743,0.37266,-2.46372,-0.433439,2.80101,-0.695767,-1.70995e-05,0.00018863,0.00128966,0.00208181,-0.000329493,0.000510222,0.00154879,
0.052,0,0,0,0,0,0,0,0,0,0,0,0,0,0,0,0,-0.0535165,0.998544,0.00514719,0,0.998516,0.0535604,-0.00880528,0,-0.00906832,0.00466842,-0.999948,0,0.459897,-0.0783472,0.0439028,1,0.609293,-31.1898,4.86927,13.4427,0.0214219,3.10164,0.00935314,-69.5449,61.8516,24.0324,84.59,4.54227,20.5912,-0.326672,-0.614929,0.401741,0.372652,-2.46372,-0.433438,2.80101,-0.695772,0.000386764,-0.000315317,-0.000793335,0.000765183,0.000139731,5.80334e-05,0.000342106,
0.055,0,0,0,0,0,0,0,0,0,0,0,0,0,0,0,0,-0.0535107,0.998544,0.00514766,0,0.998516,0.0535545,-0.00880367,0,-0.00906671,0.00466902,-0.999948,0,0.459897,-0.0783485,0.0439027,1,0.609293,-31.1898,4.86927,13.407,0.0214219,3.09523,-0.0171971,17.1244,46.0273,150.614,4.57066,-4.99231,-8.07829,-61.1547,-0.614932,0.401743,0.372652,-2.46372,-0.433438,2.80101,-0.695769,0.000393003,-9.34274e-05,-0.00032785,-0.00636624,4.14019e-05,3.74753e-05,0.0019927,
0.058,0,0,0,0,0,0,0,0,0,0,0,0,0,0,0,0,-0.0535178,0.998544,0.0051509,0,0.998516,0.0535617,-0.00880559,0,-0.00906884,0.00467209,-0.999948,0,0.459896,-0.0783463,0.0439015,1,0.644999,-31.2256,4.79389,13.4784,0.0214219,3.0815,0.0230861,20.5929,-1.22815,-105.372,115.648,10.5868,-12.7708,4.67938,-0.614932,0.401745,0.372655,-2.46372,-0.433438,2.80101,-0.695773,-0.00355465,0.00052913,0.0014805,-0.00449606,-3.2944e-05,0.000574674,-0.000155555,
0.061,0,0,0,0,0,0,0,0,0,0,0,0,0,0,0,0,-0.0535212,0.998544,0.0051492,0,0.998516,0.0535651,-0.00880222,0,-0.00906539,0.00467054,-0.999948,0,0.459899,-0.0783464,0.0439017,1,0.573588,-31.2652,4.86927,13.3673,0.0397325,3.07417,0.0294947,-107.339,-92.7177,115.347,-125.746,19.1721,-11.8987,56.283,-0.614928,0.401747,0.372652,-2.46371,-0.43344,2.80101,-0.695774,-8.69056e-06,0.00175504,-6.65863e-05,-0.000177232,-0.000488247,0.000291764,-0.000799611,
0.064,0,0,0,0,0,0,0,0,0,0,0,0,0,0,0,0,-0.0535166,0.998544,0.00514524,0,0.998516,0.0535605,-0.00879831,0,-0.00906126,0.00466684,-0.999948,0,0.459899,-0.0783506,0.0439044,1,0.644999,-31.1502,4.86927,13.407,0.0278306,3.0815,0.0624537,-53.983,7.59921,145.334,47.9856,19.049,-7.86488,78.3339,-0.614934,0.401739,0.372651,-2.46372,-0.433439,2.80101,-0.695777,-0.00120915,-0.00186191,7.30738e-05,-0.000801669,9.64609e-05,7.55371e-05,-0.00205291,
0.067,0,0,0,0,0,0,0,0,0,0,0,0,0,0,0,0,-0.053519,0.998544,0.00514656,0,0.998516,0.0535628,-0.00879895,0,-0.00906198,0.0046681,-0.999948,0,0.4599,-0.0783482,0.0439039,1,0.609293,-31.1898,4.86927,13.3673,0.0214219,3.0815,0.0432277,-119.905,25.7112,126.174,-15.7213,-21.9782,11.8457,84.9712,-0.614929,0.401742,0.372652,-2.46371,-0.433438,2.80101,-0.695775,0.000986336,-0.000139223,2.1652e-05,0.000635444,0.000232032,-0.000128158,-0.00177246,
0.07,0,0,0,0,0,0,0,0,0,0,0,0,0,0,0,0,-0.0535146,0.998544,0.00514469,0,0.998516,0.0535584,-0.00879039,0,-0.00905331,0.00466673,-0.999948,0,0.459903,-0.0783481,0.0439068,1,0.609293,-31.1502,4.83357,13.3673,0.0040269,3.0879,0.00294445,-102.302,77.1801,-44.941,-28.178,-14.6281,22.9749,6.09284,-0.61493,0.401738,0.372655,-2.46371,-0.433436,2.80101,-0.695771,0.000723198,-0.000845535,0.000841634,0.000371284,-0.00865494,-0.000275262,-5.42223e-05,
0.073,0,0,0,0,0,0,0,0,0,0,0,0,0,0,0,0,-0.0535164,0.998544,0.00514722,0,0.998516,0.0535603,-0.008798,0,-0.00906105,0.00466883,-0.999948,0,0.459899,-0.0783499,0.0439041,1,0.684672,-31.1898,4.83357,13.407,0.0278306,3.06685,0.056045,165.63,52.2314,-89.5824,36.5318,5.76902,-0.659468,75.0539,-0.614937,0.401741,0.372655,-2.46372,-0.433439,2.80101,-0.695777,-0.0013773,-0.000116482,0.000527779,-0.00101341,-0.00423063,0.000506216,-0.00266092,
0.076,0,0,0,0,0,0,0,0,0,0,0,0,0,0,0,0,-0.0535058,0.998545,0.00514621,0,0.998517,0.0535496,-0.00879624,0,-0.00905919,0.00466802,-0.999948,0,0.459899,-0.0783508,0.0439044,1,0.684672,-31.1898,4.86927,13.407,0.0214219,3.0815,-0.0236058,109.491,3.43903,-36.3821,78.9659,-16.133,13.9809,-48.6206,-0.614936,0.40174,0.372652,-2.46372,-0.433438,2.80101,-0.695768,-0.00111514,0.000171714,-0.000493235,-0.000613743,-0.00144464,-0.000241828,0.00065457,
0.079,0,0,0,0,0,0,0,0,0,0,0,0,0,0,0,0,-0.0535094,0.998544,0.00514543,0,0.998517,0.0535532,-0.00879088,0,-0.00905381,0.00466749,-0.999948,0,0.459902,-0.0783488,0.0439067,1,0.644999,-31.1502,4.79389,13.3673,0.0040269,3.06044,-0.0300145,22.5239,96.1087,-64.6131,-89.8885,1.14049,-11.7693,-71.1306,-0.614935,0.401737,0.372657,-2.46371,-0.433437,2.80101,-0.695767,-0.000662858,-0.000753406,0.00143149,0.000744427,-0.00731198,0.00046712,0.00112078,
0.082,0,0,0,0,0,0,0,0,0,0,0,0,0,0,0,0,-0.0535097,0.998544,0.00514948,0,0.998517,0.0535536,-0.00879684,0,-0.00905998,0.00467122,-0.999948,0,0.459899,-0.0783487,0.0439023,1,0.644999,-31.2652,4.86927,13.3673,0.0333238,3.06685,-0.0236058,146.763,-169.199,-6.07483,-79.0146,-0.829516,7.63789,-21.4618,-0.614932,0.401747,0.372651,-2.46371,-0.43344,2.80101,-0.695768,-0.000661459,0.00215869,-0.000637922,0.000529175,-0.00373278,3.29151e-05,0.000908525,
0.085,0,0,0,0,0,0,0,0,0,0,0,0,0,0,0,0,-0.0535056,0.998545,0.00514494,0,0.998517,0.0535494,-0.00879739,0,-0.00906026,0.00466669,-0.999948,0,0.459899,-0.0783506,0.0439044,1,0.644999,-31.1502,4.90498,13.407,0.0214219,3.06044,-0.0364232,9.94138,134.452,81.635,3.04183,-14.1695,-2.17547,-58.1363,-0.614932,0.401739,0.37265,-2.46372,-0.433438,2.80101,-0.695767,-0.00019643,-0.00153608,-0.00161198,-0.000462198,-0.00114265,0.000337535,0.0019194,
0.088,0,0,0,0,0,0,0,0,0,0,0,0,0,0,0,0,-0.053507,0.998545,0.00514482,0,0.998517,0.0535508,-0.00878909,0,-0.00905198,0.004667,-0.999948,0,0.459903,-0.0783525,0.0439054,1,0.644999,-31.1898,4.86927,13.2959,0.0278306,3.06685,0.00294445,-45.5486,13.571,1.1935,-160.389,11.1361,-6.24149,-12.6181,-0.614935,0.401743,0.37265,-2.46371,-0.433439,2.80101,-0.695771,6.53482e-05,-0.000506692,7.91889e-05,0.00187363,-0.000816554,-0.000114743,0.000549874,
0.091,0,0,0,0,0,0,0,0,0,0,0,0,0,0,0,0,-0.0535167,0.998544,0.00514849,0,0.998516,0.0535605,-0.00878999,0,-0.00905312,0.00467053,-0.999948,0,0.459902,-0.0783453,0.0439049,1,0.609293,-31.2256,4.79389,13.3673,0.0333238,3.05311,-0.0300145,-57.9351,-148.44,-149.556,12.5653,23.1439,-11.1666,-71.1337,-0.61493,0.401742,0.372657,-2.46371,-0.43344,2.80102,-0.695767,0.00029769,0.000994427,0.000807125,0.000122019,-0.000518299,0.000474629,0.00225771,
0.094,0,0,0,0,0,0,0,0,0,0,0,0,0,0,0,0,-0.0535134,0.998544,0.0051442,0,0.998516,0.0535572,-0.00878599,0,-0.00904888,0.00466649,-0.999948,0,0.459904,-0.0783493,0.0439067,1,0.609293,-31.1898,4.86927,13.3316,0.0214219,3.05311,0.00294445,-34.0386,33.3056,28.1672,42.294,1.1471,-18.4646,-36.1602,-0.61493,0.40174,0.372652,-2.46371,-0.433438,2.80102,-0.695771,0.000273775,0.000439004,-0.000822919,0.000520763,0.000143454,8.78844e-05,0.000537086,
0.097,0,0,0,0,0,0,0,0,0,0,0,0,0,0,0,0,-0.0535127,0.998544,0.00514394,0,0.998517,0.0535565,-0.0087874,0,-0.00905028,0.00466616,-0.999948,0,0.459903,-0.078351,0.0439061,1,0.609293,-31.1898,4.90498,13.3316,0.0278306,3.05311,0.0230861,19.8361,33.7571,170.864,-31.338,5.75336,-1.09562,44.0091,-0.614932,0.40174,0.37265,-2.46371,-0.433439,2.80102,-0.695773,0.000359511,0.000439415,-0.00126465,-0.000124116,-3.07525e-05,-2.67066e-05,-0.000530335,
0.099,0,0,0,0,0,0,0,0,0,0,0,0,0,0,0,0,-0.0535043,0.998545,0.00514626,0,0.998517,0.0535481,-0.00878966,0,-0.00905261,0.00466844,-0.999948,0,0.4599,-0.0783514,0.0439051,1,0.684672,-31.1898,4.86927,13.407,0.0278306,3.03938,-0.0300145,86.0035,-43.1003,47.0131,150.713,-5.23557,-12.2405,-39.3672,-0.614937,0.40174,0.372652,-2.46371,-0.433439,2.80102,-0.695767,-0.00132505,0.000195296,-5.25464e-06,-0.00209681,-1.8814e-05,0.000417637,0.00205877,
0.102,0,0,0,0,0,0,0,0,0,0,0,0,0,0,0,0,-0.0535135,0.998544,0.00514734,0,0.998516,0.0535573,-0.0087888,0,-0.00905185,0.00466948,-0.999948,0,0.459902,-0.0783461,0.043906,1,0.609293,-31.1898,4.79389,13.3673,0.0159288,3.05311,-0.0364232,-4.86203,-50.8089,-137.319,63.1566,-1.94715,13.7175,-60.1796,-0.61493,0.40174,0.372657,-2.46371,-0.433438,2.80102,-0.695767,0.000669455,0.000264092,0.00135954,-0.00039443,0.000353036,-0.000181431,0.00251264,
0.105,0,0,0,0,0,0,0,0,0,0,0,0,0,0,0,0,-0.0535106,0.998544,0.00514702,0,0.998517,0.0535544,-0.00878993,0,-0.00905296,0.00466912,-0.999948,0,0.459902,-0.0783481,0.0439047,1,0.609293,-31.2256,4.86927,13.3673,0.0214219,3.04671,-0.0300145,-113.83,-11.4534,119.832,37.9717,3.40941,19.7423,-75.2321,-0.614929,0.401742,0.372652,-2.46371,-0.433438,2.80102,-0.695767,0.000198356,0.000913467,-0.00105107,6.86682e-06,-0.000100146,-0.000117807,0.00140005,
0.108,0,0,0,0,0,0,0,0,0,0,0,0,0,0,0,0,-0.0535123,0.998544,0.0051476,0,0.998517,0.0535561,-0.00878713,0,-0.0090502,0.00466983,-0.999948,0,0.459903,-0.0783472,0.0439059,1,0.644999,-31.1898,4.79389,13.3673,0.0214219,3.04671,-0.0300145,-51.3066,-63.5398,-57.6137,115.495,-4.61784,-2.83063,-72.0778,-0.614933,0.40174,0.372657,-2.46371,-0.433438,2.80102,-0.695767,-0.00105485,0.000693422,0.000678459,-0.00120439,2.25254e-05,1.78407e-05,0.000825498,
0.111,0,0,0,0,0,0,0,0,0,0,0,0,0,0,0,0,-0.0535079,0.998545,0.00514579,0,0.998517,0.0535517,-0.00878667,0,-0.00904962,0.00466809,-0.999948,0,0.459903,-0.0783515,0.0439058,1,0.684672,-31.2256,4.86927,13.3316,0.0214219,3.05311,0.00294445,-99.2604,-42.5354,64.2149,-56.771,-4.29923,-18.0938,-22.7994,-0.614935,0.401742,0.372652,-2.46371,-0.433438,2.80102,-0.695771,-0.00016819,0.00116441,-0.00076824,0.000478361,-8.77471e-05,5.04974e-05,-0.000433576,
0.114,0,0,0,0,0,0,0,0,0,0,0,0,0,0,0,0,-0.0535193,0.998544,0.00514879,0,0.998516,0.0535631,-0.00878991,0,-0.00905307,0.00467081,-0.999948,0,0.459902,-0.0783478,0.0439044,1,0.609293,-31.2652,4.83357,13.3673,0.0214219,3.05311,0.0496363,-160.557,-113.037,-43.4459,68.398,-18.4302,-8.86198,56.9032,-0.614932,0.401745,0.372654,-2.46371,-0.433438,2.80102,-0.695776,0.00113597,0.00155144,0.000329185,-0.000879085,0.000218797,0.00012799,-0.00253596,
0.117,0,0,0,0,0,0,0,0,0,0,0,0,0,0,0,0,-0.0535109,0.998544,0.00514477,0,0.998517,0.0535547,-0.0087847,0,-0.00904761,0.00466716,-0.999948,0,0.459904,-0.0783516,0.0439067,1,0.609293,-31.1898,4.86927,13.3316,0.0159288,3.05311,0.0294947,-107.472,-48.1219,41.2915,-44.5538,12.7079,11.6517,52.9221,-0.614935,0.401741,0.372652,-2.46371,-0.433438,2.80102,-0.695774,-0.00234385,0.00242255,-0.000273672,0.000884088,0.000219259,1.9085e-05,-0.00139566,
0.12,0,0,0,0,0,0,0,0,0,0,0,0,0,0,0,0,-0.0535053,0.998545,0.00514189,0,0.998517,0.0535491,-0.00878173,0,-0.00904446,0.00466448,-0.999948,0,0.459905,-0.0783541,0.0439081,1,0.644999,-31.1502,4.90498,13.3316,0.00952007,3.04671,0.0230861,15.5126,17.7486,28.6233,20.6286,-1.55965,-13.7366,46.0234,-0.614936,0.401737,0.37265,-2.46371,-0.433437,2.80102,-0.695772,-0.00192457,-0.00307358,-0.00138032,0.000447556,0.000302307,0.000333436,-0.000534091,
0.123,0,0,0,0,0,0,0,0,0,0,0,0,0,0,0,0,-0.0535035,0.998545,0.00514499,0,0.998517,0.0535474,-0.00879534,0,-0.00905822,0.00466687,-0.999948,0,0.459899,-0.0783538,0.0439036,1,0.684672,-31.2256,4.90498,13.407,0.0278306,3.06685,-0.0171971,-119.072,-67.2979,93.8321,137.319,16.6786,17.5778,-15.4371,-0.614938,0.401742,0.372648,-2.46371,-0.433442,2.80102,-0.695769,-0.00108742,-0.00627439,-0.000965794,-0.00790725,-0.000264589,-0.000424901,0.00135633,
0.126,0,0,0,0,0,0,0,0,0,0,0,0,0,0,0,0,-0.0535072,0.998545,0.00514048,0,0.998517,0.0535509,-0.00878517,0,-0.00904784,0.00466287,-0.999948,0,0.459903,-0.078354,0.0439082,1,0.609293,-31.1145,4.90498,13.3673,0.0214219,3.07417,0.0166774,-117.075,63.9055,80.2098,-29.2849,-2.06987,16.2046,43.3358,-0.614936,0.401734,0.37265,-2.46371,-0.433438,2.80101,-0.695772,0.00155637,-0.00476638,-0.000750171,-0.00259491,0.000106213,-0.00044991,-0.000216012,
0.129,0,0,0,0,0,0,0,0,0,0,0,0,0,0,0,0,-0.0535045,0.998545,0.00514069,0,0.998517,0.0535482,-0.0087842,0,-0.00904686,0.00466316,-0.999948,0,0.459904,-0.0783538,0.0439083,1,0.609293,-31.1145,4.86927,13.3673,0.0214219,3.06685,-0.00987293,-99.9518,52.0607,-1.43073,-18.1382,-0.927645,13.5851,-15.2573,-0.614936,0.401734,0.37265,-2.46371,-0.433438,2.80102,-0.695769,0.00128734,-0.00179051,0.000612945,-0.00117357,8.42155e-05,-0.000295314,0.00113786,
0.132,0,0,0,0,0,0,0,0,0,0,0,0,0,0,0,0,-0.0535026,0.998545,0.00514073,0,0.998517,0.0535464,-0.00878434,0,-0.009047,0.00466321,-0.999948,0,0.459904,-0.0783541,0.0439083,1,0.609293,-31.1145,4.90498,13.3673,0.0159288,3.06685,-0.0171971,-113.497,19.8868,86.6303,-36.2582,10.0752,-24.1927,-51.3887,-0.614936,0.401734,0.37265,-2.46371,-0.433438,2.80102,-0.695769,0.00153411,-0.00108193,-0.000932011,-0.000488008,3.6255e-05,0.000172464,0.00106052,
0.135,0,0,0,0,0,0,0,0,0,0,0,0,0,0,0,0,-0.0535058,0.998545,0.00514373,0,0.998517,0.0535496,-0.00878909,0,-0.00905192,0.00466592,-0.999948,0,0.459901,-0.0783505,0.0439071,1,0.609293,-31.1145,4.83357,13.4427,0.0214219,3.07417,-0.0428319,-110.468,48.0362,70.6075,153.543,-33.6367,11.5759,-88.0013,-0.614936,0.401734,0.372655,-2.46371,-0.433438,2.80101,-0.695766,0.000727679,-0.000387891,0.00139428,-0.00176079,4.8418e-05,-0.000159885,0.00184388,
0.138,0,0,0,0,0,0,0,0,0,0,0,0,0,0,0,0,-0.0535076,0.998545,0.00514445,0,0.998517,0.0535514,-0.00878595,0,-0.00904883,0.0046668,-0.999948,0,0.459903,-0.0783511,0.0439076,1,0.609293,-31.1502,4.83357,13.3673,-0.00238179,3.07417,0.00294445,-101.173,-32.2373,68.2002,2.76932,-31.7136,-8.95198,-25.8463,-0.614936,0.401737,0.372655,-2.46371,-0.433436,2.80101,-0.695771,0.000677392,0.000506283,0.000784329,0.000236978,-0.00823725,-4.73734e-05,-0.000614088,
0.141,0,0,0,0,0,0,0,0,0,0,0,0,0,0,0,0,-0.0535075,0.998545,0.00514637,0,0.998517,0.0535514,-0.00879319,0,-0.00905616,0.00466833,-0.999948,0,0.459899,-0.0783518,0.0439055,1,0.644999,-31.1502,4.83357,13.4784,0.00952007,3.07417,0.0230861,-58.7131,-78.0301,-81.4026,210.329,-15.0019,3.10921,-6.35823,-0.61494,0.401737,0.372655,-2.46372,-0.433437,2.80101,-0.695773,-0.00342625,0.000602038,1.58559e-05,-0.00253877,-0.00378731,9.89915e-05,-0.00134237,
0.144,0,0,0,0,0,0,0,0,0,0,0,0,0,0,0,0,-0.0535136,0.998544,0.00514165,0,0.998517,0.0535574,-0.00878236,0,-0.00904512,0.00466414,-0.999948,0,0.459905,-0.078352,0.0439092,1,0.609293,-31.1145,4.83357,13.3316,0.00952007,3.0815,0.0496363,-104.697,5.90287,4.13896,-94.0369,-52.0678,16.8989,60.5174,-0.614936,0.401734,0.372655,-2.46371,-0.433437,2.80101,-0.695776,1.93641e-05,8.34559e-06,-0.000119038,0.00174898,-0.00116305,-0.000151514,-0.00228531,
0.147,0,0,0,0,0,0,0,0,0,0,0,0,0,0,0,0,-0.0535135,0.998544,0.00514427,0,0.998516,0.0535572,-0.00878589,0,-0.00904878,0.00466656,-0.999948,0,0.459903,-0.0783511,0.0439076,1,0.609293,-31.1502,4.83357,13.3673,0.0040269,3.07417,0.0496363,-29.74,-51.6269,10.6532,-77.6141,16.061,-7.9195,73.6076,-0.614936,0.401737,0.372655,-2.46371,-0.433436,2.80101,-0.695776,0.000120282,0.0014233,3.69088e-05,0.000351361,-0.000492897,0.000226374,-0.00193551,
0.15,0,0,0,0,0,0,0,0,0,0,0,0,0,0,0,0,-0.0535135,0.998544,0.00514386,0,0.998516,0.0535573,-0.00878602,0,-0.0090489,0.00466615,-0.999948,0,0.459903,-0.0783503,0.043908,1,0.644999,-31.1145,4.79389,13.407,0.0214219,3.07417,0.0230861,34.5309,8.61479,-122.44,12.277,-24.6723,-30.3992,1.14701,-0.614938,0.401734,0.372657,-2.46371,-0.433438,2.80101,-0.695773,-0.000683104,0.000358952,0.000732729,-0.000422562,-0.000371846,0.000180102,-0.000415244,
0.153,0,0,0,0,0,0,0,0,0,0,0,0,0,0,0,0,-0.0535214,0.998544,0.00514459,0,0.998516,0.0535651,-0.00878998,0,-0.00905292,0.00466659,-0.999948,0,0.459902,-0.078348,0.0439067,1,0.533915,-31.1502,4.83357,13.407,0.0159288,3.0879,0.056045,-260.073,-154.039,128.39,32.9208,-7.55884,11.8564,75.7859,-0.61493,0.401737,0.372655,-2.46371,-0.433438,2.80101,-0.695777,0.00257312,0.00125053,-0.000195348,6.00668e-05,0.0002339,-0.000285721,-0.00155849,
0.156,0,0,0,0,0,0,0,0,0,0,0,0,0,0,0,0,-0.0535187,0.998544,0.00514373,0,0.998516,0.0535625,-0.00878425,0,-0.00904714,0.00466607,-0.999948,0,0.459905,-0.0783466,0.043909,1,0.573588,-31.1145,4.75819,13.3673,0.00952007,3.0879,0.00294445,24.7393,64.1243,-146.144,-37.2628,-22.98,18.0879,17.7019,-0.614931,0.401734,0.37266,-2.46371,-0.433437,2.80101,-0.695771,0.000337648,-0.000186443,0.00139602,0.00131688,0.000193327,-0.000397369,0.000822977,
0.159,0,0,0,0,0,0,0,0,0,0,0,0,0,0,0,0,-0.0535179,0.998544,0.00514359,0,0.998516,0.0535617,-0.00878736,0,-0.00905024,0.00466577,-0.999948,0,0.459903,-0.0783457,0.043908,1,0.533915,-31.1145,4.79389,13.407,0.0214219,3.0879,-0.0300145,-99.5999,-133.913,6.00531,-51.6573,-10.3196,1.26805,-40.0973,-0.614927,0.401734,0.372657,-2.46371,-0.433438,2.80101,-0.695767,4.32967e-05,-0.000240914,0.000351767,-0.000135749,5.45624e-05,-0.000400309,0.0020749,
0.162,0,0,0,0,0,0,0,0,0,0,0,0,0,0,0,0,-0.0535219,0.998544,0.00514226,0,0.998516,0.0535656,-0.00878631,0,-0.00904914,0.00466446,-0.999948,0,0.459904,-0.0783447,0.0439089,1,0.533915,-31.1145,4.79389,13.407,0.0159288,3.09523,-0.0171971,-51.1995,-66.749,-34.9076,3.44074,3.72763,19.915,-19.3364,-0.614924,0.401732,0.372657,-2.46371,-0.433438,2.80101,-0.695769,0.00417198,0.000330732,0.000413567,-0.000246474,2.12693e-06,-0.000442624,0.00120253,
0.165,0,0,0,0,0,0,0,0,0,0,0,0,0,0,0,0,-0.0535171,0.998544,0.00514183,0,0.998516,0.0535608,-0.00878807,0,-0.00905085,0.00466398,-0.999948,0,0.459902,-0.0783468,0.0439083,1,0.573588,-31.0748,4.83357,13.4427,0.0214219,3.0879,-0.0236058,-43.3266,95.664,98.5045,89.4881,-17.7384,0.879713,-51.5609,-0.614927,0.401732,0.372655,-2.46371,-0.433438,2.80101,-0.695768,0.000878454,-0.000706301,-0.000496142,-0.0012176,0.00516206,-1.05846e-05,0.00196507,
0.168,0,0,0,0,0,0,0,0,0,0,0,0,0,0,0,0,-0.0535277,0.998544,0.00513856,0,0.998516,0.0535714,-0.00878415,0,-0.0090468,0.00466082,-0.999948,0,0.459905,-0.0783434,0.0439101,1,0.458536,-31.0748,4.83357,13.407,0.0159288,3.09523,-0.0300145,-148.727,77.6387,139.361,79.3754,7.15234,43.2273,-51.2605,-0.614918,0.401729,0.372655,-2.46371,-0.433441,2.80101,-0.695767,0.00235033,6.91264e-05,-0.000940977,-0.000505133,0.00232431,-0.000466551,0.00121143,
0.171,0,0,0,0,0,0,0,0,0,0,0,0,0,0,0,0,-0.0535346,0.998543,0.00514079,0,0.998515,0.0535783,-0.00877922,0,-0.00904203,0.00466326,-0.999948,0,0.459908,-0.0783389,0.0439112,1,0.458536,-31.0748,4.75819,13.3316,0.0278306,3.09523,-0.0364232,-191.913,67.8472,-58.3821,-206.285,-17.0452,9.14477,-86.1672,-0.614914,0.401731,0.372662,-2.46371,-0.433439,2.80101,-0.695767,0.00443772,-0.000495087,0.000783259,0.00161357,0.000770861,-0.000251265,0.00144778,
0.174,0,0,0,0,0,0,0,0,0,0,0,0,0,0,0,0,-0.0535326,0.998543,0.00514319,0,0.998515,0.0535763,-0.00878566,0,-0.00904859,0.00466533,-0.999948,0,0.459905,-0.078339,0.0439091,1,0.533915,-31.1145,4.75819,13.407,0.0214219,3.09523,-0.0300145,88.0701,-76.2849,-13.6436,35.7379,8.99744,11.0158,-75.2286,-0.614916,0.401732,0.372661,-2.46371,-0.433438,2.80101,-0.695767,0.00325171,0.000471987,0.000510483,-0.000614908,0.000628293,-0.000134731,0.00125408,
0.177,0,0,0,0,0,0,0,0,0,0,0,0,0,0,0,0,-0.0535395,0.998543,0.00514338,0,0.998515,0.0535832,-0.00878723,0,-0.0090502,0.00466537,-0.999948,0,0.459905,-0.0783388,0.043908,1,0.498209,-31.1145,4.79389,13.407,0.0278306,3.0879,0.0230861,-4.68265,17.2531,124.011,-4.04505,-1.18289,-0.0697784,4.40849,-0.614912,0.401734,0.372657,-2.46371,-0.433439,2.80101,-0.695773,0.002179,0.000139848,-0.00049836,-0.000305931,7.74159e-05,0.000310467,-0.00145571,
0.18,0,0,0,0,0,0,0,0,0,0,0,0,0,0,0,0,-0.0535439,0.998543,0.00514604,0,0.998515,0.0535877,-0.00879071,0,-0.00905384,0.0046678,-0.999948,0,0.459903,-0.0783351,0.0439068,1,0.458536,-31.1502,4.79389,13.407,0.0278306,3.09523,0.0359034,-137.255,-120.359,43.7061,43.5703,-7.93662,-9.71856,41.586,-0.614909,0.401736,0.372661,-2.46371,-0.433439,2.80101,-0.695771,0.0020908,0.00118599,-0.000333266,-0.000296873,5.88888e-05,2.41733e-05,-0.00166709,
0.183,0,0,0,0,0,0,0,0,0,0,0,0,0,0,0,0,-0.0535465,0.998542,0.00514001,0,0.998515,0.0535902,-0.00878125,0,-0.00904408,0.00466226,-0.999948,0,0.459907,-0.0783381,0.0439111,1,0.533915,-31.0748,4.79389,13.3673,0.0278306,3.10164,0.056045,103.182,142.56,79.996,43.1706,9.15987,-1.555,76.438,-0.614911,0.401729,0.372661,-2.46371,-0.433439,2.80101,-0.695777,-0.000527454,-0.00122623,-0.000562755,0.00102566,-0.000105609,-0.00017745,-0.00235138,
0.186,0,0,0,0,0,0,0,0,0,0,0,0,0,0,0,0,-0.053553,0.998542,0.00515008,0,0.998514,0.0535968,-0.00879236,0,-0.00905575,0.00467166,-0.999948,0,0.459904,-0.0783297,0.0439061,1,0.422831,-31.1898,4.71852,13.407,0.0333238,3.10164,0.0230861,-43.9396,-155.625,-92.4871,67.5779,18.089,-13.5071,-4.40781,-0.614904,0.401739,0.372666,-2.46371,-0.433436,2.80101,-0.695773,0.00131948,0.00174018,0.00141089,-0.000417894,0.00913734,-5.25778e-05,-0.00116766,
0.189,0,0,0,0,0,0,0,0,0,0,0,0,0,0,0,0,-0.0535633,0.998542,0.0051464,0,0.998514,0.0536071,-0.00878757,0,-0.00905081,0.00466815,-0.999948,0,0.459905,-0.0783291,0.0439092,1,0.498209,-31.0748,4.68281,13.4427,0.0278306,3.11537,0.069778,94.9221,195.745,-82.7939,130.361,13.3576,27.6481,100.926,-0.614906,0.401732,0.372671,-2.46371,-0.433439,2.80101,-0.695778,-0.000684117,-0.00166008,0.0046926,-0.000886859,0.00394001,-0.000486529,-0.00291924,
0.192,0,0,0,0,0,0,0,0,0,0,0,0,0,0,0,0,-0.0535609,0.998542,0.00514653,0,0.998514,0.0536047,-0.00878757,0,-0.00905081,0.0046683,-0.999948,0,0.459906,-0.078329,0.0439085,1,0.458536,-31.1502,4.71852,13.3673,0.0278306,3.11537,0.0432277,28.2685,36.0225,-20.2813,-203.126,-2.34716,6.13651,73.7187,-0.614903,0.401735,0.372668,-2.46371,-0.433439,2.80101,-0.695775,0.000341051,0.000168049,0.00220623,0.00110863,-0.00356735,-0.000336304,-0.000706722,
0.195,0,0,0,0,0,0,0,0,0,0,0,0,0,0,0,0,-0.0535523,0.998542,0.0051489,0,0.998514,0.0535962,-0.00878935,0,-0.00905268,0.00467065,-0.999948,0,0.459906,-0.0783284,0.0439069,1,0.422831,-31.1898,4.71852,13.3673,0.0214219,3.10896,-0.0236058,-37.5896,-3.13317,19.6713,-29.2602,-12.7971,8.2587,-48.0816,-0.6149,0.40174,0.372666,-2.46371,-0.433437,2.80101,-0.695768,0.000753856,0.000668472,0.00081952,0.000328484,-0.00131332,5.84711e-06,0.00141444,
0.198,0,0,0,0,0,0,0,0,0,0,0,0,0,0,0,0,-0.0535619,0.998542,0.00515551,0,0.998514,0.0536058,-0.00879977,0,-0.00906348,0.00467661,-0.999948,0,0.459902,-0.0783224,0.0439031,1,0.422831,-31.2652,4.68281,13.4427,0.0278306,3.11537,-0.0236058,-16.5224,-157.527,-56.8703,99.3125,8.31954,2.05195,-56.882,-0.614898,0.401745,0.372672,-2.46372,-0.433439,2.80101,-0.695768,3.91069e-05,0.00208504,0.000962391,-0.000593531,-0.000635437,-1.33379e-05,0.00159458,
0.201,0,0,0,0,0,0,0,0,0,0,0,0,0,0,0,0,-0.0535668,0.998541,0.00515214,0,0.998514,0.0536107,-0.00879533,0,-0.00905889,0.00467343,-0.999948,0,0.459905,-0.0783223,0.0439053,1,0.422831,-31.2256,4.68281,13.407,0.0278306,3.12269,-0.00346424,2.45116,-27.6017,-51.652,13.9791,-13.8494,34.2201,-50.0741,-0.614895,0.401742,0.372672,-2.46371,-0.433439,2.80101,-0.69577,0.000104957,0.000782771,0.000778676,0.000473753,-0.000364714,-0.000214938,0.000683455,
0.204,0,0,0,0,0,0,0,0,0,0,0,0,0,0,0,0,-0.0535672,0.998541,0.0051524,0,0.998514,0.0536111,-0.00879384,0,-0.00905741,0.00467377,-0.999948,0,0.459905,-0.0783206,0.0439055,1,0.387125,-31.2256,4.71852,13.407,0.0159288,3.12269,-0.0300145,-54.2071,-43.4253,-19.7434,-78.2154,6.95322,2.87805,-54.6231,-0.614892,0.401742,0.372672,-2.46371,-0.433439,2.80101,-0.695767,0.000474725,0.000417536,-0.000798275,0.000140371,-0.00686283,1.54344e-05,0.00110673,
0.207,0,0,0,0,0,0,0,0,0,0,0,0,0,0,0,0,-0.0535738,0.998541,0.00515154,0,0.998513,0.0536177,-0.00879874,0,-0.00906229,0.00467259,-0.999948,0,0.459903,-0.0783214,0.0439042,1,0.387125,-31.2256,4.75819,13.407,0.0333238,3.1291,0.0359034,-1.45812,85.7847,101.593,-15.6851,25.9794,9.57116,19.4588,-0.614889,0.401742,0.372667,-2.46372,-0.43344,2.80101,-0.695775,0.000326364,-0.000391852,-0.0016233,-8.21445e-05,-0.00344733,-0.000213948,-0.0016237,
0.21,0,0,0,0,0,0,0,0,0,0,0,0,0,0,0,0,-0.053586,0.99854,0.00516021,0,0.998512,0.05363,-0.00880614,0,-0.0090702,0.00468074,-0.999948,0,0.459901,-0.0783154,0.0439004,1,0.422831,-31.3406,4.68281,13.4784,0.0333238,3.1291,0.0761866,128.208,-215.064,21.9005,51.907,24.1093,1.12694,71.3055,-0.614889,0.401751,0.372675,-2.46372,-0.43344,2.80101,-0.695779,-0.000944701,0.00690436,0.000490503,-0.000766755,-0.00154074,-3.1103e-06,-0.00273035,
0.213,0,0,0,0,0,0,0,0,0,0,0,0,0,0,0,0,-0.0535877,0.99854,0.0051578,0,0.998512,0.0536317,-0.00880796,0,-0.0090719,0.00467821,-0.999948,0,0.459901,-0.0783137,0.0439017,1,0.347452,-31.3009,4.68281,13.4427,0.0278306,3.14284,0.0496363,2.62487,-96.6284,45.2971,40.1706,4.27056,10.4183,46.0386,-0.614884,0.401747,0.372676,-2.46372,-0.433439,2.801,-0.695776,0.000225362,0.00249419,0.0018759,-4.15827e-05,-0.000575936,-0.000358844,-0.00190537,
0.216,0,0,0,0,0,0,0,0,0,0,0,0,0,0,0,0,-0.0535977,0.99854,0.00515921,0,0.998512,0.0536417,-0.0088026,0,-0.00906667,0.00467982,-0.999948,0,0.459903,-0.0783101,0.0439024,1,0.347452,-31.2652,4.64314,13.4427,0.0397325,3.1291,0.069778,-43.8781,105.056,21.1521,-16.6607,-3.53214,1.50509,76.8064,-0.614882,0.401747,0.37268,-2.46372,-0.43344,2.80101,-0.695778,0.000654527,0.000149546,0.00156902,0.000266085,-0.000662662,4.06124e-05,-0.00170237,
0.219,0,0,0,0,0,0,0,0,0,0,0,0,0,0,0,0,-0.0535937,0.99854,0.00516089,0,0.998512,0.0536377,-0.00881308,0,-0.00907721,0.00468098,-0.999948,0,0.459899,-0.0783107,0.0438998,1,0.387125,-31.3406,4.68281,13.4784,0.0278306,3.14284,0.056045,66.7478,-128.26,102.973,-0.60051,1.46152,-4.52381,81.0443,-0.614883,0.40175,0.372678,-2.46372,-0.43344,2.801,-0.695777,-0.000527856,0.0015297,0.00302034,0.000264444,-0.00687484,-0.000266769,-0.000583525,
0.222,0,0,0,0,0,0,0,0,0,0,0,0,0,0,0,0,-0.0535927,0.99854,0.00516104,0,0.998512,0.0536367,-0.00881052,0,-0.00907465,0.00468127,-0.999948,0,0.4599,-0.0783092,0.0439004,1,0.387125,-31.3009,4.68281,13.4784,0.0397325,3.1291,0.0166774,140.548,7.34334,81.9477,-44.4276,22.7545,-17.638,16.4032,-0.614882,0.40175,0.37268,-2.46372,-0.433441,2.801,-0.695772,-0.000733835,0.000362935,0.00113667,7.83538e-05,-0.00346814,0.000237436,0.000799145,
0.225,0,0,0,0,0,0,0,0,0,0,0,0,0,0,0,0,-0.053602,0.998539,0.00516578,0,0.998511,0.0536461,-0.00881579,0,-0.00908021,0.00468564,-0.999948,0,0.459899,-0.0783009,0.0438991,1,0.311747,-31.3406,4.60743,13.5498,0.0214219,3.14284,-0.0171971,-57.276,-125.66,-26.2269,-7.93984,-32.5972,3.56069,-56.4163,-0.614874,0.40175,0.372687,-2.46373,-0.433438,2.801,-0.695769,0.000751833,0.00123961,0.00366962,-0.00136881,-0.000872838,-0.000155705,0.00197742,
0.228,0,0,0,0,0,0,0,0,0,0,0,0,0,0,0,0,-0.0536041,0.998539,0.00516364,0,0.998511,0.0536482,-0.00880652,0,-0.00907085,0.00468398,-0.999948,0,0.459902,-0.0783013,0.0439014,1,0.311747,-31.3009,4.64314,13.5141,0.0214219,3.1291,-0.00346424,-59.8686,72.702,34.305,82.0095,0.529527,-20.1733,-51.1878,-0.614873,0.401747,0.372687,-2.46372,-0.433438,2.80101,-0.69577,0.000624908,-0.000346717,0.000628195,5.84355e-05,-0.000417443,0.000383372,0.000600971,
0.231,0,0,0,0,0,0,0,0,0,0,0,0,0,0,0,0,-0.0536104,0.998539,0.00516474,0,0.998511,0.0536545,-0.00881367,0,-0.00907808,0.00468464,-0.999948,0,0.4599,-0.0782996,0.0439004,1,0.347452,-31.3009,4.60743,13.5141,0.0278306,3.15016,0.0230861,69.7748,-3.38278,1.24506,32.1161,-21.9116,14.5528,-35.6189,-0.614873,0.401748,0.37269,-2.46373,-0.433439,2.801,-0.695773,-0.000763485,-2.72676e-05,-7.7958e-05,-7.54878e-05,-0.000281114,-0.000436478,-7.05961e-05,
0.234,0,0,0,0,0,0,0,0,0,0,0,0,0,0,0,0,-0.0536317,0.998538,0.00516612,0,0.99851,0.0536758,-0.00881017,0,-0.00907476,0.00468601,-0.999948,0,0.459902,-0.0782905,0.0439017,1,0.236368,-31.2652,4.53205,13.5141,0.0333238,3.14284,0.0432277,-190.726,41.307,-153.997,-120.859,5.59206,12.656,14.6501,-0.614862,0.401746,0.372698,-2.46373,-0.43344,2.801,-0.695775,0.00144422,-0.000377902,0.00129151,0.000369464,-0.000217053,0.00014194,-0.00106831,
0.237,0,0,0,0,0,0,0,0,0,0,0,0,0,0,0,0,-0.0536271,0.998538,0.00516961,0,0.99851,0.0536713,-0.0088139,0,-0.00907864,0.00468934,-0.999948,0,0.459901,-0.0782897,0.0438994,1,0.276041,-31.3406,4.56776,13.4784,0.0333238,3.14284,0.00294445,-55.997,-148.151,70.3735,-161.36,-8.95647,-9.04889,-64.1993,-0.614862,0.401752,0.372698,-2.46372,-0.43344,2.801,-0.695771,-0.000108273,0.00177559,-0.000424307,-0.00197171,2.88229e-06,4.20564e-05,0.000399308,
0.24,0,0,0,0,0,0,0,0,0,0,0,0,0,0,0,0,-0.0536369,0.998537,0.00517092,0,0.99851,0.0536811,-0.00881585,0,-0.00908071,0.00469045,-0.999948,0,0.459899,-0.0782875,0.0438993,1,0.311747,-31.3009,4.53205,13.5498,0.0278306,3.14284,0.0624537,15.3796,-52.6187,-38.8994,9.87843,-14.7462,3.09523,42.6344,-0.614862,0.40175,0.372701,-2.46373,-0.433439,2.801,-0.695778,-0.000124883,0.000577903,0.000535808,-0.0020986,0.000131457,1.24612e-05,-0.00251901,
0.243,0,0,0,0,0,0,0,0,0,0,0,0,0,0,0,0,-0.0536349,0.998538,0.00517068,0,0.99851,0.0536791,-0.00881755,0,-0.00908238,0.00469013,-0.999948,0,0.459899,-0.0782881,0.0438989,1,0.311747,-31.3406,4.60743,13.5141,0.0214219,3.15016,0.0496363,59.7479,-156.938,42.9434,-157.673,-3.77734,-8.2452,45.4505,-0.614861,0.40175,0.372699,-2.46373,-0.433438,2.801,-0.695777,0.000148602,0.000893128,-0.00120762,0.000599053,0.000387215,-0.000116871,-0.00102518,
0.246,0,0,0,0,0,0,0,0,0,0,0,0,0,0,0,0,-0.0536423,0.998537,0.00517069,0,0.998509,0.0536865,-0.00881531,0,-0.00908018,0.0046902,-0.999948,0,0.4599,-0.0782831,0.0439001,1,0.276041,-31.2652,4.56776,13.5498,0.0333238,3.14284,0.0230861,-109.722,-71.2071,35.1771,21.7127,0.810394,-15.469,10.7344,-0.614856,0.401747,0.372704,-2.46373,-0.43344,2.801,-0.695773,0.000879248,-0.000704591,0.00332448,-0.00061973,-0.000100918,0.000349667,-0.000307523,
0.249,0,0,0,0,0,0,0,0,0,0,0,0,0,0,0,0,-0.0536538,0.998537,0.00516843,0,0.998509,0.053698,-0.0088116,0,-0.00907641,0.00468804,-0.999948,0,0.459902,-0.0782801,0.0439026,1,0.236368,-31.2256,4.49635,13.5141,0.0397325,3.17122,0.0496363,-136.114,95.4445,-92.9253,-26.2628,14.5124,45.6701,42.6415,-0.614852,0.401743,0.372709,-2.46373,-0.43344,2.801,-0.695776,0.00146694,-0.000435598,0.00285521,0.00114404,-0.000282709,-0.000796852,-0.000919991,
0.252,0,0,0,0,0,0,0,0,0,0,0,0,0,0,0,0,-0.0536497,0.998537,0.00517078,0,0.998509,0.0536938,-0.00881481,0,-0.00907973,0.00469025,-0.999948,0,0.459899,-0.0782802,0.0439012,1,0.276041,-31.2256,4.49635,13.5895,0.0333238,3.15016,0.0359034,-13.2435,27.9535,-164.252,170.239,9.46845,-18.5037,21.2899,-0.614855,0.401743,0.37271,-2.46374,-0.43344,2.801,-0.695775,-0.00018403,-0.000252794,0.00128697,-0.00143402,2.15679e-05,0.000261219,0.000616564,
0.255,0,0,0,0,0,0,0,0,0,0,0,0,0,0,0,0,-0.0536556,0.998536,0.0051731,0,0.998509,0.0536997,-0.00881824,0,-0.0090833,0.00469233,-0.999948,0,0.459899,-0.0782787,0.0438993,1,0.236368,-31.3009,4.56776,13.5895,0.0333238,3.15016,0.069778,-134.181,-79.9212,-18.0038,12.4067,-17.4381,-16.6132,90.3555,-0.614852,0.401748,0.372708,-2.46373,-0.43344,2.801,-0.695778,0.00172933,0.00168834,-8.62815e-05,-0.00113018,8.54429e-05,7.73983e-05,-0.00084587,
0.258,0,0,0,0,0,0,0,0,0,0,0,0,0,0,0,0,-0.0536466,0.998537,0.00517234,0,0.998509,0.0536908,-0.0088159,0,-0.00908089,0.00469178,-0.999948,0,0.459899,-0.07828,0.0439002,1,0.311747,-31.2652,4.56776,13.5895,0.0397325,3.13643,0.00294445,190.005,-86.496,69.9469,27.5654,21.2798,-18.2936,-49.3528,-0.614857,0.401745,0.372711,-2.46374,-0.433441,2.801,-0.695771,-0.00132302,0.000923015,-0.000182235,-0.0070075,-0.000159324,0.000591841,0.00210412,
0.261,0,0,0,0,0,0,0,0,0,0,0,0,0,0,0,0,-0.0536494,0.998537,0.00516711,0,0.998509,0.0536934,-0.00880578,0,-0.00907051,0.00468707,-0.999948,0,0.459903,-0.0782793,0.043905,1,0.276041,-31.1502,4.53205,13.5498,0.0397325,3.15016,-0.00987293,-38.8603,100.403,-67.1346,-18.5453,-2.85678,-6.44337,-55.5031,-0.614855,0.401737,0.372714,-2.46373,-0.43344,2.801,-0.695769,-2.07985e-05,-0.0017166,0.000515023,-0.00224687,-4.72192e-05,-0.000163724,0.00222467,
0.264,0,0,0,0,0,0,0,0,0,0,0,0,0,0,0,0,-0.053654,0.998537,0.00517251,0,0.998509,0.0536982,-0.00880878,0,-0.00907382,0.00469226,-0.999948,0,0.459903,-0.0782762,0.0439024,1,0.276041,-31.2652,4.53205,13.5141,0.0333238,3.14284,0.00294445,-40.204,-213.903,-64.9656,-83.8387,27.2584,-22.5327,-76.188,-0.614853,0.401745,0.372716,-2.46373,-0.43344,2.801,-0.695771,-6.16253e-06,0.00166707,0.0019033,-0.000441891,-2.15311e-05,0.000313179,0.00156716,
0.267,0,0,0,0,0,0,0,0,0,0,0,0,0,0,0,0,-0.0536612,0.998536,0.00517067,0,0.998508,0.0537053,-0.00881246,0,-0.00907743,0.00469016,-0.999948,0,0.4599,-0.0782732,0.0439032,1,0.200663,-31.1502,4.49635,13.6252,0.0397325,3.15016,0.00294445,-144.297,5.04015,-37.548,91.4614,12.802,19.5535,-57.8911,-0.614849,0.401737,0.372717,-2.46374,-0.43344,2.801,-0.695771,0.00176141,-0.00149614,0.00152773,-0.00219962,0.00498052,-0.000178474,0.00104079,
