0.001,0,0,0,0,0,0,0,0,0,0,0,0,0,0,0,0,0.020226,0.998135,0.0574383,0,0.999261,-0.0183213,-0.0334963,0,-0.0323821,0.0580745,-0.997787,0,0.509499,0.0103832,0.0644656,1,0.200663,-32.503,4.19483,15.1963,0.14868,2.29964,-0.0300145,-90.2386,-17.6905,-63.3011,-34.329,5.73584,0.369087,63.1158,-0.346985,0.412886,0.329073,-2.32916,-0.165817,2.68169,-0.657525,0.000582609,-0.000689903,0.000892085,0.000335355,-2.92443e-05,-4.98113e-05,-0.000466655,
0.004,0,0,0,0,0,0,0,0,0,0,0,0,0,0,0,0,0.0202193,0.998135,0.0574401,0,0.999261,-0.0183142,-0.0335008,0,-0.032387,0.0580761,-0.997787,0,0.509497,0.0103856,0.0644642,1,0.236368,-32.5387,4.23054,15.232,0.142272,2.2859,-0.0364232,17.5357,-76.0644,57.5251,15.99,12.147,-20.1159,62.5507,-0.346987,0.412888,0.329079,-2.32916,-0.16582,2.68169,-0.657526,-0.000681925,0.00063079,-0.000651413,-0.000921457,0.000149574,0.000248973,0.000151834,
0.007,0,0,0,0,0,0,0,0,0,0,0,0,0,0,0,0,0.0202235,0.998134,0.0574444,0,0.999261,-0.018318,-0.0335064,0,-0.0323922,0.0580807,-0.997786,0,0.509495,0.0103899,0.0644634,1,0.236368,-32.5387,4.19483,15.232,0.142272,2.30696,-0.0693822,-29.6393,-62.2446,-32.5783,117.132,5.41246,19.1659,-8.87827,-0.346987,0.412889,0.329086,-2.32917,-0.165815,2.68169,-0.657519,-3.98076e-06,0.000372499,0.000686541,-0.00101544,0.000289212,-0.000615701,0.000500867,
0.01,0,0,0,0,0,0,0,0,0,0,0,0,0,0,0,0,0.0202162,0.998134,0.0574451,0,0.999261,-0.0183112,-0.0334964,0,-0.0323826,0.0580809,-0.997787,0,0.509499,0.0103904,0.064466,1,0.311747,-32.5387,4.23054,15.1963,0.136778,2.30696,-0.0767064,29.2753,-90.4003,-42.2242,-45.2331,-5.09452,11.7324,4.39052,-0.346992,0.412888,0.329092,-2.32916,-0.165819,2.68169,-0.657523,-0.000973885,0.000110368,-0.000427491,0.000348743,0.000289143,-0.000242712,-0.000126631,
0.013,0,0,0,0,0,0,0,0,0,0,0,0,0,0,0,0,0.0202109,0.998134,0.0574476,0,0.999261,-0.0183057,-0.0334987,0,-0.0323852,0.0580834,-0.997786,0,0.509497,0.0103929,0.0644651,1,0.276041,-32.5387,4.30592,15.232,0.142272,2.29964,-0.0364232,-121.733,26.8574,98.3285,52.2297,1.60713,4.46984,31.4704,-0.346989,0.412889,0.329093,-2.32916,-0.165815,2.68169,-0.657527,0.00063801,-9.10353e-05,-0.00108804,0.00514321,0.000127116,4.86487e-05,-0.00187988,
0.016,0,0,0,0,0,0,0,0,0,0,0,0,0,0,0,0,0.0202058,0.998134,0.0574508,0,0.999262,-0.0183009,-0.0334919,0,-0.0323786,0.0580863,-0.997786,0,0.5095,0.0103976,0.064468,1,0.347452,-32.5387,4.23054,15.1606,0.142272,2.29964,-0.0693822,97.977,-60.4384,-83.9072,-108.141,4.5302,-0.830049,-19.8506,-0.346992,0.412886,0.329105,-2.32916,-0.165816,2.68169,-0.657524,-0.001018,5.55168e-05,0.00505904,0.00339863,0.000116784,-0.000207874,-0.000214149,
0.019,0,0,0,0,0,0,0,0,0,0,0,0,0,0,0,0,0.0202139,0.998134,0.0574511,0,0.999261,-0.0183087,-0.0334976,0,-0.0323839,0.0580869,-0.997786,0,0.509497,0.0103975,0.0644664,1,0.311747,-32.503,4.27021,15.2677,0.142272,2.29964,-0.0959325,46.426,-67.331,38.0831,247.992,0.014217,10.3206,-82.6889,-0.346994,0.412886,0.329107,-2.32917,-0.165816,2.68169,-0.657516,-0.00531369,-0.00112811,0.00285813,-0.000435149,0.000181539,-6.15923e-05,0.0013494,
0.022,0,0,0,0,0,0,0,0,0,0,0,0,0,0,0,0,0.0202113,0.998134,0.0574525,0,0.999262,-0.0183061,-0.0334965,0,-0.0323829,0.0580882,-0.997786,0,0.509498,0.0104004,0.0644679,1,0.236368,-32.503,4.19483,15.232,0.142272,2.32802,-0.109665,-71.8294,7.80966,-75.1882,36.9083,6.20183,13.8902,-71.2039,-0.346993,0.412885,0.329111,-2.32916,-0.165815,2.68169,-0.657514,-0.00134481,0.000181312,0.0021256,-0.00027188,0.000204493,-0.000545714,0.00180137,
0.025,0,0,0,0,0,0,0,0,0,0,0,0,0,0,0,0,0.0202059,0.998134,0.057455,0,0.999262,-0.0183004,-0.0334988,0,-0.0323855,0.0580906,-0.997786,0,0.509497,0.0104029,0.0644664,1,0.276041,-32.5387,4.23054,15.232,0.142272,2.31428,-0.0895238,47.9862,-95.1606,15.7286,105.834,0.260371,-4.98012,-27.172,-0.346993,0.412888,0.329115,-2.32916,-0.165815,2.68169,-0.657517,-0.00192562,0.000507421,0.00016441,-2.34106e-05,0.000260274,-6.37353e-05,0.000793704,
0.028,0,0,0,0,0,0,0,0,0,0,0,0,0,0,0,0,0.0201945,0.998134,0.0574539,0,0.999262,-0.0182897,-0.0334884,0,-0.0323757,0.0580889,-0.997786,0,0.509501,0.0104043,0.0644702,1,0.276041,-32.503,4.23054,15.1606,0.14868,2.31428,-0.0300145,-66.1397,44.4704,35.0729,-118.224,6.54188,3.80319,77.1724,-0.34699,0.412884,0.329116,-2.32916,-0.165816,2.68169,-0.657523,-0.000705867,-0.000220861,0.00341493,0.0012236,-0.000160241,-7.91662e-05,-0.00102321,
0.031,0,0,0,0,0,0,0,0,0,0,0,0,0,0,0,0,0.0201847,0.998134,0.0574564,0,0.999262,-0.0182796,-0.033492,0,-0.0323799,0.0580912,-0.997786,0,0.509499,0.0104085,0.0644684,1,0.236368,-32.5387,4.23054,15.232,0.142272,2.29964,-0.0171971,-85.9614,-72.303,-81.0806,37.3602,-13.8147,-44.2961,84.1462,-0.346989,0.412886,0.329122,-2.32916,-0.165818,2.68169,-0.657525,0.000661789,0.000377947,0.00408408,-0.000833707,0.00018988,0.000598198,-0.00225102,
0.034,0,0,0,0,0,0,0,0,0,0,0,0,0,0,0,0,0.0201977,0.998134,0.0574573,0,0.999262,-0.0182928,-0.0334893,0,-0.0323764,0.0580924,-0.997786,0,0.509501,0.0104041,0.0644709,1,0.311747,-32.4633,4.19483,15.1963,0.136778,2.32802,-0.0300145,143.637,103.383,-59.6461,0.370557,-29.7165,-9.89178,46.9887,-0.347001,0.412882,0.329125,-2.32916,-0.165815,2.68169,-0.657523,-0.00525567,-0.00146565,0.00195643,-5.71296e-05,0.000312458,-0.000120397,-0.00163148,
0.037,0,0,0,0,0,0,0,0,0,0,0,0,0,0,0,0,0.0202012,0.998134,0.0574556,0,0.999262,-0.0182957,-0.0335001,0,-0.032387,0.0580911,-0.997786,0,0.509496,0.0104044,0.0644672,1,0.236368,-32.503,4.19483,15.2677,0.136778,2.34175,-0.0895238,133.488,-16.0184,17.375,101.157,-26.0982,0.700662,-45.3994,-0.346997,0.412886,0.329122,-2.32917,-0.165818,2.68168,-0.657517,-0.00486331,-0.00069205,0.00293608,-0.00159275,0.000435432,-0.000431271,0.00174702,
0.04,0,0,0,0,0,0,0,0,0,0,0,0,0,0,0,0,0.0201911,0.998134,0.0574584,0,0.999262,-0.0182857,-0.0334955,0,-0.032383,0.0580934,-0.997786,0,0.509498,0.0104117,0.0644702,1,0.276041,-32.4633,4.23054,15.232,0.142272,2.34175,-0.109665,-136.199,143.293,19.084,55.7742,-18.7166,-22.3947,-69.7799,-0.346994,0.412881,0.329132,-2.32917,-0.165817,2.68168,-0.657514,-0.000185584,-0.000823732,0.000633008,-0.000935172,0.000117714,-0.000188066,0.00223943,
0.043,0,0,0,0,0,0,0,0,0,0,0,0,0,0,0,0,0.0201761,0.998134,0.0574638,0,0.999262,-0.0182702,-0.0335018,0,-0.03239,0.0580985,-0.997785,0,0.509497,0.0104162,0.064469,1,0.347452,-32.503,4.27021,15.1963,0.14868,2.36922,-0.0236058,-47.7113,18.3584,-105.124,-8.76427,10.4886,37.6794,86.7591,-0.346998,0.412886,0.329143,-2.32916,-0.165816,2.68168,-0.657524,-0.00661803,0.000560215,0.000722551,0.000372848,-0.000202481,-0.000771568,-0.000907555,
0.046,0,0,0,0,0,0,0,0,0,0,0,0,0,0,0,0,0.020183,0.998134,0.057462,0,0.999262,-0.018277,-0.0335032,0,-0.032391,0.0580969,-0.997785,0,0.509496,0.0104155,0.0644692,1,0.276041,-32.503,4.30592,15.232,0.14868,2.37654,-0.0501561,-135.506,-65.716,-22.3509,38.84,30.2823,7.32869,44.2186,-0.346998,0.412884,0.329143,-2.32917,-0.165817,2.68168,-0.657517,-0.00133978,0.000568132,-0.000155851,0.000203411,-0.000157952,-0.000729704,-0.000977215,
0.048,0,0,0,0,0,0,0,0,0,0,0,0,0,0,0,0,0.0201924,0.998134,0.0574619,0,0.999262,-0.0182867,-0.0334998,0,-0.0323871,0.058097,-0.997785,0,0.509497,0.0104144,0.0644712,1,0.347452,-32.4276,4.34559,15.232,0.14868,2.38295,-0.116074,8.18997,73.3603,16.6331,91.7331,25.697,10.8384,-93.0623,-0.347002,0.41288,0.329145,-2.32917,-0.165816,2.68168,-0.65751,-0.00229323,-0.00209848,0.00210484,-0.000187947,-0.000217137,-0.000561672,0.00176973,
0.051,0,0,0,0,0,0,0,0,0,0,0,0,0,0,0,0,0.0201847,0.998134,0.0574655,0,0.999262,-0.0182786,-0.0335038,0,-0.0323915,0.0581005,-0.997785,0,0.509496,0.0104176,0.0644702,1,0.347452,-32.4633,4.34559,15.232,0.136778,2.39668,-0.103257,-119.345,37.9343,15.5452,-9.37856,3.14701,9.15833,-70.2708,-0.347003,0.412882,0.329151,-2.32917,-0.165815,2.68167,-0.657515,-6.84443e-05,-0.0003743,0.000511424,0.000408354,0.000323726,-0.000675048,0.000953871,
0.054,0,0,0,0,0,0,0,0,0,0,0,0,0,0,0,0,0.0201839,0.998134,0.0574677,0,0.999262,-0.0182775,-0.0335082,0,-0.032396,0.0581027,-0.997785,0,0.509497,0.0104181,0.0644702,1,0.311747,-32.5387,4.23054,15.1606,0.142272,2.42415,-0.0629735,-30.942,-210.541,-124.255,-159.866,-4.99671,26.7773,24.077,-0.347009,0.412886,0.329158,-2.32916,-0.165815,2.68167,-0.657515,-0.00247151,0.00173482,0.00270361,0.00188425,-3.97149e-05,-0.00611141,0.000542593,
0.057,0,0,0,0,0,0,0,0,0,0,0,0,0,0,0,0,0.0201762,0.998134,0.0574681,0,0.999262,-0.0182695,-0.0335125,0,-0.0324007,0.0581029,-0.997785,0,0.509494,0.0104187,0.0644686,1,0.276041,-32.5387,4.23054,15.232,0.142272,2.42415,-0.00987293,-30.9293,-140.87,49.7441,-21.4279,-16.9057,4.6761,97.0359,-0.347009,0.412886,0.329157,-2.32917,-0.165815,2.68167,-0.657522,-0.000509195,0.00118426,0.00138842,0.000218027,6.73523e-05,-0.0026522,-0.00167029,
0.06,0,0,0,0,0,0,0,0,0,0,0,0,0,0,0,0,0.0201853,0.998134,0.0574673,0,0.999261,-0.0182785,-0.033514,0,-0.0324017,0.0581025,-0.997785,0,0.509494,0.0104169,0.0644687,1,0.276041,-32.503,4.27021,15.232,0.136778,2.43147,-0.0767064,-18.5629,30.7734,73.0274,-13.6152,-3.10075,11.4201,-41.5823,-0.347011,0.412885,0.329157,-2.32917,-0.165815,2.68167,-0.657516,0.000329119,-0.000484326,0.00200126,-2.81991e-05,0.000110379,-0.00128186,0.000224712,
0.061,0,0,0,0,0,0,0,0,0,0,0,0,0,0,0,0,0.0201799,0.998134,0.0574659,0,0.999261,-0.0182729,-0.0335192,0,-0.0324072,0.058101,-0.997785,0,0.509492,0.0104173,0.0644679,1,0.276041,-32.5387,4.23054,15.232,0.14868,2.4452,-0.0501561,43.2819,32.9556,49.2716,-82.3968,-0.344483,14.9122,62.99,-0.347012,0.412886,0.329158,-2.32917,-0.165819,2.68166,-0.657517,0.000169039,0.000512334,0.00246766,-1.87987e-05,-0.000367224,-0.00144299,-0.000833536,
0.065,0,0,0,0,0,0,0,0,0,0,0,0,0,0,0,0,0.0201776,0.998134,0.0574675,0,0.999261,-0.0182697,-0.0335324,0,-0.0324205,0.0581027,-0.997784,0,0.509489,0.010421,0.0644649,1,0.200663,-32.5784,4.23054,15.2677,0.14868,2.46626,-0.0895238,-142.728,-3.37546,12.4617,95.4379,10.6219,0.090863,-48.0693,-0.347006,0.412889,0.329158,-2.32917,-0.165816,2.68165,-0.657516,0.00166024,-2.59714e-05,0.000635085,-0.00102453,-0.00019059,-0.000814985,0.000944282,
0.068,0,0,0,0,0,0,0,0,0,0,0,0,0,0,0,0,0.0201708,0.998134,0.0574687,0,0.999261,-0.0182626,-0.0335376,0,-0.0324261,0.0581038,-0.997784,0,0.509488,0.0104228,0.0644639,1,0.200663,-32.6141,4.15913,15.232,0.154173,2.47267,-0.0693822,-82.9123,-32.2912,19.5831,-31.9882,8.01183,-12.0505,30.2843,-0.347007,0.412893,0.329163,-2.32917,-0.165818,2.68165,-0.657519,0.00016457,0.000363513,0.00146808,0.000346048,-0.00021471,-0.000285083,-0.000307959,
0.071,0,0,0,0,0,0,0,0,0,0,0,0,0,0,0,0,0.0201669,0.998134,0.0574709,0,0.99926,-0.0182574,-0.0335581,0,-0.0324468,0.0581063,-0.997783,0,0.50948,0.0104251,0.0644589,1,0.236368,-32.6538,4.15913,15.3431,0.14868,2.49373,-0.00346424,37.1479,-0.573364,-43.864,135.745,-10.8666,-6.03243,58.6752,-0.347007,0.412896,0.329166,-2.32918,-0.165816,2.68164,-0.657522,-0.00130962,0.000829501,0.0011156,-0.00190818,-7.49207e-05,-0.000556155,-0.00200142,
0.074,0,0,0,0,0,0,0,0,0,0,0,0,0,0,0,0,0.020165,0.998134,0.0574695,0,0.99926,-0.0182554,-0.0335613,0,-0.0324502,0.0581049,-0.997783,0,0.50948,0.0104254,0.0644585,1,0.200663,-32.6538,4.19483,15.3074,0.154173,2.49373,-0.00987293,-29.3205,29.7808,59.54,29.3383,9.19071,-22.4892,76.2663,-0.347004,0.412897,0.329163,-2.32917,-0.165816,2.68164,-0.657522,5.21449e-05,0.000946949,-2.75835e-05,-0.000586008,-0.000278396,-0.000117119,-0.00153115,
0.077,0,0,0,0,0,0,0,0,0,0,0,0,0,0,0,0,0.0201737,0.998134,0.057472,0,0.99926,-0.0182634,-0.0335722,0,-0.0324605,0.0581079,-0.997782,0,0.509478,0.010427,0.0644556,1,0.236368,-32.7252,4.19483,15.2677,0.142272,2.50014,-0.0831151,75.5838,22.6795,0.0502777,-91.5648,-7.74824,-24.0572,-74.5494,-0.347004,0.412904,0.329166,-2.32917,-0.165815,2.68163,-0.657513,-0.000233374,0.00176541,0.00167537,0.000445048,0.000358322,-0.00354165,0.00137361,
0.08,0,0,0,0,0,0,0,0,0,0,0,0,0,0,0,0,0.0201621,0.998134,0.0574712,0,0.99926,-0.0182511,-0.033584,0,-0.032473,0.0581069,-0.997782,0,0.509475,0.0104297,0.0644529,1,0.236368,-32.7649,4.15913,15.3074,0.154173,2.52119,-0.0959325,119.565,10.4168,-21.9067,78.9961,10.3717,10.0735,-65.8055,-0.347003,0.412907,0.329169,-2.32917,-0.165821,2.68162,-0.657515,-0.000925559,0.000657132,0.00137072,-2.18128e-06,-0.000202774,-0.00542473,0.00173319,
0.083,0,0,0,0,0,0,0,0,0,0,0,0,0,0,0,0,0.020156,0.998134,0.0574703,0,0.999259,-0.018244,-0.0336006,0,-0.0324901,0.0581061,-0.997782,0,0.509468,0.0104341,0.064449,1,0.0895788,-32.7649,4.19483,15.4145,0.14868,2.54225,-0.0767064,-93.6252,65.4964,121.541,167.923,0.948558,17.0891,-6.3075,-0.346993,0.412907,0.329166,-2.32918,-0.16582,2.68162,-0.657514,0.00248896,-8.37003e-05,-5.58739e-05,-0.00885271,-0.000101525,-0.00758355,0.00047963,
0.086,0,0,0,0,0,0,0,0,0,0,0,0,0,0,0,0,0.0201513,0.998134,0.0574774,0,0.999259,-0.0182389,-0.0336038,0,-0.0324934,0.0581131,-0.997781,0,0.509468,0.0104379,0.0644478,1,0.16099,-32.8402,4.11946,15.3788,0.142272,2.54225,-0.0364232,-84.2985,-27.0059,-150.918,-30.0484,-10.5798,4.65071,54.7335,-0.346998,0.412912,0.329177,-2.32918,-0.165816,2.68161,-0.657518,0.000304291,0.00134661,0.000807099,-0.0032577,0.000252489,-0.00297415,-0.000615175,
0.089,0,0,0,0,0,0,0,0,0,0,0,0,0,0,0,0,0.0201497,0.998134,0.0574737,0,0.999259,-0.018237,-0.0336105,0,-0.0325003,0.0581095,-0.997781,0,0.509465,0.0104367,0.0644471,1,0.125284,-32.7649,4.23054,15.3788,0.142272,2.54866,-0.0171971,-113.407,223.373,153.754,81.881,-13.6873,-10.9732,80.8163,-0.346992,0.41291,0.32917,-2.32919,-0.165815,2.68161,-0.65752,0.000739731,0.00146961,-0.00164127,-0.00205372,0.000225516,-0.00148099,-0.0010865,
0.092,0,0,0,0,0,0,0,0,0,0,0,0,0,0,0,0,0.0201435,0.998134,0.0574743,0,0.999259,-0.0182302,-0.0336228,0,-0.0325129,0.0581101,-0.997781,0,0.509462,0.0104389,0.0644439,1,0.200663,-32.8402,4.19483,15.3788,0.160582,2.54225,-0.0629735,82.35,27.6068,73.5735,40.5303,18.1994,5.47317,-24.6312,-0.346995,0.412916,0.329176,-2.32919,-0.165821,2.6816,-0.657518,0.000980276,0.00104622,-0.000881327,-0.000476096,-0.000411666,-0.000263921,0.000537088,
0.095,0,0,0,0,0,0,0,0,0,0,0,0,0,0,0,0,0.0201403,0.998134,0.0574803,0,0.999258,-0.0182254,-0.0336469,0,-0.0325372,0.0581165,-0.997779,0,0.509455,0.0104478,0.0644381,1,0.125284,-32.9513,4.11946,15.4145,0.154173,2.56239,-0.0959325,-149.516,-57.5102,16.1556,32.2739,4.29137,15.7857,-91.3823,-0.346989,0.412924,0.329184,-2.32919,-0.165817,2.68159,-0.657512,0.00188174,0.00558673,0.00111328,-0.00113068,-0.000182257,-0.000779424,0.001896,
0.098,0,0,0,0,0,0,0,0,0,0,0,0,0,0,0,0,0.0201356,0.998134,0.05748,0,0.999258,-0.0182199,-0.0336602,0,-0.0325507,0.0581162,-0.997779,0,0.509451,0.0104473,0.0644362,1,0.16099,-32.9156,4.15913,15.4145,0.142272,2.53493,-0.0565648,7.49164,10.3079,44.8919,21.9319,-11.5786,-6.09551,-35.3202,-0.346989,0.412924,0.329184,-2.32919,-0.165815,2.68158,-0.657519,-0.000277705,0.00145225,-0.000473158,-0.0022478,0.0004923,-0.00227107,-0.000169137,
0.101,0,0,0,0,0,0,0,0,0,0,0,0,0,0,0,0,0.0201364,0.998134,0.0574749,0,0.999257,-0.0182196,-0.033681,0,-0.0325716,0.0581115,-0.997779,0,0.509447,0.0104461,0.0644341,1,0.16099,-32.9156,4.19483,15.4145,0.14868,2.54866,-0.0959325,11.6069,49.1788,139.675,-12.9459,5.20427,-22.4062,-51.235,-0.346988,0.412925,0.329182,-2.32919,-0.165819,2.68156,-0.657515,0.000163078,0.00120642,-0.000902699,-0.00380889,-1.23725e-05,-0.00457731,0.002007,
0.104,0,0,0,0,0,0,0,0,0,0,0,0,0,0,0,0,0.0201269,0.998134,0.0574759,0,0.999256,-0.0182083,-0.0337123,0,-0.0326035,0.0581128,-0.997777,0,0.509438,0.010451,0.0644288,1,0.16099,-32.9513,4.19483,15.4541,0.14868,2.52852,-0.0767064,-17.8848,1.69984,-1.48907,72.2763,-2.46101,24.8974,-40.7462,-0.346986,0.41293,0.329188,-2.3292,-0.16582,2.68154,-0.657517,-0.000213577,0.00489513,-0.00124682,-0.00258159,-5.64124e-05,-0.0107365,0.00124269,
0.107,0,0,0,0,0,0,0,0,0,0,0,0,0,0,0,0,0.0201178,0.998135,0.0574754,0,0.999255,-0.0181976,-0.0337392,0,-0.032631,0.0581125,-0.997777,0,0.509433,0.0104572,0.064429,1,0.16099,-32.9156,4.15913,15.4145,0.142272,2.51478,-0.0767064,-82.5593,88.5698,-51.9138,28.1619,0.0797696,-8.68839,-7.05307,-0.346982,0.412926,0.329196,-2.3292,-0.165815,2.6815,-0.657517,-5.6317e-05,0.00127375,-0.000307464,-0.000759554,0.000141525,-0.00780598,0.00103507,
0.11,0,0,0,0,0,0,0,0,0,0,0,0,0,0,0,0,0.0201158,0.998135,0.0574703,0,0.999254,-0.0181938,-0.0337723,0,-0.0326644,0.0581079,-0.997776,0,0.509427,0.0104557,0.0644258,1,0.125284,-32.9156,4.23054,15.4145,0.142272,2.53493,-0.0171971,-69.9853,48.7264,75.3299,-36.1775,-11.3431,-19.0031,73.3426,-0.346979,0.412928,0.329192,-2.3292,-0.165815,2.68147,-0.65752,0.000635866,0.000185107,-0.00111188,-0.000689702,0.000286827,-0.00830295,-0.00118152,
0.113,0,0,0,0,0,0,0,0,0,0,0,0,0,0,0,0,0.0201047,0.998135,0.0574664,0,0.999253,-0.0181809,-0.0338069,0,-0.0326998,0.0581043,-0.997775,0,0.509419,0.0104595,0.0644232,1,0.125284,-32.9156,4.19483,15.3788,0.14868,2.52852,-0.0171971,-86.3949,41.441,-40.6034,-96.8291,-3.91527,-5.55699,84.571,-0.346977,0.412928,0.329198,-2.3292,-0.165819,2.68143,-0.65752,0.00175697,-0.000324987,0.000433609,0.000313036,2.47042e-05,-0.0141455,-0.000967965,
0.116,0,0,0,0,0,0,0,0,0,0,0,0,0,0,0,0,0.0201141,0.998135,0.0574626,0,0.999252,-0.0181882,-0.0338442,0,-0.0327365,0.0581015,-0.997774,0,0.509411,0.0104569,0.064419,1,0.200663,-32.9513,4.27021,15.3431,0.14868,2.53493,-0.0629735,-46.555,20.7257,147.022,-78.9138,2.52354,-2.72532,-43.9119,-0.346981,0.41293,0.329198,-2.3292,-0.165819,2.6814,-0.657515,0.000201454,0.000898173,8.73343e-05,0.000725735,-2.2821e-05,-0.0123403,0.000248195,
0.119,0,0,0,0,0,0,0,0,0,0,0,0,0,0,0,0,0.0201125,0.998135,0.0574626,0,0.999251,-0.0181845,-0.0338791,0,-0.0327716,0.0581021,-0.997773,0,0.509401,0.0104608,0.0644139,1,0.16099,-32.9513,4.23054,15.4541,0.154173,2.54866,-0.0895238,-54.4452,-16.2663,56.6817,33.4823,14.5208,7.85301,-68.3412,-0.346979,0.412932,0.329202,-2.3292,-0.165817,2.68137,-0.657512,0.000987931,-0.000110724,0.000190581,-0.00174083,-0.00030817,-0.00546029,0.000695194,
0.122,0,0,0,0,0,0,0,0,0,0,0,0,0,0,0,0,0.0201125,0.998136,0.0574604,0,0.99925,-0.018184,-0.03389,0,-0.0327826,0.0581,-0.997772,0,0.5094,0.0104598,0.064416,1,0.16099,-32.9156,4.19483,15.4145,0.154173,2.55598,-0.109665,1.29949,33.0985,59.4957,-68.1296,11.0033,-19.5648,-104.815,-0.346984,0.412928,0.329207,-2.3292,-0.165816,2.68135,-0.657513,0.000107209,-0.000676101,0.00343048,0.000203033,-0.000336204,-0.00482551,0.00152841,
0.125,0,0,0,0,0,0,0,0,0,0,0,0,0,0,0,0,0.0201125,0.998136,0.0574573,0,0.99925,-0.0181835,-0.0339001,0,-0.0327927,0.0580972,-0.997772,0,0.509398,0.010458,0.0644157,1,0.16099,-32.8759,4.15913,15.4145,0.14868,2.54225,-0.0959325,54.873,189.94,25.9366,-36.0923,-3.81512,-8.83733,-29.4348,-0.346985,0.412925,0.329205,-2.3292,-0.165817,2.68134,-0.657514,-0.000710611,-0.00112568,0.00181507,0.000368249,-9.19348e-06,-0.0044278,0.00055082,
0.128,0,0,0,0,0,0,0,0,0,0,0,0,0,0,0,0,0.020103,0.998136,0.0574614,0,0.99925,-0.0181728,-0.0339173,0,-0.0328104,0.0581012,-0.997771,0,0.509391,0.0104643,0.064411,1,0.125284,-32.9156,4.08375,15.4898,0.154173,2.54866,-0.0629735,-134.711,52.8792,-106.094,138.152,10.8254,-10.679,14.9849,-0.346982,0.41293,0.329212,-2.32921,-0.165817,2.68134,-0.657515,0.000160673,0.000203779,0.00275977,-0.00165465,-0.000258921,-0.00205271,5.77132e-05,
0.131,0,0,0,0,0,0,0,0,0,0,0,0,0,0,0,0,0.0201046,0.998136,0.0574583,0,0.99925,-0.0181744,-0.033921,0,-0.0328141,0.0580983,-0.997771,0,0.509392,0.0104614,0.0644111,1,0.125284,-32.9156,4.15913,15.4145,0.154173,2.53493,-0.0428319,-103.675,112.923,-6.22906,-57.3368,0.268646,-15.3883,36.5332,-0.34698,0.412931,0.329206,-2.3292,-0.165816,2.68133,-0.657517,0.000511624,-0.000330977,0.00011012,0.00108714,-0.000121929,-0.000232314,-0.000672371,
0.134,0,0,0,0,0,0,0,0,0,0,0,0,0,0,0,0,0.0201079,0.998136,0.0574588,0,0.999249,-0.018177,-0.0339319,0,-0.0328248,0.0580991,-0.997771,0,0.509387,0.0104616,0.0644081,1,0.125284,-32.9156,4.19483,15.4541,0.154173,2.53493,-0.0767064,-104.825,82.8982,24.1412,48.3122,19.5127,1.27032,-24.0261,-0.346982,0.412931,0.329208,-2.32921,-0.165816,2.68133,-0.657514,0.000615605,-9.7867e-05,-0.000399288,-0.00236408,-0.000134085,-0.00355016,0.000769053,
0.137,0,0,0,0,0,0,0,0,0,0,0,0,0,0,0,0,0.0201085,0.998136,0.0574583,0,0.999249,-0.0181774,-0.0339346,0,-0.0328275,0.0580987,-0.997771,0,0.509387,0.0104605,0.0644081,1,0.16099,-32.9156,4.27021,15.4145,0.136778,2.54225,-0.0428319,-108.197,46.4655,140.762,-14.4567,-28.9142,-3.9968,15.8576,-0.346982,0.412931,0.329205,-2.32921,-0.165815,2.68132,-0.657517,0.000605167,-0.000492923,-0.0015896,-0.00264457,0.000506574,-0.001712,-0.000804456,
0.14,0,0,0,0,0,0,0,0,0,0,0,0,0,0,0,0,0.0201098,0.998136,0.0574597,0,0.999249,-0.0181783,-0.0339407,0,-0.0328336,0.0581002,-0.997771,0,0.509384,0.010461,0.0644064,1,0.276041,-32.9513,4.23054,15.4145,0.160582,2.54866,-0.0693822,129.561,-13.7231,-132.041,3.0884,35.2618,-21.48,-55.0831,-0.346988,0.412934,0.329211,-2.32921,-0.165817,2.68132,-0.657514,-0.00160455,0.000998542,0.00301183,-0.00119002,-0.000392439,-0.00103723,0.00117449,
0.143,0,0,0,0,0,0,0,0,0,0,0,0,0,0,0,0,0.0201185,0.998136,0.0574574,0,0.999249,-0.0181868,-0.0339467,0,-0.0328391,0.0580983,-0.997771,0,0.509384,0.0104571,0.064405,1,0.236368,-32.9513,4.30592,15.3431,0.154173,2.55598,-0.0831151,-54.4483,-16.4345,128.937,-187.84,6.67833,41.6665,-18.0542,-0.346987,0.412936,0.329203,-2.32921,-0.165816,2.68132,-0.657512,0.000246371,0.000481483,-0.000174239,0.00166194,-5.59965e-05,-0.000795757,0.00152726,
0.146,0,0,0,0,0,0,0,0,0,0,0,0,0,0,0,0,0.0201202,0.998136,0.057458,0,0.999248,-0.0181882,-0.0339514,0,-0.0328436,0.058099,-0.99777,0,0.50938,0.0104554,0.0644049,1,0.276041,-32.9156,4.19483,15.4541,0.14868,2.53493,-0.0629735,181.289,15.8857,-48.2054,113.345,-0.0905905,4.46587,-6.26406,-0.346996,0.412931,0.329208,-2.32922,-0.165816,2.68132,-0.657515,-0.000741596,-0.000506946,0.00173063,-0.000662602,0.000119042,7.48547e-05,0.000309352,
0.149,0,0,0,0,0,0,0,0,0,0,0,0,0,0,0,0,0.020112,0.998136,0.057456,0,0.999248,-0.0181798,-0.0339562,0,-0.032849,0.0580969,-0.99777,0,0.50938,0.010455,0.0644036,1,0.236368,-32.9513,4.23054,15.3788,0.14868,2.53493,-0.00987293,-11.7718,17.6082,34.2125,-76.5734,-16.5401,-3.12437,96.0561,-0.346993,0.412934,0.329205,-2.32922,-0.165819,2.68131,-0.657521,-8.5685e-05,0.00080875,-0.000253514,0.00142297,0.000103089,6.72797e-05,-0.00164144,
0.151,0,0,0,0,0,0,0,0,0,0,0,0,0,0,0,0,0.020124,0.998135,0.057457,0,0.999248,-0.0181917,-0.0339569,0,-0.032849,0.0580983,-0.99777,0,0.50938,0.0104539,0.0644042,1,0.236368,-32.9156,4.23054,15.3788,0.142272,2.53493,-0.0693822,-53.8199,132.108,-44.3154,-227.773,-7.15054,12.1666,-35.261,-0.346996,0.412933,0.329206,-2.32922,-0.165816,2.68131,-0.657514,-0.00442908,-0.000197366,-8.53371e-05,0.000898733,0.000283176,2.38813e-05,0.00114674,
0.154,0,0,0,0,0,0,0,0,0,0,0,0,0,0,0,0,0.0201313,0.998135,0.0574566,0,0.999248,-0.0181986,-0.0339651,0,-0.0328568,0.0580983,-0.99777,0,0.509377,0.0104526,0.0644023,1,0.276041,-32.9513,4.30592,15.3788,0.142272,2.52852,-0.109665,51.8305,-49.3991,40.9116,25.0712,-6.97088,7.62594,-88.6917,-0.346998,0.412935,0.329205,-2.32922,-0.165815,2.68131,-0.65751,-0.00544642,0.000591136,0.0031344,-0.00257389,0.000230841,0.000240832,0.00244586,
0.157,0,0,0,0,0,0,0,0,0,0,0,0,0,0,0,0,0.0201247,0.998135,0.0574582,0,0.999248,-0.0181921,-0.0339613,0,-0.0328533,0.0580996,-0.99777,0,0.509379,0.010455,0.0644026,1,0.311747,-32.991,4.30592,15.3788,0.14868,2.50746,-0.0895238,16.3268,-138.031,-93.182,1.43133,-5.89876,1.62794,-27.9659,-0.346996,0.412937,0.329207,-2.32922,-0.165816,2.68131,-0.657512,-0.000117128,0.001495,0.00231985,0.00453371,-0.000116215,0.000589767,0.00126347,
0.16,0,0,0,0,0,0,0,0,0,0,0,0,0,0,0,0,0.0201321,0.998135,0.0574591,0,0.999247,-0.0181989,-0.0339722,0,-0.0328638,0.0581009,-0.99777,0,0.509376,0.0104539,0.0643999,1,0.311747,-32.991,4.27021,15.4145,0.14868,2.50746,-0.0895238,-26.4813,-87.7948,-35.0425,70.8664,-4.33775,-18.0306,-33.1383,-0.347001,0.41294,0.329209,-2.32922,-0.165816,2.6813,-0.657507,0.000305853,0.00308914,0.00100116,0.00131552,-0.0001663,0.000403928,0.000649396,
0.163,0,0,0,0,0,0,0,0,0,0,0,0,0,0,0,0,0.0201295,0.998135,0.0574566,0,0.999248,-0.0181968,-0.0339632,0,-0.032855,0.0580982,-0.99777,0,0.509378,0.0104492,0.0644036,1,0.311747,-32.9156,4.19483,15.3788,0.154173,2.49373,-0.0428319,107.441,0.0429741,-129.038,22.414,23.0558,-3.45808,40.4042,-0.347008,0.412932,0.329208,-2.32922,-0.165816,2.6813,-0.657517,-0.00238624,0.000349994,0.00185682,0.00102332,-0.000252725,0.000228672,-0.0017592,
0.166,0,0,0,0,0,0,0,0,0,0,0,0,0,0,0,0,0.0201335,0.998135,0.057455,0,0.999248,-0.018201,-0.0339633,0,-0.0328548,0.0580967,-0.99777,0,0.509378,0.010448,0.0644037,1,0.200663,-32.8759,4.23054,15.4145,0.14868,2.49373,-0.0629735,23.3262,59.2955,75.7509,31.5905,0.218112,-32.2838,-30.8371,-0.347006,0.412931,0.329204,-2.32922,-0.165816,2.6813,-0.657515,0.000559702,-0.000917804,-0.00199946,-0.000421344,0.000128569,0.00014676,-0.000849027,
0.169,0,0,0,0,0,0,0,0,0,0,0,0,0,0,0,0,0.0201415,0.998135,0.0574555,0,0.999247,-0.0182086,-0.0339682,0,-0.0328593,0.0580976,-0.99777,0,0.509377,0.0104466,0.0644021,1,0.311747,-32.9156,4.27021,15.4145,0.14868,2.50014,-0.109665,111.03,-14.883,42.37,42.994,-10.2931,-16.9557,-67.5742,-0.34701,0.412934,0.329205,-2.32922,-0.165817,2.6813,-0.65751,-0.00157115,-0.000212457,0.00181525,-0.000263758,-9.37715e-05,8.86476e-05,0.00174527,
0.172,0,0,0,0,0,0,0,0,0,0,0,0,0,0,0,0,0.0201389,0.998135,0.0574571,0,0.999248,-0.0182064,-0.0339621,0,-0.0328534,0.058099,-0.99777,0,0.50938,0.0104476,0.0644039,1,0.276041,-32.9156,4.23054,15.3431,0.142272,2.49373,-0.0959325,-12.2674,-89.3162,-17.2525,-114.385,-5.09985,6.23817,-55.1736,-0.347011,0.412934,0.329209,-2.32922,-0.165816,2.6813,-0.657511,0.000319864,-0.000232159,-0.0038302,0.00161198,0.000224645,0.000131739,0.0015419,
0.175,0,0,0,0,0,0,0,0,0,0,0,0,0,0,0,0,0.0201411,0.998135,0.057457,0,0.999248,-0.0182086,-0.0339599,0,-0.032851,0.0580989,-0.99777,0,0.509379,0.0104463,0.0644048,1,0.311747,-32.8759,4.15913,15.3788,0.154173,2.4864,-0.0959325,70.7924,52.7229,-132.639,-71.7227,12.714,-26.7924,-32.2064,-0.347015,0.412931,0.32921,-2.32922,-0.165817,2.6813,-0.657511,-0.0008852,-0.000680551,0.00445905,0.00686139,-0.000242382,0.000197264,0.00134601,
0.178,0,0,0,0,0,0,0,0,0,0,0,0,0,0,0,0,0.0201307,0.998135,0.0574569,0,0.999248,-0.0181984,-0.0339576,0,-0.0328493,0.0580984,-0.99777,0,0.50938,0.0104484,0.0644058,1,0.347452,-32.8402,4.27021,15.3788,0.154173,2.4864,-0.0428319,-19.6726,154.307,-188.874,27.045,26.9753,-22.9922,47.8609,-0.347012,0.412929,0.329212,-2.32922,-0.165816,2.6813,-0.657517,-0.00157038,-0.00103394,0.00227036,0.00271714,-0.00028657,0.000227987,-0.00102533,
0.181,0,0,0,0,0,0,0,0,0,0,0,0,0,0,0,0,0.0201363,0.998135,0.0574562,0,0.999248,-0.0182037,-0.0339628,0,-0.0328542,0.058098,-0.99777,0,0.509378,0.0104449,0.0644048,1,0.311747,-32.8402,4.27021,15.4145,0.142272,2.47999,-0.00987293,11.6956,20.3718,-0.0174332,40.4535,-10.4079,-10.4234,96.8014,-0.347017,0.412929,0.329209,-2.32922,-0.165815,2.6813,-0.657519,-0.00307403,-0.000769133,-0.00191356,0.000576035,0.000288083,0.000195649,0.00317496,
0.184,0,0,0,0,0,0,0,0,0,0,0,0,0,0,0,0,0.0201334,0.998135,0.0574553,0,0.999248,-0.0182014,-0.0339533,0,-0.0328449,0.0580968,-0.997771,0,0.509381,0.0104459,0.0644065,1,0.276041,-32.8402,4.30592,15.3431,0.13037,2.46626,-0.0693822,-30.8631,89.9865,10.4672,-68.8355,-8.02073,-21.8298,17.8356,-0.347013,0.412929,0.329208,-2.32922,-0.165818,2.68131,-0.657517,0.00555519,-0.00100072,0.00345695,0.00218562,-0.00657594,0.000476173,0.00249667,
0.187,0,0,0,0,0,0,0,0,0,0,0,0,0,0,0,0,0.0201427,0.998135,0.057459,0,0.999248,-0.0182105,-0.0339552,0,-0.0328461,0.0581008,-0.99777,0,0.509381,0.0104464,0.0644063,1,0.422831,-32.8759,4.34559,15.3788,0.14868,2.46626,-0.103257,-79.3437,-15.6577,-53.3257,85.5267,-0.728227,-5.4071,-48.6139,-0.347021,0.412929,0.329216,-2.32922,-0.165816,2.68131,-0.65751,-0.00440626,-0.00324148,0.00285379,0.000334718,-0.00327396,0.000220208,0.00266967,
0.19,0,0,0,0,0,0,0,0,0,0,0,0,0,0,0,0,0.0201479,0.998135,0.0574582,0,0.999248,-0.0182159,-0.033952,0,-0.0328426,0.0581001,-0.99777,0,0.509382,0.0104439,0.0644074,1,0.200663,-32.8402,4.11946,15.3431,0.172484,2.46626,-0.0767064,-35.1589,27.0863,-108.785,-84.0708,3.67013,0.0815694,-1.42492,-0.347026,0.412929,0.329216,-2.32922,-0.165817,2.68131,-0.657509,-0.00512933,-0.00177133,0.00165828,0.00123741,0.00523113,4.96498e-06,0.00124433,
0.193,0,0,0,0,0,0,0,0,0,0,0,0,0,0,0,0,0.0201463,0.998135,0.0574579,0,0.999248,-0.0182142,-0.0339539,0,-0.0328446,0.0580998,-0.99777,0,0.509381,0.0104431,0.0644078,1,0.200663,-32.8006,4.15913,15.3431,0.136778,2.4864,-0.0895238,42.7091,-2.75896,51.1329,-181.669,-18.9377,28.1604,-4.29845,-0.34703,0.412926,0.329218,-2.32922,-0.165818,2.6813,-0.657511,-0.00106519,-0.00201987,0.00348415,0.000841033,0.00310705,-0.000461944,0.000949706,
0.196,0,0,0,0,0,0,0,0,0,0,0,0,0,0,0,0,0.0201428,0.998135,0.057461,0,0.999248,-0.0182109,-0.0339486,0,-0.0328395,0.0581027,-0.99777,0,0.509383,0.0104471,0.0644095,1,0.276041,-32.8006,4.23054,15.3431,0.14868,2.47999,-0.0895238,-50.2704,33.2812,-16.6821,30.9563,7.10865,10.8578,7.02544,-0.347031,0.412925,0.329227,-2.32922,-0.165817,2.68131,-0.657509,-0.00138039,-0.0011923,0.00155616,0.000346377,0.000853239,0.00704894,-0.000161019,
0.199,0,0,0,0,0,0,0,0,0,0,0,0,0,0,0,0,0.02013,0.998135,0.0574651,0,0.999248,-0.0181975,-0.0339576,0,-0.0328491,0.0581066,-0.99777,0,0.509379,0.0104533,0.0644068,1,0.200663,-32.8402,4.19483,15.4145,0.142272,2.45894,-0.0300145,3.58054,-116.812,-62.4826,125.598,-1.104,-56.2478,66.7361,-0.347026,0.412929,0.329232,-2.32922,-0.165815,2.6813,-0.657513,0.00061116,0.000820138,0.00114495,-0.00119475,0.000539986,0.00393851,-0.00219015,
0.202,0,0,0,0,0,0,0,0,0,0,0,0,0,0,0,0,0.020136,0.998135,0.057462,0,0.999248,-0.0182044,-0.033942,0,-0.0328333,0.0581034,-0.997771,0,0.509385,0.0104505,0.0644117,1,0.200663,-32.8006,4.27021,15.3074,0.142272,2.45253,-0.0565648,-64.8811,-27.3985,75.1423,-116.509,-8.77203,-7.76549,26.6571,-0.347025,0.412923,0.329228,-2.32921,-0.165815,2.68131,-0.657511,0.0038431,0.000280633,-0.000752194,0.00122441,0.000414073,0.00156193,-0.00112745,
0.205,0,0,0,0,0,0,0,0,0,0,0,0,0,0,0,0,0.0201399,0.998135,0.057462,0,0.999248,-0.018208,-0.0339469,0,-0.0328379,0.0581036,-0.99777,0,0.509382,0.0104518,0.0644109,1,0.16099,-32.7649,4.11946,15.4145,0.160582,2.45894,-0.116074,63.6522,-32.009,16.3928,94.011,30.712,-11.5346,-102.285,-0.347028,0.412921,0.329233,-2.32922,-0.165817,2.68131,-0.657503,0.00191159,-0.000757943,0.00149333,-0.00149292,0.00461957,0.00043845,0.00165681,
0.207,0,0,0,0,0,0,0,0,0,0,0,0,0,0,0,0,0.0201257,0.998135,0.0574632,0,0.999248,-0.0181938,-0.0339478,0,-0.0328397,0.0581043,-0.99777,0,0.509382,0.0104538,0.0644095,1,0.125284,-32.8402,4.08375,15.3788,0.154173,2.45894,-0.0501561,60.2123,-152.273,9.97601,34.9132,35.4328,-31.5241,66.8882,-0.347027,0.412926,0.329235,-2.32922,-0.165821,2.68131,-0.657511,0.00157798,0.00114564,0.00092524,-0.000106578,0.00281137,0.000348852,-0.00145576,
0.21,0,0,0,0,0,0,0,0,0,0,0,0,0,0,0,0,0.0201313,0.998135,0.0574624,0,0.999248,-0.0181992,-0.0339503,0,-0.0328419,0.0581038,-0.99777,0,0.509381,0.0104519,0.0644096,1,0.0895788,-32.8006,4.15913,15.4145,0.142272,2.47267,-0.0364232,-68.457,-12.6547,119.763,41.2951,-4.53558,14.0406,76.9168,-0.347025,0.412923,0.32923,-2.32922,-0.165815,2.68131,-0.657513,0.00131263,0.000595837,0.00530867,-0.00114512,0.00142182,-0.00016378,-0.00265761,
0.213,0,0,0,0,0,0,0,0,0,0,0,0,0,0,0,0,0.0201247,0.998135,0.0574664,0,0.999248,-0.0181928,-0.0339455,0,-0.0328373,0.0581075,-0.99777,0,0.509384,0.0104584,0.0644106,1,0.125284,-32.8402,4.11946,15.3431,0.14868,2.45894,-0.0629735,44.5601,-44.5174,-63.2858,-112.744,2.22483,-13.144,24.3189,-0.347022,0.412926,0.329239,-2.32922,-0.165816,2.68131,-0.657508,0.00237478,0.00110398,0.00307707,0.000867163,0.000335375,0.000423397,-0.00119418,
0.216,0,0,0,0,0,0,0,0,0,0,0,0,0,0,0,0,0.020134,0.998135,0.057463,0,0.999248,-0.0182023,-0.033944,0,-0.0328354,0.0581043,-0.99777,0,0.509384,0.0104562,0.0644113,1,0.125284,-32.8006,4.19483,15.3431,0.14868,2.45253,-0.103257,-10.224,46.2188,244.553,22.9383,3.28179,8.52203,-45.9166,-0.34702,0.412923,0.329234,-2.32922,-0.165817,2.68131,-0.657501,0.00147648,-0.000291824,-0.00129481,0.000720961,6.53072e-05,0.0074584,0.000780282,
0.219,0,0,0,0,0,0,0,0,0,0,0,0,0,0,0,0,0.0201341,0.998135,0.0574653,0,0.999248,-0.0182019,-0.0339519,0,-0.0328432,0.0581068,-0.99777,0,0.509379,0.0104605,0.06441,1,0.125284,-32.7649,4.04408,15.4541,0.14868,2.46626,-0.129807,112.001,154.748,-11.0462,150.227,9.66866,12.1306,-73.8485,-0.347021,0.41292,0.329241,-2.32923,-0.165816,2.68131,-0.657495,-0.000298389,-0.00123113,0.00132291,-0.00201362,0.000159334,0.00265701,0.00551314,
0.221,0,0,0,0,0,0,0,0,0,0,0,0,0,0,0,0,0.0201264,0.998135,0.0574681,0,0.999248,-0.0181942,-0.0339493,0,-0.032841,0.0581093,-0.99777,0,0.509382,0.0104635,0.0644107,1,0.125284,-32.8006,4.04408,15.3431,0.142272,2.47267,-0.0831151,44.7368,-2.67817,-144.107,-58.3883,-7.23977,26.9869,16.8507,-0.34702,0.412923,0.329246,-2.32922,-0.165815,2.68131,-0.657498,-0.000668691,9.60199e-06,0.00746646,-0.00186928,0.000386681,0.00130167,0.00236303,
0.224,0,0,0,0,0,0,0,0,0,0,0,0,0,0,0,0,0.0201184,0.998135,0.057468,0,0.999248,-0.018186,-0.033952,0,-0.0328442,0.058109,-0.99777,0,0.509381,0.0104662,0.0644096,1,0.049906,-32.8402,4.08375,15.3788,0.142272,2.4864,-0.0565648,-101.707,-125.739,-74.3703,-21.263,4.97441,19.846,71.8906,-0.347012,0.412926,0.329243,-2.32922,-0.165815,2.6813,-0.657501,0.00187443,0.00100302,0.00307993,-0.0017989,5.31521e-05,0.00018176,-0.000395743,
0.227,0,0,0,0,0,0,0,0,0,0,0,0,0,0,0,0,0.0201241,0.998135,0.0574682,0,0.999249,-0.0181925,-0.0339391,0,-0.0328309,0.0581092,-0.99777,0,0.509385,0.0104651,0.0644133,1,0.125284,-32.7649,4.04408,15.3431,0.142272,2.45894,-0.0629735,126.364,144.775,-196.556,-84.4645,-15.0959,1.40191,37.5754,-0.347018,0.41292,0.329247,-2.32922,-0.165815,2.68131,-0.657497,-0.000617373,-0.00135263,0.00225706,0.000407725,1.84474e-05,0.000799819,0.003029,
0.229,0,0,0,0,0,0,0,0,0,0,0,0,0,0,0,0,0.020125,0.998135,0.0574681,0,0.999248,-0.0181927,-0.0339512,0,-0.032843,0.0581093,-0.99777,0,0.509381,0.0104668,0.0644084,1,0.0895788,-32.8759,4.08375,15.3788,0.142272,2.45894,-0.103257,-41.4166,-185.287,21.0763,-22.3082,-0.812346,7.08709,14.5244,-0.347013,0.412928,0.329244,-2.32922,-0.165818,2.68131,-0.657491,0.000844409,0.00199728,0.000799409,-0.00044417,-5.85478e-05,0.000312209,0.00329317,
0.232,0,0,0,0,0,0,0,0,0,0,0,0,0,0,0,0,0.0201322,0.998135,0.0574655,0,0.999248,-0.0182006,-0.0339418,0,-0.0328332,0.0581068,-0.99777,0,0.509385,0.0104663,0.0644131,1,0.125284,-32.7649,4.15913,15.3431,0.142272,2.45894,-0.116074,-82.9388,82.8014,98.3003,-78.8857,5.55501,0.138924,-9.51996,-0.34701,0.41292,0.329242,-2.32922,-0.165815,2.68131,-0.657485,0.000469829,-0.00123332,0.002455,0.000848188,-1.67071e-05,0.000204382,0.00200527,
0.235,0,0,0,0,0,0,0,0,0,0,0,0,0,0,0,0,0.0201268,0.998135,0.0574708,0,0.999248,-0.0181943,-0.0339522,0,-0.0328439,0.0581121,-0.99777,0,0.509381,0.0104712,0.0644087,1,0.200663,-32.8402,4.15913,15.4145,0.13037,2.46626,-0.109665,-49.7413,-3.8199,-105.796,38.5298,-25.2141,-22.4901,19.3121,-0.347008,0.412928,0.329248,-2.32922,-0.165814,2.68131,-0.657486,-0.000643147,-0.000355118,0.003635,-0.00097242,0.000243982,8.09107e-05,0.00022675,
0.238,0,0,0,0,0,0,0,0,0,0,0,0,0,0,0,0,0.0201258,0.998135,0.0574703,0,0.999248,-0.0181933,-0.0339543,0,-0.032846,0.0581115,-0.99777,0,0.509379,0.0104701,0.0644076,1,0.16099,-32.8759,4.15913,15.4145,0.142272,2.45253,-0.0629735,-47.507,-92.7126,-77.1665,104.588,-4.10729,-28.1087,58.1977,-0.347009,0.412928,0.329247,-2.32922,-0.165815,2.68131,-0.657488,0.000222442,0.00103934,0.00240349,-0.000852238,-0.00012351,0.000589164,0.00126091,
0.241,0,0,0,0,0,0,0,0,0,0,0,0,0,0,0,0,0.0201345,0.998135,0.057468,0,0.999248,-0.0182025,-0.0339451,0,-0.0328364,0.0581094,-0.99777,0,0.509383,0.0104686,0.0644109,1,0.125284,-32.8006,4.15913,15.3788,0.14868,2.46626,-0.0895238,-51.484,120.421,-5.41781,-64.8142,15.8725,0.764389,21.6658,-0.34701,0.412924,0.329246,-2.32922,-0.165816,2.68131,-0.65748,0.000622953,0.00284608,0.000756502,0.000301216,-0.000273907,-0.000279702,0.00315232,
0.244,0,0,0,0,0,0,0,0,0,0,0,0,0,0,0,0,0.0201499,0.998134,0.057469,0,0.999248,-0.0182176,-0.03395,0,-0.0328403,0.058111,-0.99777,0,0.509381,0.0104676,0.0644086,1,0.16099,-32.8759,4.23054,15.4145,0.136778,2.45894,-0.149033,-40.5321,6.67525,108.731,56.5395,-7.17738,-22.6555,-76.6254,-0.347011,0.412928,0.329244,-2.32922,-0.165815,2.68131,-0.657468,0.000401215,0.00274022,-0.00137537,-0.000159522,0.000182595,-1.43782e-05,0.00325292,
0.247,0,0,0,0,0,0,0,0,0,0,0,0,0,0,0,0,0.0201557,0.998134,0.0574701,0,0.999248,-0.0182233,-0.0339526,0,-0.0328426,0.0581124,-0.99777,0,0.509381,0.0104649,0.064408,1,0.276041,-32.8759,4.19483,15.4145,0.136778,2.47267,-0.142624,178.625,-77.073,-42.7651,50.1177,-0.740854,-6.43483,-40.0887,-0.347019,0.412929,0.329246,-2.32922,-0.165815,2.68131,-0.657469,-0.00218051,0.00205058,0.000385437,-0.00032622,5.41108e-05,-0.000361896,0.00246652,
0.25,0,0,0,0,0,0,0,0,0,0,0,0,0,0,0,0,0.0201505,0.998134,0.0574693,0,0.999248,-0.0182186,-0.0339428,0,-0.0328331,0.0581111,-0.99777,0,0.509384,0.0104672,0.0644116,1,0.236368,-32.8006,4.23054,15.3788,0.136778,2.45253,-0.142624,-3.75855,14.1904,2.38894,-30.3356,-4.5053,6.76586,-70.5411,-0.347017,0.412924,0.329249,-2.32922,-0.165816,2.68131,-0.657468,-0.005165,-2.50497e-05,0.000271183,0.000738329,-0.00011583,0.000559758,0.00254238,
0.253,0,0,0,0,0,0,0,0,0,0,0,0,0,0,0,0,0.0201564,0.998134,0.0574691,0,0.999248,-0.0182247,-0.0339413,0,-0.0328313,0.0581111,-0.99777,0,0.509383,0.0104675,0.0644121,1,0.236368,-32.7252,4.27021,15.4541,0.13037,2.45253,-0.149033,-49.0857,164.993,-2.3935,203.243,-2.17179,4.86848,-58.1426,-0.347016,0.412921,0.329249,-2.32922,-0.165814,2.68132,-0.657462,-0.00257869,0.00244003,-0.000636118,-0.00173018,0.000300998,0.000184743,0.00225835,
0.256,0,0,0,0,0,0,0,0,0,0,0,0,0,0,0,0,0.0201616,0.998134,0.0574697,0,0.999248,-0.0182295,-0.0339485,0,-0.0328382,0.058112,-0.99777,0,0.509383,0.0104629,0.0644093,1,0.387125,-32.8759,4.3813,15.3431,0.136778,2.46626,-0.0831151,111.263,-129.577,162.189,-68.7581,3.16753,15.1829,50.7741,-0.347022,0.412928,0.329246,-2.32922,-0.165815,2.68131,-0.657466,-0.0019163,0.00374951,-0.000736151,0.000827788,-0.000227293,-0.00040112,-0.00110006,
0.259,0,0,0,0,0,0,0,0,0,0,0,0,0,0,0,0,0.0201617,0.998134,0.0574709,0,0.999248,-0.0182299,-0.0339417,0,-0.0328313,0.0581131,-0.99777,0,0.509383,0.0104658,0.0644117,1,0.276041,-32.8006,4.23054,15.4145,0.13037,2.45894,-0.116074,-78.0034,52.9117,-232.926,89.1992,-0.483478,-2.88292,-9.07446,-0.347023,0.412923,0.329252,-2.32922,-0.165814,2.68132,-0.657461,-0.00152051,0.000190022,0.00255202,-0.000961173,-4.09727e-05,9.21446e-05,3.14675e-05,
0.262,0,0,0,0,0,0,0,0,0,0,0,0,0,0,0,0,0.0201711,0.998134,0.0574694,0,0.999248,-0.0182397,-0.0339367,0,-0.0328258,0.0581118,-0.99777,0,0.509386,0.0104594,0.0644126,1,0.236368,-32.8006,4.27021,15.3788,0.13037,2.43788,-0.0565648,-71.1866,-42.8325,124.306,24.7268,1.1409,-40.9022,52.4184,-0.34703,0.412923,0.329247,-2.32922,-0.165814,2.68132,-0.657463,-0.00253308,0.00016369,0.00423324,-0.000387913,-9.12596e-05,0.000897622,0.00155791,
0.265,0,0,0,0,0,0,0,0,0,0,0,0,0,0,0,0,0.0201778,0.998134,0.0574689,0,0.999248,-0.0182461,-0.0339411,0,-0.0328298,0.0581116,-0.99777,0,0.509385,0.0104595,0.0644123,1,0.200663,-32.8006,4.19483,15.3431,0.136778,2.4452,-0.0959325,-33.0013,55.1769,-6.90334,-0.968059,-5.5963,-26.1721,-16.2589,-0.347032,0.412923,0.32925,-2.32922,-0.165816,2.68131,-0.657455,-0.00255046,9.3805e-05,0.00312967,0.000163466,-1.95046e-05,0.000296105,0.00132872,
0.268,0,0,0,0,0,0,0,0,0,0,0,0,0,0,0,0,0.0201892,0.998133,0.0574691,0,0.999247,-0.0182573,-0.0339446,0,-0.0328326,0.0581123,-0.99777,0,0.509384,0.0104568,0.0644121,1,0.200663,-32.8006,4.23054,15.4145,0.13037,2.47267,-0.122483,-85.1041,45.6063,25.5587,164.66,1.14109,25.4732,-40.5153,-0.347038,0.412923,0.32925,-2.32922,-0.165814,2.68131,-0.657451,-0.00123316,-0.00046866,0.000820917,-0.0013436,9.97137e-05,-0.000364377,0.00169134,
