0.001,0,0,0,0,0,0,0,0,0,0,0,0,0,0,0,0,-0.0486784,0.998716,0.0133125,0,0.998579,0.0489465,-0.0206178,0,-0.0212433,0.0122902,-0.999699,0,0.438224,-0.0771161,0.0340109,1,0.573588,-28.3017,4.3813,11.0663,-0.158937,2.43147,-0.222275,-64.4812,26.2698,44.2335,-8.2719,-1.51928,6.06081,19.4862,-0.628141,0.399022,0.364993,-2.51612,-0.459827,2.83727,-0.679179,0.0017586,0.000327105,0.000523389,-2.93479e-05,-0.000111369,0.000157163,-0.000660217,
0.004,0,0,0,0,0,0,0,0,0,0,0,0,0,0,0,0,-0.0486801,0.998716,0.0133123,0,0.998579,0.0489482,-0.0206158,0,-0.0212413,0.0122901,-0.999699,0,0.438225,-0.0771175,0.0340114,1,0.644999,-28.3017,4.34559,11.0663,-0.165346,2.43147,-0.175583,92.157,-41.7681,-10.3234,66.6947,3.04156,-6.90194,100.403,-0.628144,0.399022,0.364994,-2.51611,-0.459826,2.83727,-0.679184,-0.000685207,-8.86841e-05,0.000804684,0.00586253,0.000272177,0.00017847,-0.00175541,
0.007,0,0,0,0,0,0,0,0,0,0,0,0,0,0,0,0,-0.0486813,0.998716,0.0133171,0,0.998579,0.0489496,-0.0206211,0,-0.0212469,0.0122946,-0.999699,0,0.438223,-0.0771144,0.034009,1,0.609293,-28.3731,4.34559,11.102,-0.165346,2.42415,-0.195725,-49.06,-148.827,-18.1781,91.8457,-9.8909,-28.3993,78.1884,-0.628144,0.399026,0.364996,-2.51612,-0.459826,2.83727,-0.679182,0.0010344,0.00203599,-7.09183e-05,0.00147779,0.000212511,0.00037691,-0.00116815,
0.01,0,0,0,0,0,0,0,0,0,0,0,0,0,0,0,0,-0.0486726,0.998716,0.0133124,0,0.998579,0.0489407,-0.0206169,0,-0.0212424,0.0122903,-0.999699,0,0.438224,-0.0771181,0.0340112,1,0.644999,-28.3017,4.34559,11.0663,-0.165346,2.43147,-0.228684,7.6503,1.99957,-4.06403,54.2317,-11.1849,3.50439,34.25,-0.628146,0.399021,0.364994,-2.51612,-0.459826,2.83727,-0.679178,0.000141535,-0.00013916,0.000257392,0.000944753,-1.61534e-05,0.000183268,6.07837e-05,
0.013,0,0,0,0,0,0,0,0,0,0,0,0,0,0,0,0,-0.0486697,0.998717,0.0133132,0,0.998579,0.0489378,-0.0206167,0,-0.0212422,0.0122911,-0.999699,0,0.438225,-0.0771182,0.0340106,1,0.644999,-28.3374,4.34559,11.0306,-0.158937,2.43788,-0.255234,-66.4852,-81.0113,-62.4693,-104.029,-3.52823,10.178,-23.8015,-0.628146,0.399024,0.364993,-2.51611,-0.459827,2.83727,-0.679175,4.19476e-05,0.00158796,7.62636e-05,0.000662941,-0.000147955,-0.000164217,0.00110308,
0.016,0,0,0,0,0,0,0,0,0,0,0,0,0,0,0,0,-0.0486623,0.998717,0.0133071,0,0.99858,0.0489302,-0.0206086,0,-0.0212337,0.0122855,-0.999699,0,0.438227,-0.0771233,0.0340142,1,0.720377,-28.262,4.3813,10.9909,-0.158937,2.42415,-0.255234,237.23,103.228,40.5154,-40.8165,1.58261,-4.20981,-26.2329,-0.628152,0.399016,0.364992,-2.51611,-0.459827,2.83727,-0.679175,-0.00504795,-0.00129273,-0.000740442,0.00118163,-0.000122958,0.000211309,0.00100877,
0.019,0,0,0,0,0,0,0,0,0,0,0,0,0,0,0,0,-0.04867,0.998717,0.013312,0,0.998579,0.0489381,-0.0206152,0,-0.0212407,0.01229,-0.999699,0,0.438225,-0.0771177,0.0340122,1,0.684672,-28.262,4.30592,11.0663,-0.165346,2.43788,-0.261643,117.029,8.53714,-65.982,56.3077,6.60891,44.4495,-55.558,-0.628149,0.399019,0.364997,-2.51612,-0.459826,2.83727,-0.679174,-0.00156443,-0.000960466,0.00154385,-0.000687831,4.26876e-05,-0.000525135,0.000404389,
0.022,0,0,0,0,0,0,0,0,0,0,0,0,0,0,0,0,-0.0486646,0.998717,0.0133098,0,0.99858,0.0489327,-0.0206121,0,-0.0212373,0.0122881,-0.999699,0,0.438226,-0.0771211,0.0340126,1,0.684672,-28.262,4.3813,11.0306,-0.165346,2.41774,-0.255234,-4.05003,17.8476,65.1933,-19.8715,8.30167,-22.7275,-41.6901,-0.628149,0.399019,0.364992,-2.51611,-0.459826,2.83727,-0.679175,-0.00135031,-0.00107856,-0.000790235,0.000177583,6.53946e-05,0.000255073,-0.00040011,
0.025,0,0,0,0,0,0,0,0,0,0,0,0,0,0,0,0,-0.0486665,0.998717,0.0133115,0,0.99858,0.0489346,-0.0206151,0,-0.0212405,0.0122896,-0.999699,0,0.438225,-0.0771209,0.0340114,1,0.684672,-28.3017,4.42097,11.0306,-0.171754,2.42415,-0.228684,-76.8279,-29.3648,56.4033,-98.6866,-20.2201,18.0632,-7.28447,-0.628149,0.399022,0.364991,-2.51611,-0.459825,2.83727,-0.679178,-0.000292788,0.000299108,-0.00144057,-0.000252429,0.000309482,-0.000331324,-0.00107929,
0.028,0,0,0,0,0,0,0,0,0,0,0,0,0,0,0,0,-0.0486722,0.998716,0.0133097,0,0.998579,0.0489403,-0.0206158,0,-0.0212412,0.0122876,-0.999699,0,0.438224,-0.07712,0.0340117,1,0.609293,-28.262,4.42097,11.0663,-0.165346,2.42415,-0.208542,-121.116,-4.46495,91.6383,137.948,-13.7192,0.219006,32.631,-0.628144,0.399019,0.364988,-2.51612,-0.459826,2.83727,-0.67918,0.00153003,-0.000447565,-0.00171575,-0.0009082,-1.37946e-05,-0.000150916,-0.000926374,
0.031,0,0,0,0,0,0,0,0,0,0,0,0,0,0,0,0,-0.0486708,0.998717,0.0133066,0,0.99858,0.0489387,-0.0206043,0,-0.0212295,0.0122851,-0.999699,0,0.438229,-0.0771207,0.0340157,1,0.684672,-28.1866,4.34559,10.9909,-0.158937,2.41774,-0.235093,12.7297,186.47,-15.6698,-99.8341,2.89412,-4.60822,18.6593,-0.628149,0.399014,0.364996,-2.51611,-0.459827,2.83727,-0.679177,-0.000550482,-0.00189585,0.000460894,0.0010309,-0.0001887,0.000139897,0.0005883,
0.034,0,0,0,0,0,0,0,0,0,0,0,0,0,0,0,0,-0.0486718,0.998716,0.0133125,0,0.998579,0.0489399,-0.0206135,0,-0.0212389,0.0122905,-0.999699,0,0.438226,-0.0771196,0.0340117,1,0.684672,-28.3017,4.3813,11.0306,-0.171754,2.41774,-0.202134,21.3565,-139.978,4.22967,-20.6917,-9.26461,-15.3869,75.6759,-0.628149,0.399022,0.364994,-2.51611,-0.459825,2.83727,-0.679181,-0.000168985,0.0019233,-0.000420251,-0.000230416,0.000464018,9.41973e-05,-0.000865547,
0.037,0,0,0,0,0,0,0,0,0,0,0,0,0,0,0,0,-0.0486694,0.998717,0.0133102,0,0.998579,0.0489374,-0.0206124,0,-0.0212378,0.0122883,-0.999699,0,0.438225,-0.0771201,0.0340123,1,0.644999,-28.262,4.3813,11.0663,-0.165346,2.40401,-0.228684,-83.9542,-15.7265,95.4132,146.32,-10.7027,-23.9249,34.5039,-0.628147,0.399018,0.364991,-2.51612,-0.459826,2.83728,-0.679178,0.000359903,0.000435819,-0.000310123,-0.00111989,8.47404e-05,0.000476255,4.49496e-05,
0.04,0,0,0,0,0,0,0,0,0,0,0,0,0,0,0,0,-0.0486736,0.998716,0.0133091,0,0.998579,0.0489415,-0.0206099,0,-0.0212352,0.0122873,-0.999699,0,0.438227,-0.0771207,0.0340136,1,0.684672,-28.262,4.34559,11.0306,-0.165346,2.41774,-0.189316,35.5828,-35.3041,0.649445,-20.4596,-8.35083,3.29878,84.3259,-0.628149,0.399017,0.364993,-2.51611,-0.459826,2.83727,-0.679183,-0.00110083,0.000407537,0.00074333,-0.00601888,7.78547e-05,-3.21971e-05,-0.00180267,
0.043,0,0,0,0,0,0,0,0,0,0,0,0,0,0,0,0,-0.0486607,0.998717,0.0133088,0,0.99858,0.0489288,-0.0206156,0,-0.0212407,0.012287,-0.999699,0,0.438224,-0.0771225,0.0340116,1,0.644999,-28.262,4.45667,11.0306,-0.171754,2.41774,-0.261643,-36.6332,-111.438,190.489,-90.924,-20.405,7.00743,-17.7575,-0.628146,0.399019,0.364986,-2.51611,-0.459825,2.83727,-0.679174,0.000601405,0.000584762,-0.00237821,-0.00265757,0.000392293,1.30657e-05,0.0014175,
0.046,0,0,0,0,0,0,0,0,0,0,0,0,0,0,0,0,-0.0486622,0.998717,0.0133059,0,0.99858,0.0489301,-0.0206057,0,-0.0212307,0.0122845,-0.999699,0,0.438228,-0.0771228,0.0340151,1,0.684672,-28.2263,4.3813,10.9909,-0.165346,2.42415,-0.268052,8.01032,67.2358,-28.0244,-52.4161,5.12206,19.5695,-53.9818,-0.62815,0.399014,0.364991,-2.51611,-0.459826,2.83727,-0.679174,-0.000750012,-0.000270125,-3.48419e-06,-0.00018036,6.34886e-05,-0.000154368,0.00105672,
0.049,0,0,0,0,0,0,0,0,0,0,0,0,0,0,0,0,-0.0486616,0.998717,0.0133076,0,0.99858,0.0489296,-0.0206099,0,-0.021235,0.012286,-0.999699,0,0.438227,-0.0771243,0.034013,1,0.684672,-28.262,4.45667,10.9909,-0.171754,2.41041,-0.228684,32.2768,-55.9524,197.505,-43.2721,-30.3442,-13.5006,-7.32922,-0.628149,0.399019,0.364986,-2.51611,-0.459825,2.83728,-0.679178,-0.000428531,-0.00422172,-0.00222828,0.000697933,0.000308917,0.000240599,-0.000444185,
0.052,0,0,0,0,0,0,0,0,0,0,0,0,0,0,0,0,-0.0486644,0.998717,0.0133125,0,0.99858,0.0489325,-0.0206127,0,-0.0212381,0.0122907,-0.999699,0,0.438225,-0.0771194,0.0340124,1,0.684672,-28.262,4.34559,11.0663,-0.171754,2.41041,-0.261643,19.8688,7.08909,-69.6424,23.0296,-12.3443,-15.7003,-48.9949,-0.628151,0.399019,0.364996,-2.51612,-0.459824,2.83728,-0.679174,-0.00688274,-0.00156251,0.000288411,-0.001098,0.000223397,0.000161711,0.000407157,
0.055,0,0,0,0,0,0,0,0,0,0,0,0,0,0,0,0,-0.0486748,0.998716,0.0133119,0,0.998579,0.0489428,-0.0206136,0,-0.0212391,0.0122899,-0.999699,0,0.438225,-0.0771197,0.0340116,1,0.684672,-28.3017,4.34559,11.0306,-0.153444,2.41774,-0.189316,117.52,-145.557,-61.5855,6.42703,1.26356,2.40486,95.512,-0.628149,0.399022,0.364994,-2.51611,-0.459827,2.83727,-0.679183,-0.00321605,0.000102711,-3.82808e-05,0.000764192,-0.000532857,-0.000223353,-0.00212108,
0.058,0,0,0,0,0,0,0,0,0,0,0,0,0,0,0,0,-0.0486722,0.998716,0.0133131,0,0.998579,0.0489403,-0.0206159,0,-0.0212414,0.012291,-0.999699,0,0.438224,-0.0771194,0.0340111,1,0.684672,-28.3017,4.34559,11.0663,-0.171754,2.41774,-0.195725,84.6321,-78.849,-11.3598,39.3702,-22.3471,7.4821,65.084,-0.62815,0.399022,0.364993,-2.51612,-0.459825,2.83727,-0.679182,-0.00109408,0.000131647,0.000648583,-0.000825184,0.000275391,-0.000156601,-0.00172484,
0.061,0,0,0,0,0,0,0,0,0,0,0,0,0,0,0,0,-0.0486763,0.998716,0.0133113,0,0.998579,0.0489444,-0.0206135,0,-0.021239,0.0122892,-0.999699,0,0.438224,-0.0771182,0.0340127,1,0.684672,-28.2263,4.34559,11.102,-0.158937,2.41774,-0.202134,47.781,93.0829,-14.7297,106.879,10.4599,-9.69981,79.0715,-0.628149,0.399017,0.364997,-2.51612,-0.459827,2.83727,-0.679181,-0.00077137,-0.00125297,0.000965523,-0.00167175,-0.000234881,-0.000136823,-0.000959409,
0.064,0,0,0,0,0,0,0,0,0,0,0,0,0,0,0,0,-0.0486627,0.998717,0.0133111,0,0.99858,0.0489307,-0.0206128,0,-0.0212381,0.0122893,-0.999699,0,0.438226,-0.0771202,0.0340123,1,0.644999,-28.3017,4.3813,11.0306,-0.165346,2.41774,-0.261643,-38.3656,-60.8728,-2.81844,-102.906,-2.02266,-30.5227,-6.66297,-0.628147,0.39902,0.364991,-2.51611,-0.459822,2.83727,-0.679174,0.00043508,0.000208118,-0.000549137,0.000709283,0.000167764,1.59739e-05,0.00151288,
0.067,0,0,0,0,0,0,0,0,0,0,0,0,0,0,0,0,-0.0486721,0.998716,0.0133098,0,0.998579,0.0489401,-0.0206128,0,-0.0212382,0.0122879,-0.999699,0,0.438226,-0.0771168,0.034013,1,0.573588,-28.262,4.34559,11.0663,-0.171754,2.42415,-0.268052,-186.681,-57.7608,-3.75562,71.8727,-9.39569,31.098,-64.066,-0.628141,0.399017,0.364993,-2.51612,-0.459825,2.83727,-0.679174,0.000918972,-0.0005649,0.00028068,-0.000347417,0.000366187,-0.000349422,0.000516077,
0.07,0,0,0,0,0,0,0,0,0,0,0,0,0,0,0,0,-0.0486701,0.998717,0.0133125,0,0.998579,0.0489382,-0.0206165,0,-0.0212419,0.0122904,-0.999699,0,0.438224,-0.0771167,0.0340116,1,0.644999,-28.262,4.34559,11.102,-0.165346,2.42415,-0.275376,-38.5723,101.367,-55.4163,117.217,-6.35997,18.7013,-71.4646,-0.628146,0.399019,0.364996,-2.51612,-0.459826,2.83727,-0.679173,-0.000480479,-0.000376931,0.000268768,-0.00121688,-4.97396e-05,-0.000156279,0.000363897,
0.073,0,0,0,0,0,0,0,0,0,0,0,0,0,0,0,0,-0.0486672,0.998717,0.0133109,0,0.99858,0.0489352,-0.020614,0,-0.0212394,0.012289,-0.999699,0,0.438225,-0.0771206,0.0340118,1,0.644999,-28.3017,4.3813,11.0663,-0.165346,2.41041,-0.235093,10.1514,-19.9813,-39.3008,44.3417,-4.40485,-6.10895,-31.8129,-0.628149,0.39902,0.364991,-2.51612,-0.459826,2.83728,-0.679177,5.94956e-05,2.09607e-05,-0.000569979,0.00297016,8.322e-05,0.000292779,-0.000446017,
0.076,0,0,0,0,0,0,0,0,0,0,0,0,0,0,0,0,-0.0486687,0.998717,0.013312,0,0.99858,0.0489368,-0.0206132,0,-0.0212386,0.0122901,-0.999699,0,0.438227,-0.0771187,0.0340116,1,0.644999,-28.3374,4.34559,10.9909,-0.158937,2.42415,-0.261643,-128.62,-138.296,65.1839,-136.524,-7.46167,1.03419,-44.9771,-0.628147,0.399024,0.364994,-2.51611,-0.459827,2.83727,-0.679174,0.000531353,0.000562431,0.000480731,0.00278569,-0.000159955,-0.000252335,0.000572389,
0.079,0,0,0,0,0,0,0,0,0,0,0,0,0,0,0,0,-0.0486688,0.998717,0.0133098,0,0.99858,0.0489369,-0.0206119,0,-0.0212372,0.0122879,-0.999699,0,0.438226,-0.0771214,0.0340129,1,0.720377,-28.262,4.34559,11.0306,-0.158937,2.42415,-0.215867,33.8992,131.516,-24.0904,-21.7698,-2.26102,14.2468,42.9884,-0.628152,0.399018,0.364993,-2.51611,-0.459827,2.83727,-0.67918,-0.00129724,-0.000926605,0.000606449,-0.00234138,-0.000205633,-0.000206632,-0.000693184,
0.082,0,0,0,0,0,0,0,0,0,0,0,0,0,0,0,0,-0.0486637,0.998717,0.0133128,0,0.99858,0.0489318,-0.0206199,0,-0.0212452,0.0122907,-0.999699,0,0.438223,-0.0771214,0.0340096,1,0.684672,-28.3374,4.42097,11.0663,-0.158937,2.42415,-0.242417,-62.2208,-65.3791,201.329,59.6956,11.8049,16.3578,12.9738,-0.62815,0.399024,0.364989,-2.51612,-0.459827,2.83727,-0.679177,5.86928e-05,0.000900837,-0.00158355,-0.00246826,-0.000166421,-6.12243e-05,0.000808097,
0.085,0,0,0,0,0,0,0,0,0,0,0,0,0,0,0,0,-0.048672,0.998716,0.0133129,0,0.998579,0.0489402,-0.0206182,0,-0.0212437,0.0122907,-0.999699,0,0.438223,-0.0771186,0.0340103,1,0.609293,-28.3017,4.3813,11.102,-0.158937,2.41041,-0.222275,-253.765,-40.9141,11.6849,177.994,2.06511,-15.6032,51.1874,-0.628146,0.399022,0.364991,-2.51612,-0.459827,2.83728,-0.679179,0.0020589,0.000596833,-5.67465e-05,-0.00143646,-4.931e-05,0.000411366,-0.000299331,
0.088,0,0,0,0,0,0,0,0,0,0,0,0,0,0,0,0,-0.0486626,0.998717,0.0133107,0,0.99858,0.0489306,-0.0206107,0,-0.0212359,0.0122891,-0.999699,0,0.438227,-0.0771216,0.0340126,1,0.720377,-28.3017,4.34559,10.9909,-0.165346,2.41774,-0.261643,43.4239,-21.5209,-49.5403,-107.191,-8.17535,-10.7472,-31.9849,-0.628152,0.399021,0.364993,-2.51611,-0.459826,2.83727,-0.679174,-0.000730488,-8.78338e-06,0.0006328,0.00514687,1.17628e-05,0.000189703,0.00139951,
0.091,0,0,0,0,0,0,0,0,0,0,0,0,0,0,0,0,-0.0486617,0.998717,0.0133128,0,0.99858,0.0489298,-0.0206156,0,-0.0212409,0.012291,-0.999699,0,0.438225,-0.0771207,0.0340105,1,0.684672,-28.3374,4.3813,11.0306,-0.153444,2.41041,-0.275376,-188.128,-41.9113,-22.3924,25.2537,12.4673,-15.6556,-77.5122,-0.62815,0.399024,0.364991,-2.51611,-0.459826,2.83728,-0.679173,0.000804356,0.00122444,-0.000255891,0.00120476,-0.000384578,0.000350081,0.000976043,
0.094,0,0,0,0,0,0,0,0,0,0,0,0,0,0,0,0,-0.0486568,0.998717,0.0133126,0,0.99858,0.0489249,-0.0206161,0,-0.0212414,0.0122908,-0.999699,0,0.438222,-0.0771235,0.034011,1,0.756083,-28.262,4.3813,11.1377,-0.171754,2.41774,-0.248826,127.984,13.7488,22.8676,206.333,-25.207,8.66302,-24.6404,-0.628157,0.399019,0.364991,-2.51612,-0.459825,2.83728,-0.679176,-0.000968108,-0.00130764,-0.000147999,-0.00197928,0.000319325,-1.68355e-05,-3.48163e-05,
0.097,0,0,0,0,0,0,0,0,0,0,0,0,0,0,0,0,-0.0486625,0.998717,0.0133086,0,0.99858,0.0489305,-0.0206127,0,-0.0212379,0.0122869,-0.999699,0,0.438225,-0.0771243,0.0340123,1,0.684672,-28.262,4.42097,11.0306,-0.158937,2.41774,-0.222275,-135.002,-52.5029,35.0042,-61.8469,6.22176,-0.718432,4.03508,-0.628152,0.399019,0.364988,-2.51611,-0.459827,2.83727,-0.679179,0.00101238,-0.000201847,-0.00104405,0.000969845,-0.0001013,7.41314e-05,-0.00147968,
0.1,0,0,0,0,0,0,0,0,0,0,0,0,0,0,0,0,-0.0486711,0.998717,0.0133086,0,0.998579,0.0489391,-0.0206118,0,-0.0212371,0.0122867,-0.999699,0,0.438226,-0.0771221,0.0340129,1,0.644999,-28.262,4.3813,11.0306,-0.153444,2.43147,-0.195725,-211.274,24.8487,6.64576,-38.3813,31.4489,50.4745,66.5189,-0.62815,0.399019,0.364991,-2.51611,-0.459827,2.83727,-0.679182,0.0018776,-0.000575374,0.000309332,0.0067288,-0.000312585,-0.000524337,-0.00179476,
0.103,0,0,0,0,0,0,0,0,0,0,0,0,0,0,0,0,-0.0486654,0.998717,0.0133077,0,0.99858,0.0489333,-0.0206069,0,-0.0212321,0.0122862,-0.999699,0,0.438228,-0.0771245,0.0340144,1,0.720377,-28.262,4.34559,10.9909,-0.153444,2.41774,-0.202134,-100.338,-90.3115,-47.4799,-158.653,11.2778,13.6871,36.5153,-0.628157,0.399017,0.364994,-2.51611,-0.459827,2.83727,-0.679181,-4.17335e-05,0.000293529,0.000741268,0.00376773,-0.000469378,3.30209e-05,-0.000818119,
0.106,0,0,0,0,0,0,0,0,0,0,0,0,0,0,0,0,-0.0486539,0.998717,0.0133064,0,0.99858,0.0489218,-0.0206071,0,-0.0212321,0.0122851,-0.999699,0,0.438227,-0.0771271,0.034015,1,0.795756,-28.1866,4.3813,11.0306,-0.165346,2.41774,-0.242417,108.542,94.4334,-88.5232,15.1299,-4.27517,7.88731,4.80402,-0.62816,0.399013,0.364992,-2.51611,-0.459825,2.83727,-0.679177,-0.00110537,-0.00069669,-0.00082181,0.000721024,0.000109587,-5.04977e-05,0.00105742,
0.109,0,0,0,0,0,0,0,0,0,0,0,0,0,0,0,0,-0.0486554,0.998717,0.0133051,0,0.99858,0.0489232,-0.0206049,0,-0.0212298,0.0122839,-0.999699,0,0.438227,-0.0771281,0.034016,1,0.831461,-28.1509,4.34559,11.0306,-0.158937,2.41774,-0.228684,64.771,167.933,-118.17,-9.84114,7.59475,6.82422,33.2514,-0.628164,0.399011,0.364993,-2.51611,-0.459827,2.83727,-0.679178,-0.00147207,-0.00155721,-0.00253757,0.000629765,-5.79523e-05,-7.52439e-05,0.000143767,
0.112,0,0,0,0,0,0,0,0,0,0,0,0,0,0,0,0,-0.0486493,0.998718,0.0133094,0,0.99858,0.0489174,-0.020616,0,-0.021241,0.0122878,-0.999699,0,0.438223,-0.0771272,0.0340117,1,0.720377,-28.262,4.42097,11.0663,-0.165346,2.42415,-0.268052,-125.403,-67.0524,38.267,91.1582,3.2632,12.5843,-45.4726,-0.62816,0.399019,0.364988,-2.51612,-0.459826,2.83727,-0.679174,0.00118271,0.00136371,-0.00267888,-3.37073e-05,0.000186279,-0.000180534,0.00203943,
0.115,0,0,0,0,0,0,0,0,0,0,0,0,0,0,0,0,-0.0486532,0.998717,0.0133064,0,0.99858,0.0489211,-0.0206099,0,-0.0212348,0.012285,-0.999699,0,0.438225,-0.0771269,0.0340143,1,0.720377,-28.1866,4.3813,11.0663,-0.158937,2.41774,-0.261643,-82.5665,63.5016,18.8767,89.4276,5.70705,8.69973,-49.3168,-0.62816,0.399013,0.364991,-2.51612,-0.459827,2.83727,-0.679174,0.000814442,-0.000688939,-0.000753437,-7.82777e-05,-0.000129419,-6.47943e-05,0.000577902,
0.118,0,0,0,0,0,0,0,0,0,0,0,0,0,0,0,0,-0.0486508,0.998718,0.0133032,0,0.998581,0.0489186,-0.0206048,0,-0.0212295,0.0122821,-0.999699,0,0.438227,-0.0771325,0.034016,1,0.831461,-28.1509,4.42097,11.0306,-0.165346,2.41774,-0.189316,140.129,105.486,93.4238,41.8455,-0.599297,15.1216,76.6804,-0.628167,0.399011,0.364988,-2.51611,-0.459826,2.83727,-0.679183,-0.00207873,-0.00175083,0.00423012,0.000152129,0.000119893,-0.000109621,-0.00204412,
0.121,0,0,0,0,0,0,0,0,0,0,0,0,0,0,0,0,-0.0486596,0.998717,0.0133067,0,0.99858,0.0489275,-0.0206095,0,-0.0212346,0.0122852,-0.999699,0,0.438225,-0.0771274,0.0340144,1,0.720377,-28.1866,4.3813,11.0663,-0.165346,2.41774,-0.189316,-148.627,69.2944,-94.0785,104.903,-10.2279,-0.289038,63.1877,-0.628161,0.399013,0.364991,-2.51611,-0.459826,2.83727,-0.679183,-0.00154282,-0.000353783,0.00237656,-0.00109512,0.00016739,-0.000183184,-0.00177362,
0.124,0,0,0,0,0,0,0,0,0,0,0,0,0,0,0,0,-0.0486475,0.998718,0.013306,0,0.998581,0.0489154,-0.020605,0,-0.0212298,0.0122849,-0.999699,0,0.438226,-0.0771314,0.0340153,1,0.831461,-28.1866,4.3813,11.0306,-0.165346,2.39668,-0.222275,166.715,65.5108,62.2846,32.7571,-11.9095,-42.4642,41.7592,-0.628169,0.399013,0.364991,-2.51611,-0.459826,2.83728,-0.679179,-0.00316637,-0.000104825,0.000725604,-0.000260772,4.9597e-05,0.000574913,-0.000201504,
0.127,0,0,0,0,0,0,0,0,0,0,0,0,0,0,0,0,-0.0486559,0.998717,0.0133112,0,0.99858,0.0489239,-0.0206109,0,-0.0212361,0.0122897,-0.999699,0,0.438225,-0.0771267,0.0340128,1,0.756083,-28.262,4.34559,11.0306,-0.158937,2.42415,-0.195725,-21.6467,-24.9372,-199.933,47.9046,17.2832,-4.32892,86.3381,-0.628164,0.399019,0.364993,-2.51611,-0.459823,2.83728,-0.679182,-0.000279562,0.00121661,0.00169227,-0.000385829,-0.000143544,0.00528857,-0.00166847,
0.13,0,0,0,0,0,0,0,0,0,0,0,0,0,0,0,0,-0.0486482,0.998718,0.0133098,0,0.998581,0.0489162,-0.0206128,0,-0.0212378,0.0122884,-0.999699,0,0.438224,-0.0771266,0.034013,1,0.756083,-28.262,4.34559,11.0306,-0.171754,2.42415,-0.281785,-37.5466,-32.8088,-105.095,4.93393,-22.6678,31.7611,-74.7358,-0.628164,0.399017,0.364993,-2.51611,-0.459825,2.83727,-0.679172,-2.21591e-05,0.000546082,0.000740384,-0.0056369,0.00030032,0.0023334,0.00182648,
0.133,0,0,0,0,0,0,0,0,0,0,0,0,0,0,0,0,-0.048652,0.998718,0.0133058,0,0.99858,0.0489199,-0.0206088,0,-0.0212337,0.0122845,-0.999699,0,0.438226,-0.0771281,0.0340147,1,0.720377,-28.2263,4.42097,11.0306,-0.165346,2.42415,-0.248826,-11.6727,73.2443,47.6555,40.8002,9.29293,-5.52065,-49.1282,-0.628161,0.399013,0.36499,-2.51611,-0.459826,2.83727,-0.679176,0.000228963,-3.17935e-06,-0.00152135,-0.00196953,-0.000148375,0.00102696,-0.000487376,
0.136,0,0,0,0,0,0,0,0,0,0,0,0,0,0,0,0,-0.0486565,0.998717,0.013307,0,0.99858,0.0489244,-0.0206077,0,-0.0212327,0.0122857,-0.999699,0,0.438227,-0.0771254,0.0340147,1,0.684672,-28.2263,4.34559,11.0306,-0.158937,2.41774,-0.261643,-198.544,-41.8787,-128.708,-95.9915,4.60529,0.834227,-54.4438,-0.628159,0.399014,0.364994,-2.51611,-0.459827,2.83727,-0.679174,0.00135768,-0.000279348,0.00101263,-0.000627194,-0.000360442,0.000535454,0.00066186,
0.139,0,0,0,0,0,0,0,0,0,0,0,0,0,0,0,0,-0.0486464,0.998718,0.0133069,0,0.998581,0.0489143,-0.0206141,0,-0.0212389,0.0122854,-0.999699,0,0.438222,-0.0771322,0.0340132,1,0.795756,-28.1866,4.42097,11.102,-0.171754,2.42415,-0.202134,97.6203,143.727,36.5739,121.412,-24.1915,-7.44157,48.725,-0.62817,0.399013,0.364987,-2.51612,-0.459825,2.83727,-0.679181,-0.000962781,-0.0012892,-0.000685844,-0.00199213,0.000236054,0.000222976,-0.00119414,
0.142,0,0,0,0,0,0,0,0,0,0,0,0,0,0,0,0,-0.0486497,0.998718,0.0133105,0,0.998581,0.0489177,-0.0206103,0,-0.0212354,0.0122892,-0.999699,0,0.438226,-0.077127,0.0340122,1,0.720377,-28.3017,4.3813,10.9909,-0.165346,2.40401,-0.268052,-47.1615,-118.843,-69.9689,-38.7394,-7.91871,-20.1298,-42.3016,-0.628162,0.399022,0.364991,-2.51611,-0.459826,2.83728,-0.679174,0.000496722,0.000814131,0.0010049,0.00102286,-3.55508e-05,0.00083442,0.00180879,
0.145,0,0,0,0,0,0,0,0,0,0,0,0,0,0,0,0,-0.0486549,0.998717,0.0133082,0,0.99858,0.0489229,-0.0206131,0,-0.0212381,0.0122866,-0.999699,0,0.438226,-0.0771264,0.0340126,1,0.644999,-28.3017,4.42097,10.9909,-0.171754,2.43788,-0.242417,-232.441,-86.4873,70.6862,-115.497,-6.58964,23.6553,18.8759,-0.628156,0.39902,0.364988,-2.51611,-0.459825,2.83727,-0.679177,0.00200251,0.000447451,-0.000815162,0.000278889,0.000200452,-0.000523222,0.000750689,
0.148,0,0,0,0,0,0,0,0,0,0,0,0,0,0,0,0,-0.0486481,0.998718,0.0133104,0,0.99858,0.0489161,-0.0206151,0,-0.0212402,0.0122889,-0.999699,0,0.438223,-0.0771271,0.034012,1,0.756083,-28.262,4.3813,11.0663,-0.165346,2.42415,-0.275376,27.8724,-66.4251,-105.449,79.196,-8.40863,16.9246,-53.872,-0.628164,0.399019,0.364992,-2.51612,-0.459826,2.83727,-0.679173,-0.000840236,-0.000279875,0.000480565,-0.00034002,-4.60996e-05,7.50085e-05,0.00165035,
0.151,0,0,0,0,0,0,0,0,0,0,0,0,0,0,0,0,-0.0486528,0.998717,0.0133137,0,0.99858,0.048921,-0.0206187,0,-0.021244,0.0122919,-0.999699,0,0.438222,-0.0771254,0.0340098,1,0.720377,-28.3374,4.3813,11.0663,-0.165346,2.41774,-0.248826,-4.47786,-154.846,-71.5681,53.0112,-9.16599,-13.0749,1.81063,-0.628161,0.399024,0.364991,-2.51612,-0.459826,2.83727,-0.679176,0.00040053,0.00156689,-4.30875e-05,-0.000383456,6.54605e-05,0.000129397,5.9485e-05,
0.154,0,0,0,0,0,0,0,0,0,0,0,0,0,0,0,0,-0.0486481,0.998718,0.0133111,0,0.998581,0.0489161,-0.020611,0,-0.0212361,0.0122897,-0.999699,0,0.438225,-0.0771257,0.0340129,1,0.756083,-28.262,4.30592,11.0306,-0.165346,2.41774,-0.301926,12.5893,106.581,-143.222,-59.335,-22.923,-15.3527,-112.048,-0.628165,0.399019,0.364996,-2.51611,-0.459826,2.83727,-0.67917,-0.000716595,-0.000834965,0.00195675,0.000534182,4.57689e-05,0.000321619,0.00196924,
0.157,0,0,0,0,0,0,0,0,0,0,0,0,0,0,0,0,-0.0486591,0.998717,0.0133124,0,0.99858,0.0489272,-0.0206177,0,-0.021243,0.0122905,-0.999699,0,0.438223,-0.0771258,0.0340106,1,0.720377,-28.3374,4.3813,11.0663,-0.165346,2.42415,-0.195725,4.73141,-81.0127,33.6066,32.2091,3.59552,1.44018,62.0419,-0.628161,0.399022,0.364991,-2.51612,-0.459826,2.83727,-0.679182,-0.000119545,0.00179425,0.00049731,-0.000213698,0.000145427,-9.89956e-06,-0.00205761,
0.16,0,0,0,0,0,0,0,0,0,0,0,0,0,0,0,0,-0.0486595,0.998717,0.0133121,0,0.99858,0.0489276,-0.0206175,0,-0.0212428,0.0122902,-0.999699,0,0.438223,-0.0771253,0.0340107,1,0.720377,-28.3017,4.3813,11.0663,-0.171754,2.42415,-0.195725,-64.7775,-37.7758,92.3379,91.9256,-5.85464,-5.25572,71.7912,-0.628159,0.399022,0.36499,-2.51612,-0.459825,2.83727,-0.679182,0.000150174,0.000552251,0.000662927,-0.000249245,0.000148582,0.000110221,-0.00150635,
0.163,0,0,0,0,0,0,0,0,0,0,0,0,0,0,0,0,-0.0486524,0.998717,0.0133111,0,0.99858,0.0489206,-0.0206225,0,-0.0212476,0.0122891,-0.999699,0,0.43822,-0.0771291,0.0340096,1,0.756083,-28.3017,4.45667,11.102,-0.158937,2.43788,-0.195725,24.0241,-72.3433,212.676,97.3585,13.4102,-3.56304,88.8602,-0.628164,0.399022,0.364986,-2.51612,-0.459827,2.83727,-0.679182,-0.000398895,-0.00030038,-0.00125747,-0.00137321,-0.000246081,-0.000306373,-0.00150502,
0.166,0,0,0,0,0,0,0,0,0,0,0,0,0,0,0,0,-0.0486538,0.998717,0.0133103,0,0.99858,0.0489219,-0.0206176,0,-0.0212427,0.0122885,-0.999699,0,0.438224,-0.0771279,0.0340106,1,0.720377,-28.3374,4.42097,10.9909,-0.147035,2.43788,-0.228684,-3.94073,-54.9409,77.9824,-147.844,33.5284,-3.15925,7.65757,-0.628161,0.399024,0.364988,-2.51611,-0.459828,2.83727,-0.679178,-0.00344145,0.000189405,-0.000310714,0.00191311,-0.000645588,-0.00716941,0.000401778,
0.169,0,0,0,0,0,0,0,0,0,0,0,0,0,0,0,0,-0.0486493,0.998718,0.0133113,0,0.99858,0.0489174,-0.020617,0,-0.0212421,0.0122896,-0.999699,0,0.438223,-0.0771274,0.0340111,1,0.756083,-28.3374,4.3813,11.0306,-0.165346,2.43788,-0.255234,151.826,19.5618,-84.6334,-77.9718,9.29176,4.83764,-2.7351,-0.628164,0.399022,0.364991,-2.51611,-0.459826,2.83727,-0.679175,-0.00183153,5.61199e-05,0.000248211,-0.0036523,0.000434137,-0.00303802,0.000966756,
0.172,0,0,0,0,0,0,0,0,0,0,0,0,0,0,0,0,-0.0486407,0.998718,0.0133132,0,0.998581,0.048909,-0.0206243,0,-0.0212494,0.0122914,-0.999699,0,0.43822,-0.0771289,0.0340082,1,0.756083,-28.3731,4.42097,11.0663,-0.165346,2.43788,-0.288193,62.693,-29.2622,34.5101,35.9541,-3.94393,-11.2575,-77.5489,-0.628164,0.399027,0.364985,-2.51612,-0.459826,2.83727,-0.679172,-0.000522344,0.00103745,-0.000545136,0.00410289,0.000207753,-0.00122571,0.00240384,
0.175,0,0,0,0,0,0,0,0,0,0,0,0,0,0,0,0,-0.0486431,0.998718,0.0133111,0,0.998581,0.0489112,-0.0206177,0,-0.0212428,0.0122895,-0.999699,0,0.438223,-0.0771292,0.0340111,1,0.795756,-28.3017,4.3813,11.0306,-0.177248,2.4452,-0.268052,133.811,126.513,24.1062,-122.469,-34.5947,-23.1476,-42.6343,-0.628167,0.399022,0.36499,-2.51611,-0.459825,2.83727,-0.679174,-0.00209954,-0.0051372,0.000560272,-0.00340255,0.000702049,-0.000546555,0.00107394,
0.178,0,0,0,0,0,0,0,0,0,0,0,0,0,0,0,0,-0.0486438,0.998718,0.0133131,0,0.99858,0.048912,-0.0206243,0,-0.0212494,0.0122912,-0.999699,0,0.438221,-0.0771282,0.0340086,1,0.756083,-28.3731,4.42097,11.0306,-0.158937,2.45894,-0.281785,-39.609,-65.6101,73.079,-119.405,4.40334,15.343,-103.117,-0.628165,0.399027,0.364988,-2.51611,-0.459827,2.83727,-0.679172,-0.000521125,-0.00101963,-0.000762013,-0.00127311,-0.000357126,-0.000735217,0.00185162,
0.181,0,0,0,0,0,0,0,0,0,0,0,0,0,0,0,0,-0.0486524,0.998717,0.0133176,0,0.99858,0.0489208,-0.0206328,0,-0.0212583,0.012295,-0.999698,0,0.438216,-0.0771273,0.0340058,1,0.756083,-28.4128,4.42097,11.1377,-0.158937,2.45894,-0.189316,-111.683,-65.8922,-2.63526,224.117,6.70089,5.01183,88.6312,-0.628167,0.39903,0.364988,-2.51612,-0.459826,2.83727,-0.679183,0.000223465,0.00102641,-0.000153602,0.00194971,-0.000158562,-0.000358144,-0.00222056,
0.184,0,0,0,0,0,0,0,0,0,0,0,0,0,0,0,0,-0.0486466,0.998718,0.0133159,0,0.99858,0.048915,-0.0206312,0,-0.0212565,0.0122936,-0.999698,0,0.438217,-0.0771281,0.0340067,1,0.756083,-28.3731,4.45667,11.102,-0.158937,2.45253,-0.215867,-181.277,-14.2047,63.5573,98.8204,16.2028,-10.5599,37.2686,-0.628165,0.399027,0.364986,-2.51612,-0.459823,2.83727,-0.67918,-0.00012528,0.000137158,-0.000602324,-0.00217282,-0.000126101,0.000326954,-0.000752134,
0.187,0,0,0,0,0,0,0,0,0,0,0,0,0,0,0,0,-0.0486387,0.998718,0.0133097,0,0.998581,0.0489069,-0.0206336,0,-0.0212585,0.0122874,-0.999699,0,0.438216,-0.077135,0.0340079,1,0.831461,-28.3017,4.49635,11.1377,-0.158937,2.47267,-0.202134,25.1568,168.414,20.0666,116.821,8.7231,23.36,71.2416,-0.628172,0.399022,0.36498,-2.51612,-0.459826,2.83727,-0.679181,-0.00159662,-0.00130293,-0.00129209,-0.00235838,7.84802e-06,-0.000484422,-0.00168092,
0.189,0,0,0,0,0,0,0,0,0,0,0,0,0,0,0,0,-0.0486378,0.998718,0.0133148,0,0.998581,0.0489061,-0.0206331,0,-0.0212582,0.0122926,-0.999698,0,0.438215,-0.0771338,0.0340062,1,0.871134,-28.3731,4.45667,11.102,-0.165346,2.45894,-0.202134,95.5038,52.6972,-24.7215,-23.2168,-11.3752,-25.1359,73.599,-0.628175,0.399028,0.364983,-2.51612,-0.459826,2.83727,-0.679181,-0.00132927,0.000207622,4.44176e-05,-0.000860877,0.000161727,0.000212283,-0.0016513,
0.192,0,0,0,0,0,0,0,0,0,0,0,0,0,0,0,0,-0.0486362,0.998718,0.0133083,0,0.998581,0.0489044,-0.0206259,0,-0.0212507,0.0122865,-0.999699,0,0.438219,-0.0771353,0.0340093,1,0.795756,-28.3017,4.49635,11.0663,-0.165346,2.47267,-0.228684,-30.2325,120.735,44.6013,-114.084,-10.1923,-3.91745,29.4299,-0.62817,0.399022,0.36498,-2.51612,-0.459826,2.83727,-0.679178,0.000389213,-0.00115543,-0.000791123,0.00034002,-4.82723e-06,-0.000104028,-0.000756774,
0.194,0,0,0,0,0,0,0,0,0,0,0,0,0,0,0,0,-0.0486299,0.998719,0.0133124,0,0.998581,0.0488983,-0.0206359,0,-0.0212608,0.0122902,-0.999698,0,0.438214,-0.077135,0.0340065,1,0.831461,-28.3374,4.49635,11.1377,-0.171754,2.4864,-0.248826,-28.9568,-35.8689,-17.3268,155.71,-23.8917,23.5603,-36.8252,-0.628173,0.399024,0.36498,-2.51612,-0.459824,2.83727,-0.679176,-0.000662468,-0.000239291,-0.00035161,-0.00126253,0.000314333,-0.000464895,2.74011e-06,
0.197,0,0,0,0,0,0,0,0,0,0,0,0,0,0,0,0,-0.0486286,0.998719,0.0133097,0,0.998581,0.0488969,-0.0206363,0,-0.0212611,0.0122875,-0.999698,0,0.438214,-0.0771378,0.034007,1,0.831461,-28.3017,4.49635,11.1377,-0.158937,2.46626,-0.235093,-7.83583,250,91.9082,59.1737,16.0558,-30.8273,-7.97522,-0.628176,0.399022,0.364977,-2.51612,-0.459827,2.83727,-0.679177,-0.00291799,-0.00149636,-0.000805351,-0.000665427,-7.26387e-05,0.000555219,-0.00134422,
0.199,0,0,0,0,0,0,0,0,0,0,0,0,0,0,0,0,-0.0486211,0.998719,0.0133127,0,0.998581,0.0488896,-0.0206423,0,-0.0212671,0.0122904,-0.999698,0,0.438212,-0.0771386,0.0340049,1,0.831461,-28.3731,4.45667,11.1377,-0.158937,2.47267,-0.268052,166.444,15.3079,-56.8302,124.588,5.99351,-17.1809,-70.7245,-0.628181,0.399027,0.364978,-2.51612,-0.459827,2.83726,-0.679174,-0.0018516,0.000138244,-0.00276933,-0.000857689,-0.000111404,0.000257958,0.00029549,
0.202,0,0,0,0,0,0,0,0,0,0,0,0,0,0,0,0,-0.0486147,0.998719,0.0133119,0,0.998581,0.0488832,-0.0206464,0,-0.0212711,0.0122895,-0.999698,0,0.438209,-0.0771431,0.0340038,1,0.871134,-28.3731,4.53205,11.1377,-0.171754,2.47999,-0.228684,108.382,-19.9954,38.175,146.378,-14.015,-36.0855,-17.1342,-0.628184,0.399027,0.364972,-2.51613,-0.459825,2.83726,-0.679178,-0.00192038,0.000318775,-0.00244873,-0.00072121,0.000309843,0.000178092,-0.000643363,
0.205,0,0,0,0,0,0,0,0,0,0,0,0,0,0,0,0,-0.0486203,0.998719,0.0133142,0,0.998581,0.0488889,-0.0206476,0,-0.0212724,0.0122916,-0.999698,0,0.438209,-0.0771418,0.0340028,1,0.795756,-28.4128,4.42097,11.1377,-0.165346,2.4864,-0.195725,55.5396,-72.82,-76.5883,-0.185356,-2.15308,9.04317,60.845,-0.628185,0.39903,0.364973,-2.51612,-0.459826,2.83726,-0.679182,0.000608922,0.00130063,0.000732802,-0.000565572,6.54322e-05,-0.000131872,-0.0019614,
0.207,0,0,0,0,0,0,0,0,0,0,0,0,0,0,0,0,-0.0486116,0.998719,0.0133131,0,0.998582,0.0488802,-0.0206486,0,-0.0212733,0.0122907,-0.999698,0,0.438209,-0.0771435,0.034003,1,0.795756,-28.4128,4.42097,11.102,-0.171754,2.49373,-0.242417,32.1364,-61.5797,-148.833,84.9035,-10.9389,-3.50509,-30.5303,-0.628186,0.39903,0.364972,-2.51612,-0.459825,2.83726,-0.679177,-6.63701e-05,0.000887298,0.00112818,0.000304933,0.00034556,-0.000239465,0.000857596,
0.21,0,0,0,0,0,0,0,0,0,0,0,0,0,0,0,0,-0.0486063,0.99872,0.0133081,0,0.998582,0.0488747,-0.0206506,0,-0.021275,0.0122857,-0.999698,0,0.438206,-0.0771488,0.0340032,1,0.720377,-28.3374,4.49635,11.1774,-0.171754,2.4864,-0.208542,-189.872,56.9507,134.554,199.153,-4.56545,-23.8873,31.2242,-0.628186,0.399024,0.364961,-2.51613,-0.459825,2.83726,-0.67918,0.00160329,-0.000984828,-0.00139488,-0.00167319,0.000234254,0.000279428,-0.00107586,
0.213,0,0,0,0,0,0,0,0,0,0,0,0,0,0,0,0,-0.0485905,0.99872,0.0133097,0,0.998582,0.048859,-0.0206535,0,-0.0212778,0.0122875,-0.999698,0,0.438204,-0.0771535,0.0340008,1,0.756083,-28.3731,4.45667,11.1377,-0.165346,2.4864,-0.248826,-2.50475,158.541,58.8166,38.305,-7.83751,8.21466,-9.05362,-0.628192,0.39903,0.364955,-2.51613,-0.459826,2.83727,-0.679176,2.46774e-05,-0.000900194,-0.000480925,-8.34378e-05,-8.88307e-05,3.00443e-05,0.000344324,
0.216,0,0,0,0,0,0,0,0,0,0,0,0,0,0,0,0,-0.0485901,0.99872,0.0133084,0,0.998582,0.0488587,-0.0206607,0,-0.0212849,0.0122858,-0.999698,0,0.438202,-0.0771547,0.0339993,1,0.684672,-28.4128,4.3813,11.1377,-0.165346,2.49373,-0.235093,-86.4339,-65.2488,-82.3207,43.2077,7.23563,2.95672,21.9656,-0.628188,0.399031,0.364949,-2.51613,-0.459826,2.83726,-0.679177,0.00121079,0.000939691,-0.00199695,-2.4777e-05,2.64262e-05,-0.000341486,-0.000587449,
0.219,0,0,0,0,0,0,0,0,0,0,0,0,0,0,0,0,-0.048566,0.998722,0.0133045,0,0.998584,0.0488345,-0.0206619,0,-0.0212856,0.0122824,-0.999698,0,0.438201,-0.0771643,0.0339982,1,0.756083,-28.4128,4.3813,11.102,-0.158937,2.47999,-0.288193,10.1858,7.57585,85.3096,-12.7972,-6.61357,3.45245,-64.3244,-0.628195,0.399033,0.364935,-2.51613,-0.459827,2.83726,-0.679172,-0.00026117,0.000391847,-0.000989733,0.00064225,-0.000150409,0.000203994,0.00108055,
0.222,0,0,0,0,0,0,0,0,0,0,0,0,0,0,0,0,-0.0485664,0.998722,0.0133032,0,0.998583,0.048835,-0.0206703,0,-0.0212939,0.0122807,-0.999698,0,0.438198,-0.0771658,0.0339955,1,0.644999,-28.4485,4.42097,11.1377,-0.165346,2.4864,-0.255234,-183.389,-9.45049,13.1845,85.3249,11.4472,12.3484,0.241409,-0.628185,0.399035,0.364922,-2.51613,-0.459826,2.83726,-0.679175,0.00205654,0.0005698,-0.00332115,-0.000180922,-1.81925e-05,-0.000158078,0.000214671,
0.225,0,0,0,0,0,0,0,0,0,0,0,0,0,0,0,0,-0.0485463,0.998723,0.0133004,0,0.998584,0.0488149,-0.0206708,0,-0.0212941,0.0122783,-0.999698,0,0.438196,-0.0771739,0.0339961,1,0.831461,-28.4128,4.49635,11.1377,-0.171754,2.50014,-0.281785,111.392,50.7772,92.5491,6.94719,-15.8058,39.3845,-56.5689,-0.628198,0.399033,0.364918,-2.51613,-0.459825,2.83726,-0.679172,-0.00179342,-0.000274559,-0.00233659,-0.000424818,0.000284715,-0.000687331,0.00195118,
0.228,0,0,0,0,0,0,0,0,0,0,0,0,0,0,0,0,-0.0485505,0.998723,0.0133,0,0.998584,0.048819,-0.0206732,0,-0.0212965,0.0122777,-0.999698,0,0.438194,-0.0771755,0.0339951,1,0.795756,-28.4128,4.56776,11.1377,-0.165346,2.4864,-0.215867,-171.532,36.2881,108.289,27.3783,-7.37502,-15.97,10.8451,-0.628198,0.399033,0.364913,-2.51613,-0.459826,2.83726,-0.67918,0.000891488,-0.000163842,-0.00177334,-0.000589884,-2.11329e-05,0.000139198,-0.000586063,
0.231,0,0,0,0,0,0,0,0,0,0,0,0,0,0,0,0,-0.0485345,0.998723,0.0132983,0,0.998585,0.0488031,-0.0206753,0,-0.0212983,0.0122762,-0.999698,0,0.438193,-0.0771817,0.0339946,1,0.871134,-28.4128,4.60743,11.1377,-0.158937,2.49373,-0.248826,-42.1481,36.5333,45.6233,22.8205,19.4414,6.68828,-36.0629,-0.628206,0.399033,0.364908,-2.51613,-0.459827,2.83726,-0.679176,-0.00332616,-0.000512556,-0.00140458,-0.00517169,-0.000296367,-0.000230023,0.00113748,
0.234,0,0,0,0,0,0,0,0,0,0,0,0,0,0,0,0,-0.0485314,0.998723,0.0132981,0,0.998585,0.0487999,-0.0206733,0,-0.0212963,0.0122762,-0.999698,0,0.438194,-0.0771861,0.0339947,1,0.942545,-28.4485,4.60743,11.102,-0.153444,2.50014,-0.195725,50.7459,-111.459,-111.003,28.0849,31.6611,-2.97169,61.0786,-0.628215,0.399035,0.364908,-2.51613,-0.459827,2.83726,-0.679182,-0.00433851,0.000683349,-0.000164995,-0.00098034,-0.000554995,-0.000305514,-0.00142998,
0.237,0,0,0,0,0,0,0,0,0,0,0,0,0,0,0,0,-0.0485082,0.998725,0.0132981,0,0.998586,0.0487768,-0.0206786,0,-0.0213013,0.0122765,-0.999698,0,0.43819,-0.0771954,0.0339927,1,1.01792,-28.4485,4.68281,11.1377,-0.165346,2.49373,-0.202134,246.57,-126.851,35.1802,35.1868,-0.792895,3.39664,36.3068,-0.628229,0.399038,0.3649,-2.51613,-0.459826,2.83726,-0.679181,-0.00331965,0.000872711,-0.0013596,-0.000911659,-2.12741e-05,3.38082e-05,-0.00144095,
0.24,0,0,0,0,0,0,0,0,0,0,0,0,0,0,0,0,-0.0485031,0.998725,0.0132983,0,0.998586,0.0487718,-0.020684,0,-0.0213066,0.0122765,-0.999698,0,0.438189,-0.0771964,0.0339915,1,0.871134,-28.4881,4.68281,11.1377,-0.171754,2.49373,-0.222275,-33.11,-135.131,86.5407,35.0235,-8.28543,-3.64831,55.3909,-0.628229,0.399039,0.364897,-2.51613,-0.459825,2.83726,-0.679179,-0.000808226,0.0011866,-0.001511,-0.000839591,0.000151936,1.00172e-05,-9.16313e-05,
0.243,0,0,0,0,0,0,0,0,0,0,0,0,0,0,0,0,-0.0484801,0.998726,0.0132943,0,0.998587,0.0487486,-0.0206826,0,-0.0213048,0.0122731,-0.999698,0,0.438187,-0.0772065,0.0339934,1,1.01792,-28.3731,4.68281,11.1377,-0.165346,2.49373,-0.248826,155.671,206.822,62.6223,84.7989,-8.11119,-14.815,-4.1217,-0.628249,0.399033,0.364896,-2.51613,-0.459826,2.83726,-0.679176,-0.00508194,-0.0016385,-0.00075909,0.000222308,-0.000113221,8.20877e-05,0.000172533,
0.246,0,0,0,0,0,0,0,0,0,0,0,0,0,0,0,0,-0.0484781,0.998726,0.0132966,0,0.998587,0.0487467,-0.0206848,0,-0.021307,0.0122753,-0.999698,0,0.438187,-0.0772052,0.0339926,1,0.982218,-28.4128,4.64314,11.1377,-0.171754,2.50014,-0.275376,-2.14743,75.4094,-122.31,171.959,-13.4141,18.9234,-20.774,-0.62825,0.399035,0.364899,-2.51613,-0.459825,2.83726,-0.679173,-0.000996017,-0.000537039,0.00147559,-0.000231307,0.000177439,-0.000213037,0.00153179,
0.249,0,0,0,0,0,0,0,0,0,0,0,0,0,0,0,0,-0.048465,0.998727,0.0132967,0,0.998588,0.0487336,-0.0206877,0,-0.0213098,0.0122756,-0.999698,0,0.438185,-0.077211,0.0339904,1,1.0933,-28.4881,4.71852,11.102,-0.165346,2.49373,-0.281785,138.64,-96.4725,60.0242,-45.72,14.1761,-12.3283,-48.4773,-0.628255,0.399041,0.364891,-2.51613,-0.459826,2.83726,-0.679172,-0.00271945,0.000830765,-0.0026128,0.000294754,-0.000132038,-4.80516e-05,0.00240925,
0.252,0,0,0,0,0,0,0,0,0,0,0,0,0,0,0,0,-0.0484685,0.998727,0.0132909,0,0.998588,0.048737,-0.0206841,0,-0.0213059,0.0122698,-0.999698,0,0.438186,-0.0772151,0.0339927,1,1.05363,-28.4128,4.75819,11.102,-0.165346,2.49373,-0.202134,47.5385,152.595,22.4317,-81.4161,-14.6006,-10.8794,30.0045,-0.628255,0.399034,0.364885,-2.51613,-0.459826,2.83726,-0.679181,-0.000653358,-0.000929339,-0.00198527,0.000548004,5.88353e-05,6.48821e-05,-0.000736675,
0.255,0,0,0,0,0,0,0,0,0,0,0,0,0,0,0,0,-0.0484662,0.998727,0.0132976,0,0.998588,0.048735,-0.0206964,0,-0.0213185,0.012276,-0.999697,0,0.43818,-0.077214,0.0339872,1,1.01792,-28.5238,4.79389,11.1774,-0.171754,2.47999,-0.195725,-102.615,-146.88,128.901,118.923,2.78859,-23.2482,64.3972,-0.628253,0.399044,0.36488,-2.51614,-0.459825,2.83726,-0.679182,-0.000765769,0.00115792,-0.00144024,-0.00160228,0.000122926,0.000437428,-0.00108482,
0.258,0,0,0,0,0,0,0,0,0,0,0,0,0,0,0,0,-0.0484609,0.998727,0.0132927,0,0.998588,0.0487295,-0.0206879,0,-0.0213097,0.0122716,-0.999698,0,0.438184,-0.0772187,0.0339907,1,1.0933,-28.4485,4.75819,11.102,-0.171754,2.49373,-0.181992,-21.9094,144.661,-83.385,-20.4858,-3.72482,-6.3283,93.1236,-0.628261,0.399039,0.364881,-2.51613,-0.459825,2.83726,-0.679183,-0.00152584,-0.000956142,0.000175028,0.000122714,3.64224e-05,7.30943e-05,-0.00148185,
0.261,0,0,0,0,0,0,0,0,0,0,0,0,0,0,0,0,-0.0484501,0.998728,0.013289,0,0.998589,0.0487186,-0.0206883,0,-0.0213098,0.0122681,-0.999698,0,0.438184,-0.0772232,0.0339906,1,1.05363,-28.4485,4.83357,11.0663,-0.165346,2.50014,-0.215867,-105.779,146.473,30.0153,-165.952,-8.56999,-3.29382,45.4098,-0.62826,0.399039,0.364873,-2.51613,-0.459826,2.83726,-0.67918,-0.000929167,-0.00126288,-0.000953864,0.00280996,8.23763e-05,0.000157291,-0.000586003,
0.263,0,0,0,0,0,0,0,0,0,0,0,0,0,0,0,0,-0.0484468,0.998728,0.0132916,0,0.998589,0.0487155,-0.0206956,0,-0.0213172,0.0122704,-0.999697,0,0.438182,-0.0772244,0.0339884,1,1.0933,-28.4881,4.79389,11.0663,-0.165346,2.50014,-0.208542,-81.3709,-0.644002,-10.0759,-101.251,6.66933,-14.2426,38.9097,-0.628264,0.399044,0.364873,-2.51613,-0.459826,2.83725,-0.67918,-0.00101021,5.74009e-05,-8.99459e-05,0.00166475,-4.2508e-05,6.99072e-05,-0.0012664,
0.266,0,0,0,0,0,0,0,0,0,0,0,0,0,0,0,0,-0.0484362,0.998728,0.013294,0,0.998589,0.048705,-0.0207028,0,-0.0213244,0.0122727,-0.999697,0,0.438177,-0.0772272,0.0339861,1,1.16868,-28.4881,4.79389,11.1774,-0.165346,2.51478,-0.222275,199.473,30.0193,-16.8732,159.497,-1.53838,26.8771,-4.60197,-0.628272,0.399044,0.36487,-2.51614,-0.459826,2.83725,-0.679179,-0.00175231,-5.51717e-05,-0.000308815,-0.00137333,1.37783e-05,-0.000521821,-0.001076,
