0.001,0,0,0,0,0,0,0,0,0,0,0,0,0,0,0,0,0.0226708,0.998256,0.0543248,0,0.999488,-0.0214289,-0.023335,0,-0.0221306,0.0548271,-0.998251,0,0.473421,0.0138263,0.0483931,1,0.200663,-28.8611,3.33393,12.4906,0.106566,2.003,-0.0693822,79.2042,-68.6407,106.218,8.80519,5.49694,-3.74936,-75.5491,-0.356332,0.390761,0.329754,-2.44904,-0.203782,2.78906,-0.619208,-0.00395785,0.00111459,-0.00151908,-0.000417597,-0.000197248,-0.000160084,0.00161364,
0.004,0,0,0,0,0,0,0,0,0,0,0,0,0,0,0,0,0.0226673,0.998256,0.0543274,0,0.999488,-0.0214251,-0.0233386,0,-0.0221344,0.0548297,-0.99825,0,0.473421,0.0138302,0.0483923,1,0.125284,-28.9007,3.25855,12.4549,0.100157,2.003,-0.0895238,-54.5798,-92.197,-140.79,-93.3263,-6.44922,8.80519,-74.5084,-0.35633,0.390764,0.329759,-2.44904,-0.203781,2.78906,-0.619205,0.000315686,0.00203878,-0.000572738,0.000896079,0.000224126,5.3141e-06,0.00277635,
0.007,0,0,0,0,0,0,0,0,0,0,0,0,0,0,0,0,0.0226781,0.998256,0.054324,0,0.999488,-0.0214363,-0.0233333,0,-0.0221285,0.0548265,-0.998251,0,0.473421,0.0138221,0.0483947,1,0.236368,-28.7857,3.25855,12.4906,0.106566,2.00941,-0.0629735,120.709,144.032,-136.058,33.9283,16.6858,-4.32509,-41.8179,-0.356343,0.390756,0.329757,-2.44905,-0.203782,2.78906,-0.619209,-0.00195064,-0.0014964,0.000581268,-0.000291734,-0.000170951,-0.000156665,0.00122576,
0.01,0,0,0,0,0,0,0,0,0,0,0,0,0,0,0,0,0.0226773,0.998256,0.0543219,0,0.999488,-0.0214353,-0.0233374,0,-0.0221327,0.0548244,-0.998251,0,0.47342,0.0138207,0.048393,1,0.16099,-28.8253,3.29426,12.5263,0.106566,2.01674,-0.0565648,-89.804,-63.8316,-116.359,-15.0092,7.49124,5.64145,-15.2396,-0.356341,0.390759,0.329752,-2.44905,-0.203785,2.78906,-0.619209,-0.00208336,-0.00049366,-0.0032398,-0.000921837,-8.45606e-05,-5.39544e-05,0.00105643,
0.013,0,0,0,0,0,0,0,0,0,0,0,0,0,0,0,0,0.0226828,0.998256,0.0543234,0,0.999488,-0.0214405,-0.0233427,0,-0.0221377,0.0548261,-0.99825,0,0.473419,0.0138165,0.0483911,1,0.200663,-28.8611,3.33393,12.4906,0.100157,2.00941,0.00935314,-3.05627,-130.107,-68.2173,20.0023,-13.9272,-2.22693,76.7354,-0.356347,0.390764,0.329749,-2.44904,-0.203781,2.78906,-0.619216,-0.00116163,0.00350455,-0.00173655,-8.76089e-05,1.31822e-06,0.000255281,-0.00212462,
0.016,0,0,0,0,0,0,0,0,0,0,0,0,0,0,0,0,0.0226803,0.998256,0.0543218,0,0.999488,-0.0214378,-0.0233471,0,-0.0221423,0.0548246,-0.99825,0,0.473417,0.0138158,0.0483905,1,0.16099,-28.8611,3.33393,12.5263,0.112059,2.02406,0.0294947,-89.5481,-139.207,-53.8011,-30.2613,16.7406,2.65731,98.5865,-0.356348,0.390762,0.329748,-2.44905,-0.203783,2.78906,-0.619219,0.000243665,0.00161269,-0.000513008,-0.000582802,-0.000361299,-0.000206931,-0.00265272,
0.019,0,0,0,0,0,0,0,0,0,0,0,0,0,0,0,0,0.0226931,0.998256,0.054319,0,0.999488,-0.021451,-0.0233417,0,-0.0221363,0.0548219,-0.998251,0,0.473419,0.0138106,0.048392,1,0.16099,-28.8253,3.40931,12.4906,0.118468,2.00941,-0.00987293,-56.3846,-25.8662,70.0038,22.9698,32.3747,14.2235,35.7248,-0.356352,0.390759,0.329742,-2.44905,-0.203783,2.78906,-0.619214,0.000221917,0.000579948,-0.00152889,0.000198512,-0.000615678,0.000274004,-0.000250992,
0.022,0,0,0,0,0,0,0,0,0,0,0,0,0,0,0,0,0.0227042,0.998256,0.0543177,0,0.999488,-0.0214622,-0.0233407,0,-0.0221346,0.0548209,-0.998251,0,0.473419,0.0138061,0.0483925,1,0.200663,-28.7857,3.40931,12.5263,0.106566,1.99568,-0.0236058,-69.958,110.162,17.4767,-5.06411,3.41031,-48.6749,-11.4647,-0.356358,0.390756,0.32974,-2.44905,-0.203782,2.78906,-0.619213,-0.00135012,-0.000480776,-0.00100133,-0.000590801,1.34922e-05,0.000537066,-0.000387079,
0.025,0,0,0,0,0,0,0,0,0,0,0,0,0,0,0,0,0.0227101,0.998256,0.0543186,0,0.999487,-0.0214675,-0.0233501,0,-0.0221437,0.054822,-0.998251,0,0.473416,0.0138049,0.0483897,1,0.16099,-28.8253,3.40931,12.566,0.106566,2.03047,-0.0428319,-14.0445,-46.4779,40.7838,67.3807,13.523,32.4206,-35.396,-0.356361,0.390761,0.329739,-2.44905,-0.203782,2.78906,-0.619211,0.000796335,0.000113582,-0.00319273,-0.00110307,2.28357e-05,-0.000605693,0.000416542,
0.028,0,0,0,0,0,0,0,0,0,0,0,0,0,0,0,0,0.0227182,0.998256,0.0543191,0,0.999487,-0.0214759,-0.0233456,0,-0.0221387,0.0548227,-0.998251,0,0.473418,0.0138025,0.0483912,1,0.236368,-28.8253,3.33393,12.5263,0.106566,2.01674,-0.0693822,120.983,55.8155,-165.398,-45.5812,9.34682,6.65693,-84.0075,-0.356369,0.390759,0.329742,-2.44905,-0.203782,2.78906,-0.619208,-0.00153153,-2.62126e-05,-0.000279763,-9.99886e-05,-0.0001251,0.000106873,0.00128761,
0.03,0,0,0,0,0,0,0,0,0,0,0,0,0,0,0,0,0.0227285,0.998255,0.0543164,0,0.999487,-0.0214861,-0.0233477,0,-0.0221403,0.0548203,-0.998251,0,0.473416,0.013795,0.04839,1,0.276041,-28.8253,3.44502,12.566,0.106566,2.003,-0.0428319,209.189,-32.587,141.859,59.7866,9.37724,-28.1955,-6.62638,-0.356375,0.390759,0.329734,-2.44905,-0.203782,2.78906,-0.619212,-0.00420254,0.000302573,-0.00256457,-0.00066312,-0.00013472,0.000465703,-4.17253e-06,
0.033,0,0,0,0,0,0,0,0,0,0,0,0,0,0,0,0,0.0227188,0.998255,0.05432,0,0.999487,-0.0214765,-0.0233463,0,-0.0221394,0.0548236,-0.998251,0,0.473417,0.0138,0.0483912,1,0.200663,-28.8253,3.33393,12.5263,0.0937486,2.01674,-0.0171971,-26.751,30.9574,-31.5591,-21.2527,-15.6675,10.3535,46.8871,-0.356376,0.390759,0.329743,-2.44905,-0.203781,2.78906,-0.619214,-0.000680922,-0.000371437,0.000787095,0.000803719,0.000276562,-0.00375691,-0.00141785,
0.036,0,0,0,0,0,0,0,0,0,0,0,0,0,0,0,0,0.0227199,0.998255,0.0543194,0,0.999487,-0.0214773,-0.0233509,0,-0.022144,0.0548231,-0.998251,0,0.473415,0.0137974,0.0483896,1,0.16099,-28.8253,3.33393,12.566,0.100157,2.01674,-0.00987293,59.5327,2.7295,-4.24022,55.338,-10.0807,12.9344,5.72495,-0.356379,0.390759,0.329741,-2.44905,-0.203781,2.78906,-0.619217,8.76945e-05,-0.000294427,0.000202876,-0.00124669,-4.99219e-05,-0.0015182,-0.00185556,
0.039,0,0,0,0,0,0,0,0,0,0,0,0,0,0,0,0,0.0227244,0.998255,0.0543205,0,0.999487,-0.0214818,-0.023351,0,-0.0221438,0.0548243,-0.99825,0,0.473415,0.013797,0.0483896,1,0.0895788,-28.8253,3.29426,12.566,0.100157,2.01674,-0.00987293,-153.037,-103.892,46.8816,147.216,-5.97969,9.61484,2.66839,-0.356384,0.390759,0.329744,-2.44905,-0.203781,2.78906,-0.619214,0.00223227,0.000222622,0.000975333,-0.000678731,6.4328e-05,-0.000663568,-0.00200409,
0.042,0,0,0,0,0,0,0,0,0,0,0,0,0,0,0,0,0.0227287,0.998255,0.05432,0,0.999487,-0.0214865,-0.0233421,0,-0.0221346,0.0548237,-0.998251,0,0.473418,0.013794,0.0483925,1,0.0895788,-28.7857,3.29426,12.5263,0.106566,2.00941,-0.00346424,-144.811,53.8981,-132.156,-84.0818,12.7778,-5.14325,33.8685,-0.356391,0.390756,0.329746,-2.44905,-0.203782,2.78906,-0.619215,-0.00125112,-0.00132585,0.000592928,0.000726915,-0.000165552,-0.000153502,-0.00122299,
0.045,0,0,0,0,0,0,0,0,0,0,0,0,0,0,0,0,0.0227381,0.998255,0.0543202,0,0.999487,-0.0214958,-0.0233447,0,-0.0221367,0.0548242,-0.998251,0,0.473418,0.0137918,0.0483913,1,0.0895788,-28.8253,3.29426,12.5263,0.100157,2.00941,-0.0364232,-161.902,-41.1444,-123.443,-34.4949,-12.9172,-1.27434,-34.7914,-0.356394,0.390759,0.329744,-2.44905,-0.203781,2.78906,-0.619211,6.67844e-05,-0.00425967,0.000482744,-0.000248628,0.00013556,-1.78756e-05,0.00118235,
0.048,0,0,0,0,0,0,0,0,0,0,0,0,0,0,0,0,0.0227546,0.998255,0.0543175,0,0.999486,-0.0215123,-0.0233456,0,-0.0221368,0.0548218,-0.998251,0,0.473417,0.0137847,0.0483913,1,0.200663,-28.7857,3.36964,12.566,0.112059,2.003,-0.0693822,24.4863,-24.4354,53.2502,78.4344,6.56252,-27.978,-55.0339,-0.356403,0.390756,0.329739,-2.44905,-0.203782,2.78906,-0.619208,-0.00126372,-0.00225078,-0.00122933,-0.00135227,-0.000321524,0.000109017,0.00224166,
0.051,0,0,0,0,0,0,0,0,0,0,0,0,0,0,0,0,0.0227544,0.998255,0.0543143,0,0.999487,-0.0215128,-0.0233368,0,-0.022128,0.0548185,-0.998251,0,0.47342,0.0137829,0.0483951,1,0.200663,-28.6746,3.36964,12.5263,0.118468,2.003,-0.0629735,101.455,184.276,52.9158,37.3326,17.4144,-14.7416,-28.074,-0.356405,0.390749,0.329739,-2.44905,-0.203783,2.78906,-0.619208,-0.000944274,-0.00350844,-0.000828662,-6.03994e-05,-0.000709386,0.000218634,0.00176057,
0.054,0,0,0,0,0,0,0,0,0,0,0,0,0,0,0,0,0.0227509,0.998255,0.0543171,0,0.999487,-0.0215092,-0.0233372,0,-0.0221286,0.0548213,-0.998251,0,0.473421,0.0137837,0.0483942,1,0.236368,-28.75,3.33393,12.4906,0.106566,2.00941,-0.0236058,-26.0758,-34.8952,-60.2963,-100.393,24.4713,13.6538,35.1523,-0.356406,0.390754,0.329741,-2.44905,-0.203782,2.78906,-0.619213,-0.00106572,-8.0023e-05,-0.00164809,0.00102355,-0.000146139,-0.000122286,0.000178798,
0.057,0,0,0,0,0,0,0,0,0,0,0,0,0,0,0,0,0.0227583,0.998255,0.0543166,0,0.999486,-0.0215161,-0.0233458,0,-0.0221368,0.0548211,-0.998251,0,0.473417,0.0137805,0.0483919,1,0.276041,-28.75,3.36964,12.566,0.100157,2.01674,-0.0236058,47.1408,-6.16067,-22.0359,19.4749,-22.1235,4.98823,27.8939,-0.356411,0.390754,0.329739,-2.44905,-0.203781,2.78906,-0.619213,-0.000737881,0.000118629,-0.00136074,-0.00134654,0.000261875,-0.000361282,-0.000651564,
0.06,0,0,0,0,0,0,0,0,0,0,0,0,0,0,0,0,0.0227535,0.998255,0.0543159,0,0.999486,-0.0215116,-0.0233405,0,-0.0221317,0.0548202,-0.998251,0,0.47342,0.0137799,0.0483939,1,0.236368,-28.75,3.36964,12.4906,0.100157,2.00941,-0.00346424,15.5783,-122.801,-39.8137,40.6765,-2.07925,18.8121,58.1717,-0.356411,0.390753,0.329739,-2.44905,-0.203781,2.78905,-0.619218,4.14289e-06,0.000480907,-0.00077558,0.000384687,0.000156712,1.30802e-05,-0.00181313,
0.063,0,0,0,0,0,0,0,0,0,0,0,0,0,0,0,0,0.0227614,0.998255,0.0543146,0,0.999486,-0.0215195,-0.0233414,0,-0.0221323,0.054819,-0.998251,0,0.473421,0.0137765,0.0483929,1,0.236368,-28.7857,3.44502,12.4549,0.100157,2.00941,-0.0171971,19.0749,-169.538,36.7437,-86.67,-9.19032,-8.30927,3.19462,-0.356411,0.390756,0.329733,-2.44904,-0.203781,2.78905,-0.619217,0.000205735,0.00202176,-0.00172335,0.000856397,0.000276257,6.3973e-05,-0.00128698,
0.065,0,0,0,0,0,0,0,0,0,0,0,0,0,0,0,0,0.0227678,0.998255,0.0543125,0,0.999486,-0.0215265,-0.0233313,0,-0.0221218,0.0548169,-0.998251,0,0.473424,0.0137736,0.0483967,1,0.276041,-28.6746,3.44502,12.4549,0.106566,2.003,-0.0428319,18.858,85.0464,113.585,-195.544,5.76696,2.98813,-9.19571,-0.356417,0.390749,0.329733,-2.44904,-0.203782,2.78906,-0.619214,-0.000837264,-0.00114614,-0.00106007,0.000659027,3.23584e-05,0.000265718,0.000626109,
0.068,0,0,0,0,0,0,0,0,0,0,0,0,0,0,0,0,0.0227676,0.998255,0.0543113,0,0.999486,-0.0215265,-0.0233295,0,-0.02212,0.0548156,-0.998251,0,0.473424,0.0137742,0.0483978,1,0.236368,-28.6746,3.40931,12.4549,0.106566,2.01674,-0.0300145,-61.8327,100.456,56.5101,-14.1833,-5.40807,10.3795,25.1055,-0.356415,0.390746,0.329733,-2.44904,-0.203782,2.78906,-0.619212,-0.000114439,-0.00104259,-0.000261636,0.000473673,-4.31587e-05,-0.000260397,0.000769492,
0.071,0,0,0,0,0,0,0,0,0,0,0,0,0,0,0,0,0.0227641,0.998255,0.0543128,0,0.999487,-0.021523,-0.0233275,0,-0.0221182,0.054817,-0.998251,0,0.473424,0.0137743,0.0483977,1,0.236368,-28.6746,3.36964,12.4549,0.112059,1.99568,0.00294445,10.6079,15.4204,-135.702,-62.6251,24.8437,-18.0519,39.5225,-0.356418,0.390746,0.329736,-2.44904,-0.203783,2.78906,-0.619216,-0.000106259,-0.000825254,0.00112493,-4.52564e-05,-0.000216238,0.000382474,-0.00118485,
0.074,0,0,0,0,0,0,0,0,0,0,0,0,0,0,0,0,0.0227608,0.998255,0.0543156,0,0.999486,-0.0215191,-0.0233379,0,-0.0221288,0.05482,-0.998251,0,0.473421,0.0137764,0.0483937,1,0.200663,-28.7857,3.36964,12.4906,0.100157,2.00941,0.0230861,-95.1761,-148.012,11.5499,89.9283,-21.9791,-8.62077,91.3263,-0.356415,0.390754,0.329736,-2.44905,-0.203781,2.78906,-0.619218,0.000525255,0.00183804,0.000146035,-0.000848627,0.000184591,-0.000112738,-0.00223864,
0.077,0,0,0,0,0,0,0,0,0,0,0,0,0,0,0,0,0.022757,0.998255,0.0543145,0,0.999487,-0.0215157,-0.0233304,0,-0.0221215,0.0548186,-0.998251,0,0.473424,0.0137774,0.0483962,1,0.16099,-28.7143,3.33393,12.4549,0.106566,1.99568,0.0230861,-246.972,97.7889,-124.135,-104.787,-1.50428,-18.2381,82.837,-0.356412,0.390751,0.329736,-2.44904,-0.203782,2.78906,-0.619218,0.00185697,-0.000847561,0.00139335,0.000305367,-0.000182665,0.000283071,-0.0024077,
0.08,0,0,0,0,0,0,0,0,0,0,0,0,0,0,0,0,0.022773,0.998255,0.0543139,0,0.999486,-0.0215315,-0.0233348,0,-0.0221251,0.0548184,-0.998251,0,0.473422,0.0137747,0.0483954,1,0.236368,-28.7143,3.36964,12.4906,0.106566,2.00941,-0.0693822,-8.06996,46.7101,-81.8307,18.4174,-4.0408,5.31686,-83.004,-0.356418,0.39075,0.329736,-2.44905,-0.203782,2.78906,-0.619208,-0.000511867,-0.000993603,0.000350678,0.00103283,5.8905e-05,0.00915706,0.00139646,
0.083,0,0,0,0,0,0,0,0,0,0,0,0,0,0,0,0,0.02277,0.998255,0.0543148,0,0.999486,-0.0215284,-0.023337,0,-0.0221273,0.0548194,-0.998251,0,0.473421,0.0137762,0.0483941,1,0.200663,-28.7857,3.36964,12.4906,0.112059,2.003,-0.0693822,12.4411,66.2188,3.03518,-92.1875,17.4916,0.0750718,-68.6883,-0.356415,0.390753,0.329736,-2.44905,-0.203783,2.78906,-0.619208,-8.98017e-05,0.000633595,0.000505921,0.000215882,-0.00011818,0.00394276,0.00100151,
0.086,0,0,0,0,0,0,0,0,0,0,0,0,0,0,0,0,0.022765,0.998255,0.0543163,0,0.999486,-0.0215229,-0.0233449,0,-0.0221355,0.0548209,-0.998251,0,0.473418,0.0137791,0.0483911,1,0.16099,-28.8253,3.36964,12.5263,0.106566,2.00941,-0.0629735,-127.943,-48.1681,-27.7992,64.9794,4.05643,-3.42656,-16.5165,-0.35641,0.390758,0.329735,-2.44905,-0.203782,2.78906,-0.619208,0.00108701,0.00111574,-4.60659e-05,-0.000413423,0.00528655,0.00137023,0.000677272,
0.089,0,0,0,0,0,0,0,0,0,0,0,0,0,0,0,0,0.0227545,0.998255,0.0543188,0,0.999486,-0.0215123,-0.0233453,0,-0.0221364,0.0548231,-0.998251,0,0.473418,0.0137837,0.0483912,1,0.125284,-28.8253,3.29426,12.4906,0.0937486,2.01674,-0.0501561,-77.0465,-54.2837,-129.254,19.0641,-24.6224,23.9438,-18.1233,-0.356407,0.390759,0.329741,-2.44905,-0.203782,2.78906,-0.619211,0.00128103,0.000536812,0.00128556,-0.00577611,-0.00422061,0.000213649,0.000875074,
0.092,0,0,0,0,0,0,0,0,0,0,0,0,0,0,0,0,0.0227554,0.998255,0.0543179,0,0.999486,-0.0215134,-0.023342,0,-0.0221331,0.0548222,-0.998251,0,0.47342,0.013782,0.048391,1,0.125284,-28.8611,3.36964,12.4549,0.106566,1.99568,-0.0236058,-30.5144,-0.62448,36.238,-42.8141,7.97327,-17.6817,38.6937,-0.356405,0.390762,0.329736,-2.44904,-0.203782,2.78906,-0.619213,0.000472366,0.000715866,-0.000588369,-0.00190129,-0.00211253,0.000611877,-9.48733e-05,
0.095,0,0,0,0,0,0,0,0,0,0,0,0,0,0,0,0,0.0227446,0.998255,0.0543184,0,0.999487,-0.0215025,-0.0233428,0,-0.0221345,0.0548225,-0.998251,0,0.473419,0.0137861,0.0483914,1,0.049906,-28.8253,3.33393,12.4906,0.100157,2.003,0.00294445,-171.788,134.661,-131.467,10.4544,-17.2963,7.96222,87.3291,-0.356399,0.39076,0.329738,-2.44905,-0.203781,2.78906,-0.619216,0.00201662,-0.00113868,0.000784618,-0.000971145,-0.000625893,9.82495e-05,-0.00157283,
0.098,0,0,0,0,0,0,0,0,0,0,0,0,0,0,0,0,0.022748,0.998255,0.0543164,0,0.999487,-0.021506,-0.0233407,0,-0.0221322,0.0548206,-0.998251,0,0.47342,0.0137825,0.0483917,1,0.125284,-28.8253,3.36964,12.4906,0.100157,1.99568,0.00935314,116.421,195.086,63.3333,13.4876,-3.9169,-21.7746,79.3124,-0.356403,0.390759,0.329736,-2.44905,-0.203785,2.78906,-0.619216,-0.000588285,-0.00111074,-0.000726476,-0.000420636,-0.00962693,0.000225783,-0.00190148,
0.101,0,0,0,0,0,0,0,0,0,0,0,0,0,0,0,0,0.0227418,0.998255,0.0543188,0,0.999487,-0.0214996,-0.0233439,0,-0.0221358,0.0548229,-0.998251,0,0.473419,0.0137866,0.0483907,1,0.0895788,-28.8611,3.33393,12.4906,0.106566,2.003,0.0166774,0.604598,47.0551,16.9117,39.7692,-6.32858,1.78967,57.2101,-0.356398,0.390762,0.329738,-2.44905,-0.203782,2.78906,-0.619217,0.000196901,0.00400299,0.000155955,4.90815e-06,-0.00417511,8.48784e-05,-0.00224375,
0.104,0,0,0,0,0,0,0,0,0,0,0,0,0,0,0,0,0.022753,0.998255,0.0543196,0,0.999486,-0.0215105,-0.0233502,0,-0.0221414,0.0548241,-0.998251,0,0.473417,0.0137873,0.0483881,1,0.0895788,-28.9364,3.36964,12.4906,0.100157,2.003,-0.0831151,-23.8362,-80.5482,134.597,-29.1693,-4.82908,-5.69334,-76.4613,-0.356395,0.390767,0.329736,-2.44905,-0.203781,2.78906,-0.619206,-0.000529405,0.00283359,-0.000520915,0.000256209,-0.00154712,-9.71e-06,0.00177282,
0.107,0,0,0,0,0,0,0,0,0,0,0,0,0,0,0,0,0.0227444,0.998255,0.054319,0,0.999486,-0.0215018,-0.0233518,0,-0.0221436,0.0548233,-0.998251,0,0.473417,0.0137899,0.0483881,1,0.0895788,-28.9007,3.33393,12.4906,0.106566,2.01674,-0.0629735,63.8242,148.224,-49.1613,27.0827,-4.21802,22.0956,-53.9279,-0.35639,0.390767,0.329736,-2.44905,-0.203782,2.78906,-0.619208,-8.46814e-05,0.00052976,0.000402467,-2.68663e-05,-0.000859655,-0.000288026,0.00168193,
0.11,0,0,0,0,0,0,0,0,0,0,0,0,0,0,0,0,0.0227398,0.998255,0.0543191,0,0.999487,-0.0214972,-0.0233525,0,-0.0221445,0.0548233,-0.99825,0,0.473416,0.0137914,0.0483875,1,0.0895788,-28.9007,3.36964,12.5263,0.112059,2.00941,-0.0629735,132.085,76.8257,95.4907,16.9699,12.3942,20.8358,-21.0589,-0.356386,0.390767,0.329736,-2.44905,-0.203783,2.78906,-0.619209,-0.000612837,0.000570504,-0.000530365,-0.000754586,-0.000707795,-0.000130051,0.00150053,
0.113,0,0,0,0,0,0,0,0,0,0,0,0,0,0,0,0,0.022739,0.998255,0.0543215,0,0.999487,-0.0214962,-0.0233531,0,-0.0221451,0.0548257,-0.99825,0,0.473417,0.0137901,0.0483862,1,0.16099,-28.9761,3.33393,12.4549,0.106566,2.00941,-0.00346424,291.496,-153.053,-24.5223,-87.9012,-3.47407,-6.06634,58.326,-0.35639,0.390773,0.329736,-2.44904,-0.203782,2.78906,-0.619215,-0.00185202,0.00217215,0.000214063,0.00144508,-0.000142781,5.21003e-05,-0.00126966,
0.116,0,0,0,0,0,0,0,0,0,0,0,0,0,0,0,0,0.0227189,0.998255,0.05432,0,0.999487,-0.0214763,-0.0233513,0,-0.0221444,0.0548238,-0.99825,0,0.473416,0.0137973,0.0483872,1,0.0142004,-28.9364,3.33393,12.5263,0.106566,1.99568,0.00935314,-8.06347,-33.2144,-69.1328,0.321653,18.3677,-6.47074,69.5035,-0.356377,0.390768,0.329738,-2.44905,-0.203785,2.78906,-0.619216,0.00136916,0.000713702,0.000341832,-0.000314994,-0.000137691,0.000354611,-0.00153662,
0.119,0,0,0,0,0,0,0,0,0,0,0,0,0,0,0,0,0.0227315,0.998255,0.0543197,0,0.999487,-0.0214893,-0.0233439,0,-0.0221363,0.0548235,-0.998251,0,0.473419,0.0137946,0.0483906,1,0.125284,-28.8253,3.29426,12.4906,0.112059,1.99568,-0.0501561,208.179,177.943,-102.503,-38.988,0.0918896,-19.6606,-47.1826,-0.356385,0.390762,0.329741,-2.44905,-0.203783,2.78906,-0.619211,-0.00191437,-0.00210076,0.00121491,-0.00406113,-0.000183293,0.000255812,0.000366044,
0.122,0,0,0,0,0,0,0,0,0,0,0,0,0,0,0,0,0.0227214,0.998255,0.0543204,0,0.999487,-0.021479,-0.0233468,0,-0.0221398,0.054824,-0.998251,0,0.473417,0.0137986,0.0483898,1,0.049906,-28.8611,3.29426,12.4906,0.100157,2.003,-0.0501561,-63.4826,64.4178,-110.097,-65.9191,-11.8077,12.7948,-47.4573,-0.356376,0.390763,0.329741,-2.44905,-0.203781,2.78906,-0.619214,0.00119602,-0.00115534,0.000875539,-0.00118384,0.000165084,-0.000274575,-0.000181648,
0.125,0,0,0,0,0,0,0,0,0,0,0,0,0,0,0,0,0.022726,0.998255,0.0543206,0,0.999487,-0.0214835,-0.0233489,0,-0.0221416,0.0548244,-0.99825,0,0.473417,0.0137963,0.0483881,1,0.0895788,-28.9007,3.33393,12.4906,0.112059,1.99568,-0.0171971,107.353,-3.03962,43.0115,-1.36191,3.88255,-16.3037,6.61564,-0.356379,0.390768,0.329738,-2.44905,-0.203783,2.78906,-0.619214,-0.000573645,7.15241e-05,-0.000359261,-0.00040491,-0.000148223,0.000189918,-0.00129336,
0.127,0,0,0,0,0,0,0,0,0,0,0,0,0,0,0,0,0.0227241,0.998255,0.0543213,0,0.999487,-0.0214815,-0.0233511,0,-0.0221439,0.0548251,-0.99825,0,0.473417,0.0137977,0.0483882,1,0.0895788,-28.9007,3.29426,12.4906,0.106566,1.99568,-0.0171971,123.945,-12.4182,-100.342,-54.4637,1.04936,22.0428,48.7258,-0.356379,0.390768,0.329741,-2.44905,-0.203782,2.78906,-0.619213,-0.000254953,3.23407e-05,0.000768348,-0.00055345,6.92725e-05,5.29122e-06,-0.000405286,
0.132,0,0,0,0,0,0,0,0,0,0,0,0,0,0,0,0,0.022721,0.998255,0.0543193,0,0.999487,-0.0214786,-0.0233466,0,-0.0221396,0.054823,-0.998251,0,0.473418,0.0137973,0.0483892,1,0.0142004,-28.8611,3.36964,12.4906,0.100157,1.99568,0.00935314,-81.9238,26.9282,122.653,24.4588,-0.143195,0.353644,72.0922,-0.356373,0.390765,0.329736,-2.44905,-0.203781,2.78906,-0.619217,0.0014524,-0.000254392,-0.00104338,-0.00326045,0.000167118,0.000220894,-0.0014231,
0.135,0,0,0,0,0,0,0,0,0,0,0,0,0,0,0,0,0.0227237,0.998255,0.0543181,0,0.999487,-0.0214816,-0.0233417,0,-0.0221346,0.0548217,-0.998251,0,0.473419,0.0137965,0.048392,1,0.0895788,-28.7857,3.33393,12.4549,0.0937486,2.00941,-0.00346424,43.9545,-20.6662,-11.4889,-161.229,-4.5385,27.1059,24.4932,-0.356376,0.390759,0.329738,-2.44905,-0.203781,2.78906,-0.619215,-0.000559546,-0.000858958,-6.16765e-05,-0.00057229,0.00015494,-0.000556204,-0.00108476,
0.138,0,0,0,0,0,0,0,0,0,0,0,0,0,0,0,0,0.0227322,0.998255,0.0543168,0,0.999487,-0.0214901,-0.0233424,0,-0.0221349,0.0548206,-0.998251,0,0.473418,0.0137953,0.0483923,1,0.125284,-28.75,3.33393,12.566,0.100157,1.99568,-0.0693822,58.5282,129.547,-92.4481,176.04,-9.30997,-7.58406,-83.1028,-0.356379,0.390755,0.329738,-2.44905,-0.203781,2.78906,-0.619208,-0.000629801,-0.000811285,5.39048e-05,-0.00239745,7.22525e-05,0.000264706,0.0020032,
0.141,0,0,0,0,0,0,0,0,0,0,0,0,0,0,0,0,0.0227293,0.998256,0.0543147,0,0.999487,-0.0214875,-0.0233383,0,-0.022131,0.0548183,-0.998251,0,0.47342,0.0137953,0.0483944,1,0.0895788,-28.7143,3.36964,12.5263,0.100157,2.01674,-0.0565648,30.6782,59.7577,-57.7948,90.8105,-12.8829,29.3884,-49.0064,-0.356376,0.390751,0.329736,-2.44905,-0.203781,2.78906,-0.619209,0.0001846,-0.00107558,-0.000819246,0.00211804,2.13959e-05,-0.000810723,0.00144125,
0.144,0,0,0,0,0,0,0,0,0,0,0,0,0,0,0,0,0.0227328,0.998255,0.0543155,0,0.999487,-0.0214909,-0.0233399,0,-0.0221323,0.0548193,-0.998251,0,0.473419,0.0137939,0.0483932,1,0.0895788,-28.75,3.36964,12.5263,0.100157,2.003,-0.0565648,-20.8284,-118.832,96.2656,13.1368,-0.876904,-2.01691,4.11404,-0.356378,0.390754,0.329736,-2.44905,-0.203781,2.78906,-0.619209,0.000333102,0.000145324,-0.00070675,0.000745812,8.5454e-05,-1.4158e-05,0.0016289,
0.147,0,0,0,0,0,0,0,0,0,0,0,0,0,0,0,0,0.0227309,0.998255,0.0543151,0,0.999487,-0.0214892,-0.0233358,0,-0.0221283,0.0548188,-0.998251,0,0.473421,0.0137923,0.0483951,1,0.16099,-28.7143,3.33393,12.4906,0.106566,2.003,-0.0171971,-22.0878,74.8194,-112.95,-108.511,5.64702,28.1419,34.1843,-0.356384,0.390751,0.329738,-2.44905,-0.203782,2.78906,-0.619213,-0.000643719,-0.00383303,0.000440207,0.00094513,0.00904748,-0.00535298,-0.000896305,
0.15,0,0,0,0,0,0,0,0,0,0,0,0,0,0,0,0,0.0227276,0.998256,0.0543129,0,0.999487,-0.0214861,-0.0233349,0,-0.0221276,0.0548165,-0.998251,0,0.473421,0.0137917,0.0483953,1,0.0895788,-28.6746,3.40931,12.5263,0.100157,2.003,-0.0236058,-23.7924,-26.8683,136.102,138.484,-9.2174,-2.58999,32.3379,-0.356379,0.390749,0.329733,-2.44905,-0.203781,2.78906,-0.619217,-0.00260512,-0.00175868,-0.00175654,-0.00029898,0.00409083,-0.00238954,-0.00075536,
0.153,0,0,0,0,0,0,0,0,0,0,0,0,0,0,0,0,0.0227361,0.998255,0.0543133,0,0.999487,-0.0214949,-0.0233291,0,-0.0221214,0.0548169,-0.998251,0,0.473423,0.0137902,0.0483974,1,0.125284,-28.6389,3.36964,12.4906,0.0937486,1.99568,-0.0300145,-77.9005,144.067,26.3625,-31.8811,-12.9974,17.8212,15.2597,-0.356384,0.390746,0.329736,-2.44905,-0.203781,2.78906,-0.619212,-0.000998393,-0.00172964,-0.000293608,0.000776414,0.00186508,-0.00103238,-0.00121092,
0.156,0,0,0,0,0,0,0,0,0,0,0,0,0,0,0,0,0.0227322,0.998255,0.0543151,0,0.999487,-0.0214911,-0.0233245,0,-0.022117,0.0548185,-0.998251,0,0.473425,0.013789,0.0483979,1,0.200663,-28.6746,3.33393,12.4192,0.100157,1.98195,0.0230861,188.946,69.8827,-45.1212,-112.555,-12.1386,-7.14873,91.3612,-0.35639,0.390749,0.329738,-2.44904,-0.203781,2.78906,-0.619219,-0.00196756,-2.61745e-05,0.000469817,0.00172744,0.000655846,0.000237262,-0.00246111,
0.159,0,0,0,0,0,0,0,0,0,0,0,0,0,0,0,0,0.0227366,0.998255,0.054315,0,0.999487,-0.0214955,-0.0233258,0,-0.022118,0.0548186,-0.998251,0,0.473424,0.013789,0.0483969,1,0.125284,-28.7143,3.36964,12.4549,0.0937486,1.94807,-0.00346424,-32.1008,-78.188,-21.9616,-113.772,-6.6128,-27.0954,50.1542,-0.356388,0.390749,0.329736,-2.44905,-0.203781,2.78906,-0.619215,0.000307432,0.000189352,-0.00629289,0.000145928,0.000546111,0.000993328,-0.00121901,
0.162,0,0,0,0,0,0,0,0,0,0,0,0,0,0,0,0,0.0227416,0.998255,0.0543143,0,0.999487,-0.0215006,-0.0233245,0,-0.0221164,0.054818,-0.998251,0,0.473424,0.0137902,0.048398,1,0.125284,-28.6389,3.33393,12.4906,0.106566,1.95448,-0.0831151,-137.302,175.201,-53.7108,35.6253,8.08126,-4.73416,-88.9552,-0.356387,0.390746,0.329738,-2.44905,-0.203782,2.78906,-0.619206,0.0010374,-0.00141034,-0.00181636,-0.000232932,-1.20271e-05,0.000281177,0.0016055,
0.165,0,0,0,0,0,0,0,0,0,0,0,0,0,0,0,0,0.0227452,0.998255,0.0543166,0,0.999487,-0.021504,-0.0233265,0,-0.0221182,0.0548203,-0.998251,0,0.473423,0.0137892,0.0483958,1,0.125284,-28.7143,3.33393,12.4906,0.0882554,1.92702,-0.0693822,19.958,-44.6368,-101.278,8.14966,-27.5938,7.54907,-75.2699,-0.356388,0.390751,0.329736,-2.44905,-0.20378,2.78907,-0.619208,0.000478948,0.000566716,-0.00117954,-0.000253677,0.000426544,0.00616209,0.00143644,
0.168,0,0,0,0,0,0,0,0,0,0,0,0,0,0,0,0,0.022743,0.998255,0.0543153,0,0.999487,-0.0215023,-0.0233187,0,-0.0221106,0.0548189,-0.998251,0,0.473426,0.0137889,0.048398,1,0.125284,-28.6746,3.36964,12.4549,0.100157,1.94075,-0.0629735,-136.048,183.269,39.4261,-64.0528,-7.42077,9.44335,-32.0487,-0.356388,0.390748,0.329736,-2.44904,-0.203781,2.78907,-0.619208,0.000527821,-0.00113355,0.0049301,0.000296442,1.61994e-05,0.00201952,0.00137882,
0.171,0,0,0,0,0,0,0,0,0,0,0,0,0,0,0,0,0.0227402,0.998255,0.0543182,0,0.999487,-0.0214995,-0.023319,0,-0.0221109,0.0548217,-0.998251,0,0.473426,0.0137897,0.0483966,1,0.125284,-28.75,3.33393,12.4192,0.106566,1.92702,-0.0428319,-100.176,-58.3282,5.37021,-119.07,12.7613,-29.2337,-2.75574,-0.35639,0.390754,0.329738,-2.44904,-0.203782,2.78907,-0.619211,0.00082413,0.000910864,0.00333171,0.000923221,-0.00030889,0.00129063,-0.000258328,
0.174,0,0,0,0,0,0,0,0,0,0,0,0,0,0,0,0,0.0227376,0.998255,0.0543163,0,0.999487,-0.0214969,-0.0233191,0,-0.0221112,0.0548197,-0.998251,0,0.473425,0.0137903,0.0483971,1,0.0895788,-28.7143,3.36964,12.4906,0.100157,1.91969,-0.0364232,-33.0515,96.9421,97.3046,86.1914,1.15389,-21.9761,18.8507,-0.356386,0.390749,0.329736,-2.44905,-0.203781,2.78907,-0.619211,0.000892747,-0.00056573,0.000736807,-0.000654402,0.000147013,0.000791895,-0.000185802,
0.177,0,0,0,0,0,0,0,0,0,0,0,0,0,0,0,0,0.0227275,0.998255,0.0543197,0,0.999487,-0.0214864,-0.0233252,0,-0.0221178,0.0548231,-0.998251,0,0.473423,0.0137916,0.0483943,1,0.16099,-28.7857,3.29426,12.4906,0.0937486,1.92702,0.00294445,34.497,28.9609,-45.2588,99.1925,-9.12061,-8.70633,89.4575,-0.35639,0.390756,0.329741,-2.44905,-0.203784,2.78907,-0.619219,-0.000663947,0.000853031,0.00164682,-0.000657877,0.000202295,0.000215593,-0.00234199,
0.18,0,0,0,0,0,0,0,0,0,0,0,0,0,0,0,0,0.0227296,0.998255,0.0543204,0,0.999487,-0.0214888,-0.0233177,0,-0.0221102,0.0548236,-0.998251,0,0.473426,0.0137934,0.0483969,1,0.125284,-28.75,3.29426,12.4549,0.100157,1.91969,-0.00346424,-21.5382,118.486,-128.021,1.74928,13.9999,-21.8054,55.0399,-0.356388,0.390754,0.329743,-2.44904,-0.203781,2.78907,-0.619215,0.000452701,0.000469217,0.000666224,0.000176294,7.40228e-06,0.000355724,-0.00171117,
0.183,0,0,0,0,0,0,0,0,0,0,0,0,0,0,0,0,0.0227239,0.998255,0.054321,0,0.999488,-0.021483,-0.0233206,0,-0.0221134,0.0548241,-0.998251,0,0.473426,0.013795,0.0483959,1,0.0895788,-28.7857,3.25855,12.4549,0.106566,1.93342,-0.00987293,-91.2797,5.74256,-199.631,30.1571,-7.72257,23.0681,47.1893,-0.356385,0.390756,0.329743,-2.44904,-0.203782,2.78907,-0.619217,0.000567131,0.000510205,0.00126185,-0.000597373,-0.000208704,-0.000616834,-0.00136603,
0.186,0,0,0,0,0,0,0,0,0,0,0,0,0,0,0,0,0.0227412,0.998255,0.0543187,0,0.999487,-0.0215004,-0.0233182,0,-0.0221101,0.0548221,-0.998251,0,0.473427,0.0137906,0.0483962,1,0.125284,-28.7857,3.36964,12.4192,0.0937486,1.91969,-0.0565648,46.3739,29.169,96.5739,-13.1069,-17.095,-3.23958,-54.2364,-0.356386,0.390756,0.329736,-2.44904,-0.203781,2.78907,-0.619209,0.00466568,0.000151159,-0.00116311,0.000658221,0.000333797,0.000107234,-1.6686e-05,
0.189,0,0,0,0,0,0,0,0,0,0,0,0,0,0,0,0,0.0227315,0.998255,0.0543217,0,0.999487,-0.0214904,-0.023323,0,-0.0221153,0.0548251,-0.998251,0,0.473424,0.0137956,0.0483941,1,0.0895788,-28.8253,3.29426,12.4549,0.100157,1.92702,-0.0767064,27.8598,16.2586,-36.2177,49.0414,-6.30093,7.29779,-83.3731,-0.356382,0.390759,0.329741,-2.44904,-0.203781,2.78907,-0.61921,0.00233008,7.57167e-05,0.000958698,-0.000268981,-6.57425e-06,-0.000317069,0.00142298,
0.192,0,0,0,0,0,0,0,0,0,0,0,0,0,0,0,0,0.0227297,0.998255,0.0543199,0,0.999487,-0.0214887,-0.0233209,0,-0.0221133,0.0548232,-0.998251,0,0.473426,0.0137949,0.0483955,1,0.049906,-28.7857,3.33393,12.4549,0.0882554,1.91969,-0.0364232,-99.967,119.267,-66.8256,90.5266,-19.8478,-10.379,-15.2051,-0.356379,0.390756,0.329738,-2.44904,-0.20378,2.78907,-0.619213,0.00252153,-0.000390021,0.000337343,-0.000543708,0.000359749,0.000117691,0.000214405,
0.195,0,0,0,0,0,0,0,0,0,0,0,0,0,0,0,0,0.0227398,0.998255,0.0543207,0,0.999487,-0.0214985,-0.0233287,0,-0.0221206,0.0548244,-0.998251,0,0.473423,0.0137927,0.0483926,1,0.125284,-28.8611,3.33393,12.4906,0.106566,1.92702,-0.0767064,28.7002,-75.6367,-6.08468,28.547,21.2296,15.2782,-70.3205,-0.356385,0.390762,0.329738,-2.44904,-0.203782,2.78907,-0.619207,0.000251659,0.00113211,0.000564692,-0.00071791,-0.000379426,-0.000367987,0.00161201,
0.198,0,0,0,0,0,0,0,0,0,0,0,0,0,0,0,0,0.0227406,0.998255,0.0543204,0,0.999487,-0.0214994,-0.0233257,0,-0.0221176,0.054824,-0.998251,0,0.473424,0.0137915,0.048394,1,0.125284,-28.7857,3.33393,12.4549,0.0882554,1.92702,-0.0501561,-78.7697,86.3068,-118.108,13.9343,-3.72591,16.2504,-7.27496,-0.356387,0.390758,0.329738,-2.44904,-0.20378,2.78907,-0.61921,0.000509679,-0.000963789,0.00102346,0.000158494,0.000433881,2.29489e-05,0.00026288,
0.201,0,0,0,0,0,0,0,0,0,0,0,0,0,0,0,0,0.0227258,0.998255,0.0543215,0,0.999487,-0.0214846,-0.0233257,0,-0.0221184,0.0548248,-0.998251,0,0.473424,0.0137951,0.0483931,1,0.049906,-28.8611,3.33393,12.4549,0.0937486,1.94807,0.0166774,-241.985,-3.25857,-36.7247,-92.4337,-9.66363,58.9436,89.2694,-0.35638,0.390762,0.329738,-2.44904,-0.203781,2.78907,-0.619217,0.00278835,0.0007765,0.000767388,0.000325367,9.08818e-05,-0.00100287,-0.00173056,
0.204,0,0,0,0,0,0,0,0,0,0,0,0,0,0,0,0,0.0227416,0.998255,0.0543191,0,0.999487,-0.0215007,-0.023321,0,-0.0221129,0.0548226,-0.998251,0,0.473426,0.0137887,0.0483948,1,0.16099,-28.8253,3.36964,12.4192,0.112059,1.94807,-0.0300145,31.9063,37.8832,141.883,-69.9419,20.5786,38.3056,20.9868,-0.35639,0.390759,0.329736,-2.44904,-0.203782,2.78907,-0.619212,-0.000599393,-0.00072888,-0.000422185,0.00111723,0.00476819,-0.000560858,-0.000369589,
0.207,0,0,0,0,0,0,0,0,0,0,0,0,0,0,0,0,0.0227346,0.998255,0.0543224,0,0.999487,-0.0214933,-0.0233264,0,-0.0221186,0.0548259,-0.998251,0,0.473424,0.013792,0.0483929,1,0.16099,-28.8611,3.29426,12.4549,0.100157,1.92702,-0.00346424,3.51858,5.11685,-170.881,-18.415,7.75673,2.81189,45.2511,-0.35639,0.390762,0.329741,-2.44904,-0.203781,2.78907,-0.619215,-5.0612e-05,-5.09831e-05,0.00194751,-0.000225782,0.00203958,9.00256e-05,-0.00183507,
0.21,0,0,0,0,0,0,0,0,0,0,0,0,0,0,0,0,0.0227473,0.998255,0.0543219,0,0.999487,-0.0215062,-0.0233226,0,-0.022114,0.0548256,-0.998251,0,0.473425,0.013787,0.0483934,1,0.236368,-28.8611,3.33393,12.4549,0.100157,1.91969,-0.0236058,139.515,31.7434,-51.5956,41.1587,1.63298,-32.9853,-6.25511,-0.356398,0.390762,0.329738,-2.44904,-0.203781,2.78908,-0.619213,-0.00165313,0.00057264,-0.000144744,-6.68983e-05,0.000803931,0.000490093,-0.000781083,
0.213,0,0,0,0,0,0,0,0,0,0,0,0,0,0,0,0,0.0227537,0.998255,0.0543202,0,0.999487,-0.0215126,-0.0233242,0,-0.0221154,0.0548241,-0.998251,0,0.473424,0.013785,0.0483927,1,0.200663,-28.8611,3.40931,12.4906,0.0937486,1.91969,-0.0501561,54.9837,24.271,84.0897,158.137,9.86253,-34.5776,-53.095,-0.356396,0.390762,0.329733,-2.44904,-0.203781,2.78908,-0.61921,-0.00050986,-0.000139669,-0.00134211,-0.00141185,0.000461284,0.000235637,0.000695398,
0.216,0,0,0,0,0,0,0,0,0,0,0,0,0,0,0,0,0.0227536,0.998255,0.0543197,0,0.999487,-0.0215124,-0.0233278,0,-0.0221189,0.0548237,-0.998251,0,0.473424,0.0137852,0.0483928,1,0.200663,-28.8611,3.36964,12.4549,0.106566,1.93342,-0.0629735,-54.411,-35.0504,-34.0683,68.6211,3.77795,14.3416,-65.0152,-0.356398,0.390762,0.329736,-2.44904,-0.203782,2.78907,-0.619208,0.000622524,0.000237023,-5.73868e-05,0.000509694,-7.74475e-05,2.46077e-05,0.000985938,
0.219,0,0,0,0,0,0,0,0,0,0,0,0,0,0,0,0,0.0227621,0.998255,0.054317,0,0.999487,-0.0215214,-0.0233174,0,-0.0221081,0.054821,-0.998251,0,0.473428,0.0137813,0.048396,1,0.200663,-28.7857,3.40931,12.4192,0.0937486,1.93342,-0.0767064,-89.4792,124.716,-21.8647,-29.3673,-0.0748598,-12.1395,-81.9603,-0.356399,0.390756,0.329731,-2.44904,-0.203781,2.78907,-0.619207,0.000576385,-0.00200235,-0.000738796,0.00145025,0.000193896,-4.5455e-05,0.00185945,
0.222,0,0,0,0,0,0,0,0,0,0,0,0,0,0,0,0,0.0227552,0.998255,0.0543195,0,0.999487,-0.0215141,-0.0233239,0,-0.022115,0.0548234,-0.998251,0,0.473426,0.0137844,0.0483938,1,0.16099,-28.8611,3.36964,12.4192,0.112059,1.94075,-0.0693822,-103.343,-66.7745,-23.6264,-129.019,15.3836,15.6124,-71.4614,-0.356399,0.390762,0.329736,-2.44904,-0.203783,2.78907,-0.619208,0.000892617,0.00116995,0.000193551,0.00117212,-0.000400903,9.57924e-05,0.00199771,
0.223,0,0,0,0,0,0,0,0,0,0,0,0,0,0,0,0,0.022755,0.998255,0.0543189,0,0.999487,-0.0215139,-0.0233255,0,-0.0221166,0.0548228,-0.998251,0,0.473424,0.0137819,0.0483936,1,0.200663,-28.8253,3.36964,12.4549,0.0937486,1.92702,-0.00987293,16.3047,-75.3788,-71.1153,-35.1007,-12.7638,-15.8728,-4.20517,-0.356402,0.390759,0.329733,-2.44904,-0.203781,2.78907,-0.619214,-0.000332929,-5.52517e-05,0.000129034,-5.38052e-05,0.000413372,0.000572488,-0.000872242,
0.228,0,0,0,0,0,0,0,0,0,0,0,0,0,0,0,0,0.0227588,0.998255,0.0543129,0,0.999487,-0.0215184,-0.0233143,0,-0.0221053,0.0548167,-0.998252,0,0.473429,0.0137772,0.0483981,1,0.16099,-28.7143,3.48469,12.3835,0.0937486,1.94075,-0.00346424,-163.598,147.466,122.948,-50.9503,-9.12895,-3.71984,47.0454,-0.3564,0.390752,0.329725,-2.44904,-0.203781,2.78907,-0.619216,0.000345708,-0.00177853,-0.00201205,0.00119934,0.000356938,2.51547e-05,-0.00143059,
0.23,0,0,0,0,0,0,0,0,0,0,0,0,0,0,0,0,0.0227676,0.998255,0.0543167,0,0.999487,-0.0215266,-0.0233239,0,-0.0221143,0.0548209,-0.998251,0,0.473426,0.0137781,0.0483944,1,0.200663,-28.8253,3.40931,12.4192,0.100157,1.94075,-0.0693822,-38.1789,-35.8674,-146.661,-75.6056,5.24962,4.21484,-87.4451,-0.356405,0.390759,0.32973,-2.44904,-0.203781,2.78907,-0.619208,-0.000186623,0.000941844,0.000559654,0.000254634,-7.80968e-05,1.11799e-05,0.00122914,
0.233,0,0,0,0,0,0,0,0,0,0,0,0,0,0,0,0,0.0227744,0.998254,0.0543142,0,0.999487,-0.0215337,-0.023319,0,-0.0221092,0.0548185,-0.998252,0,0.473428,0.0137736,0.0483964,1,0.276041,-28.75,3.44502,12.4192,0.100157,1.94075,-0.0629735,78.4324,103.22,-80.3571,-40.2118,-12.1794,-22.3549,-43.4469,-0.356411,0.390754,0.329727,-2.44904,-0.203781,2.78907,-0.619209,-0.00429766,0.0027286,-0.00234298,0.000353853,0.00012417,0.000154017,0.000469684,
0.236,0,0,0,0,0,0,0,0,0,0,0,0,0,0,0,0,0.0227831,0.998254,0.0543118,0,0.999486,-0.0215424,-0.0233213,0,-0.022111,0.0548163,-0.998252,0,0.473427,0.0137678,0.048396,1,0.311747,-28.75,3.48469,12.4192,0.100157,1.95448,-0.0693822,66.6842,47.731,-33.2032,-25.7904,4.09416,27.5007,-73.863,-0.356416,0.390754,0.329721,-2.44904,-0.203781,2.78907,-0.619211,-0.00281343,0.00143506,-0.00219498,-8.07586e-05,6.33215e-05,-0.000432851,0.00113004,
0.239,0,0,0,0,0,0,0,0,0,0,0,0,0,0,0,0,0.0227887,0.998254,0.0543098,0,0.999486,-0.0215479,-0.0233235,0,-0.022113,0.0548145,-0.998252,0,0.473427,0.013765,0.0483945,1,0.276041,-28.7857,3.56007,12.4192,0.106566,1.94807,-0.0629735,-65.7694,-82.0081,207.909,-110.49,-5.32584,3.03339,-40.0788,-0.356414,0.390756,0.329714,-2.44904,-0.203782,2.78907,-0.61921,-0.000835476,-0.00527265,-0.0059323,0.000718487,-8.66646e-05,0.000109107,0.00137092,
0.242,0,0,0,0,0,0,0,0,0,0,0,0,0,0,0,0,0.0227871,0.998254,0.0543128,0,0.999486,-0.0215463,-0.023323,0,-0.0221125,0.0548174,-0.998252,0,0.473427,0.013764,0.0483937,1,0.311747,-28.8253,3.48469,12.4192,0.106566,1.93342,-0.00346424,-4.97263,-57.6318,12.0082,-144.737,4.83942,-3.58866,64.6934,-0.356422,0.390759,0.329718,-2.44904,-0.203782,2.78907,-0.619215,-0.000967552,-0.00115566,-0.00200162,0.000676895,-0.000236636,0.000537187,-0.00114229,
0.245,0,0,0,0,0,0,0,0,0,0,0,0,0,0,0,0,0.0227898,0.998254,0.0543089,0,0.999486,-0.0215492,-0.023322,0,-0.0221114,0.0548135,-0.998252,0,0.473426,0.0137606,0.0483959,1,0.311747,-28.7143,3.48469,12.4549,0.112059,1.95448,0.00935314,33.1962,76.4804,-73.9622,-50.3038,7.1043,13.4465,67.112,-0.356425,0.390752,0.329716,-2.44904,-0.203783,2.78907,-0.619216,-0.000501981,-0.00235237,-0.000108385,-0.000449052,-0.000352673,-0.000240199,-0.000756659,
0.248,0,0,0,0,0,0,0,0,0,0,0,0,0,0,0,0,0.0228059,0.998254,0.0543089,0,0.999486,-0.0215648,-0.0233295,0,-0.0221181,0.054814,-0.998252,0,0.473424,0.0137556,0.0483926,1,0.347452,-28.8253,3.5204,12.4906,0.106566,1.94807,-0.0300145,55.9008,-256.271,48.5937,12.9754,7.8526,15.6908,17.1213,-0.356431,0.390757,0.32971,-2.44904,-0.203782,2.78907,-0.619212,-0.000326244,0.00177562,-0.000667204,0.00358438,-0.000119561,-5.60998e-05,0.000834501,
0.251,0,0,0,0,0,0,0,0,0,0,0,0,0,0,0,0,0.0228108,0.998254,0.0543058,0,0.999486,-0.02157,-0.0233258,0,-0.0221142,0.054811,-0.998252,0,0.473426,0.0137486,0.0483938,1,0.387125,-28.75,3.5204,12.4549,0.106566,1.95448,0.00935314,-17.3971,69.1584,-34.5151,-39.4305,-13.6796,-1.15092,48.8408,-0.356438,0.390755,0.329704,-2.44904,-0.203782,2.78907,-0.61922,-0.00102997,-0.000197213,-0.00322109,0.00219056,-8.81698e-05,-0.000144721,-0.00191534,
0.254,0,0,0,0,0,0,0,0,0,0,0,0,0,0,0,0,0.0228189,0.998254,0.0543034,0,0.999486,-0.0215786,-0.0233191,0,-0.022107,0.0548086,-0.998252,0,0.473427,0.0137468,0.0483953,1,0.347452,-28.7143,3.5204,12.4549,0.112059,1.94807,-0.0300145,-35.6727,21.9186,34.3424,12.1282,18.0016,4.31854,-20.0171,-0.356435,0.390751,0.329699,-2.44904,-0.203783,2.78907,-0.619213,0.000228783,-0.000637641,-0.000843827,0.000890249,-0.000161757,0.000141732,-0.000405502,
0.257,0,0,0,0,0,0,0,0,0,0,0,0,0,0,0,0,0.022839,0.998254,0.0542985,0,0.999485,-0.0215989,-0.0233152,0,-0.0221022,0.0548041,-0.998252,0,0.47343,0.0137379,0.0483979,1,0.347452,-28.6746,3.56007,12.3835,0.100157,1.94807,-0.0300145,-110.639,68.1144,124.448,-188.132,-20.813,0.486681,-35.6082,-0.35644,0.390746,0.329689,-2.44904,-0.203778,2.78907,-0.619212,0.00086082,-2.30864e-05,-0.00154482,0.00157196,0.000374044,-0.000199132,-0.000252015,
0.26,0,0,0,0,0,0,0,0,0,0,0,0,0,0,0,0,0.0228395,0.998254,0.0542955,0,0.999485,-0.0215993,-0.0233188,0,-0.0221058,0.0548011,-0.998253,0,0.473428,0.0137356,0.0483963,1,0.276041,-28.6389,3.44502,12.4549,0.106566,1.93342,-0.0629735,-210.378,37.5124,-184.181,-87.4771,10.1675,11.1514,-66.9819,-0.356439,0.390746,0.329682,-2.44904,-0.203782,2.78907,-0.619212,0.00244066,-0.000846044,-0.00188059,0.000323088,-0.000126531,0.000302688,0.00158307,
0.263,0,0,0,0,0,0,0,0,0,0,0,0,0,0,0,0,0.0228651,0.998254,0.054288,0,0.999485,-0.0216253,-0.0233152,0,-0.0221009,0.0547942,-0.998253,0,0.47343,0.0137234,0.048396,1,0.311747,-28.6389,3.40931,12.4192,0.112059,1.92702,-0.0767064,130.669,-7.11863,-18.7099,-39.7235,12.6506,-14.4975,-83.5295,-0.35644,0.390746,0.329661,-2.44904,-0.203783,2.78907,-0.619207,0.000743615,5.69786e-05,-0.00333112,0.00420773,-0.000146751,0.000387326,0.00241314,
0.266,0,0,0,0,0,0,0,0,0,0,0,0,0,0,0,0,0.0228701,0.998254,0.0542784,0,0.999484,-0.0216303,-0.02332,0,-0.0221056,0.0547848,-0.998253,0,0.473428,0.0137132,0.0483947,1,0.200663,-28.6389,3.36964,12.4549,0.112059,1.92702,0.0230861,12.0384,-87.781,103.425,62.5672,8.11941,13.6034,88.5148,-0.356434,0.390743,0.329637,-2.44904,-0.203783,2.78907,-0.619218,0.00204537,0.000717344,-0.00843339,-0.00244461,-0.000235629,0.000114763,-0.00114619,
0.269,0,0,0,0,0,0,0,0,0,0,0,0,0,0,0,0,0.0228795,0.998254,0.0542714,0,0.999484,-0.0216406,-0.0233071,0,-0.0220924,0.0547777,-0.998254,0,0.473433,0.0137071,0.048399,1,0.200663,-28.5238,3.29426,12.3835,0.112059,1.90596,0.00935314,-12.8088,53.3998,-88.5247,-57.9455,-6.08593,-44.4927,63.3293,-0.356431,0.390735,0.329625,-2.44904,-0.203783,2.78907,-0.619216,0.00531853,-0.000983868,-0.00286179,0.000424345,-0.000182844,0.000753616,-0.000976337,
