0.001,0,0,0,0,0,0,0,0,0,0,0,0,0,0,0,0,0.00192806,0.998618,0.052328,0,0.99996,-0.00152755,-0.00769259,0,-0.00760218,0.0523418,-0.9986,0,0.496351,0.00683696,0.0526573,1,-0.172262,-33.9669,3.36964,15.4898,0.184386,3.18495,0.056045,-62.3187,-42.4704,-108.52,39.7071,2.5162,26.0783,-65.4363,-0.32823,0.412507,0.2972,-2.38495,-0.179865,2.76525,-0.669873,0.000746057,1.40352e-06,0.00137235,-0.000909579,0.00010048,-0.000389601,0.000530121,
0.004,0,0,0,0,0,0,0,0,0,0,0,0,0,0,0,0,0.00192638,0.998618,0.0523281,0,0.99996,-0.00152594,-0.00769138,0,-0.00760105,0.0523418,-0.9986,0,0.496352,0.00683651,0.0526569,1,-0.207968,-34.0027,3.40931,15.4541,0.172484,3.17122,0.056045,-141.574,-42.2885,-38.1261,-86.8108,-1.33305,-31.1414,-52.9374,-0.328228,0.412509,0.297196,-2.38495,-0.179864,2.76525,-0.669876,0.000963517,0.00114453,0.000647877,0.000844075,0.000278434,0.000412027,0.000808868,
0.007,0,0,0,0,0,0,0,0,0,0,0,0,0,0,0,0,0.00193463,0.998618,0.0523269,0,0.99996,-0.00153452,-0.00768524,0,-0.00759447,0.0523407,-0.9986,0,0.496355,0.00683044,0.0526584,1,-0.0968836,-33.9669,3.44502,15.4145,0.172484,3.16389,0.0954127,171.185,63.6729,32.343,-141.408,-33.1719,-11.5385,41.8118,-0.328236,0.412508,0.297194,-2.38495,-0.179864,2.76525,-0.669879,-0.00166334,0.000761696,-0.000464624,0.0014565,0.000429118,0.000559124,1.36085e-05,
0.01,0,0,0,0,0,0,0,0,0,0,0,0,0,0,0,0,0.0019312,0.998619,0.0523254,0,0.99996,-0.00153087,-0.00768967,0,-0.00759909,0.0523392,-0.9986,0,0.496353,0.00683174,0.0526576,1,-0.172262,-33.9273,3.48469,15.4898,0.172484,3.17122,0.121963,-57.1541,157.105,90.4073,-35.0673,8.74673,5.11567,60.6534,-0.328231,0.412506,0.297191,-2.38495,-0.179864,2.76525,-0.66988,0.000754839,-0.000980817,-0.00173886,0.000390303,7.81673e-05,-6.7925e-05,-0.00184209,
0.013,0,0,0,0,0,0,0,0,0,0,0,0,0,0,0,0,0.00193118,0.998618,0.0523283,0,0.99996,-0.00153067,-0.00769266,0,-0.00760208,0.0523421,-0.9986,0,0.496353,0.00683406,0.0526559,1,-0.136556,-34.0423,3.40931,15.4541,0.190794,3.17763,0.0496363,-41.7673,-110.092,-96.3637,-89.1034,12.1701,-9.46463,-66.1137,-0.328233,0.412512,0.297196,-2.38495,-0.179866,2.76525,-0.669875,0.000161792,0.00160664,0.000854947,0.000280623,-0.000455325,-0.000125619,0.000942398,
0.016,0,0,0,0,0,0,0,0,0,0,0,0,0,0,0,0,0.0019281,0.998619,0.0523262,0,0.99996,-0.00152778,-0.00768922,0,-0.00759881,0.0523399,-0.9986,0,0.496354,0.00683275,0.0526571,1,-0.172262,-33.9669,3.48469,15.4541,0.172484,3.17122,0.135696,-70.5387,96.8736,150.416,-70.5191,-9.57928,-18.4522,104.427,-0.328229,0.412509,0.297191,-2.38495,-0.179864,2.76525,-0.669881,0.0011925,-0.00089538,-0.00132484,0.000639958,0.000298363,0.000200139,-0.00163095,
0.019,0,0,0,0,0,0,0,0,0,0,0,0,0,0,0,0,0.00193608,0.998618,0.0523275,0,0.99996,-0.00153524,-0.00769928,0,-0.00760845,0.0523413,-0.9986,0,0.496348,0.00683028,0.0526542,1,-0.0968836,-34.0027,3.44502,15.5613,0.178893,3.17122,0.115554,40.537,-8.97823,-15.2319,138.346,-9.21737,-0.33383,10.4866,-0.328238,0.41251,0.297194,-2.38496,-0.179865,2.76525,-0.669878,-0.0014099,-0.000203436,0.000143423,-0.00110961,-1.70889e-05,5.93003e-05,-0.000773348,
0.022,0,0,0,0,0,0,0,0,0,0,0,0,0,0,0,0,0.00192093,0.998618,0.0523287,0,0.99996,-0.0015201,-0.0076984,0,-0.00760837,0.0523424,-0.9986,0,0.496349,0.00683536,0.052654,1,-0.172262,-34.0027,3.40931,15.5256,0.190794,3.17122,0.121963,-81.5918,-69.705,-13.3131,59.728,-7.40431,-2.89534,29.9312,-0.328231,0.412512,0.297196,-2.38496,-0.179866,2.76525,-0.669883,0.000829922,-6.02798e-05,0.000877621,-0.000638114,0.00513394,9.66901e-05,-0.00190196,
0.025,0,0,0,0,0,0,0,0,0,0,0,0,0,0,0,0,0.00193622,0.998618,0.0523272,0,0.99996,-0.00153562,-0.00769469,0,-0.00760385,0.052341,-0.9986,0,0.496351,0.00683361,0.0526557,1,-0.172262,-33.9669,3.44502,15.4898,0.178893,3.17122,0.0432277,-150.659,-39.3017,7.33407,4.42936,11.0397,-6.08194,-43.1076,-0.328231,0.412509,0.297194,-2.38495,-0.179865,2.76525,-0.669872,0.00110174,-0.000182843,-0.000389618,8.93351e-05,0.00247316,0.000220797,0.00219434,
0.027,0,0,0,0,0,0,0,0,0,0,0,0,0,0,0,0,0.00193441,0.998618,0.0523279,0,0.99996,-0.00153363,-0.00769787,0,-0.00760713,0.0523417,-0.9986,0,0.49635,0.00682866,0.0526532,1,-0.061178,-34.0423,3.44502,15.4898,0.184386,3.15748,0.121963,118.773,-148.711,20.4302,5.5099,1.91261,-12.6845,58.3113,-0.328239,0.412515,0.297191,-2.38495,-0.179865,2.76525,-0.669883,-0.00152105,0.00168197,-0.000173179,-0.000238702,0.00122456,0.000437216,-0.00161308,
0.03,0,0,0,0,0,0,0,0,0,0,0,0,0,0,0,0,0.00192778,0.998619,0.0523268,0,0.99996,-0.00152735,-0.0076914,0,-0.007601,0.0523406,-0.9986,0,0.496352,0.00683098,0.0526565,1,-0.0968836,-33.9669,3.40931,15.4541,0.190794,3.17122,0.135696,105.115,62.426,-44.3998,-75.4464,-0.813395,-2.92443,63.9082,-0.328236,0.412509,0.297194,-2.38495,-0.179866,2.76525,-0.669884,-0.000285699,-0.000357478,0.000319886,0.000300482,0.000413516,-0.000439362,-0.00184936,
0.033,0,0,0,0,0,0,0,0,0,0,0,0,0,0,0,0,0.0019361,0.998619,0.0523257,0,0.99996,-0.00153566,-0.00769192,0,-0.00760109,0.0523395,-0.9986,0,0.496351,0.00683207,0.052657,1,-0.172262,-33.9273,3.40931,15.4898,0.190794,3.17122,0.0359034,-90.2963,144.875,-141.312,-51.3172,4.30232,20.3813,-73.3185,-0.328233,0.412507,0.297194,-2.38495,-0.179866,2.76525,-0.669873,0.00116302,-0.00162169,0.000558787,8.90316e-05,-1.1273e-05,-7.7435e-05,0.00208183,
0.036,0,0,0,0,0,0,0,0,0,0,0,0,0,0,0,0,0.00193711,0.998619,0.052324,0,0.99996,-0.00153701,-0.00768569,0,-0.0075948,0.0523378,-0.998601,0,0.496354,0.00682849,0.052659,1,-0.0968836,-33.8916,3.44502,15.4541,0.190794,3.16389,0.069778,40.8785,192.019,-11.1107,-58.4809,-20.8942,11.981,-0.440216,-0.328236,0.412504,0.297191,-2.38495,-0.179866,2.76525,-0.669878,-0.000439063,-0.00201689,0.000103697,0.000397588,0.000216603,7.87815e-05,0.000793915,
0.039,0,0,0,0,0,0,0,0,0,0,0,0,0,0,0,0,0.00194231,0.998619,0.0523259,0,0.99996,-0.00154166,-0.00769601,0,-0.00760486,0.0523397,-0.9986,0,0.49635,0.00682689,0.0526547,1,-0.061178,-33.9669,3.5204,15.5256,0.172484,3.15748,0.089004,95.6497,-24.9931,173.693,70.7384,-3.4191,-6.24392,-11.0242,-0.328239,0.41251,0.297189,-2.38496,-0.179864,2.76525,-0.669879,-0.000965311,0.000392291,-0.00180469,-0.00108862,0.000528017,0.000260702,-0.00111357,
0.042,0,0,0,0,0,0,0,0,0,0,0,0,0,0,0,0,0.00194265,0.998619,0.052326,0,0.99996,-0.00154195,-0.0076969,0,-0.00760573,0.0523398,-0.9986,0,0.496349,0.00682883,0.0526544,1,-0.0968836,-33.9669,3.44502,15.5613,0.202696,3.15016,0.056045,157.388,-74.2364,-4.69554,176.807,13.1443,-16.3532,-57.9728,-0.328239,0.41251,0.297192,-2.38496,-0.179867,2.76525,-0.669872,-0.0010903,-0.000162171,0.000558277,-0.00143618,-0.000678779,0.000348512,0.000676004,
0.045,0,0,0,0,0,0,0,0,0,0,0,0,0,0,0,0,0.00194103,0.998619,0.052326,0,0.99996,-0.00154053,-0.00769321,0,-0.00760212,0.0523398,-0.9986,0,0.496352,0.00682865,0.052655,1,-0.136556,-34.0027,3.48469,15.4898,0.178893,3.15016,0.0624537,36.1152,-71.5748,58.6225,44.2722,-11.8355,23.9856,-32.7947,-0.328235,0.412512,0.297188,-2.38495,-0.179865,2.76525,-0.669876,-9.62031e-05,0.000714988,-0.00135035,0.000316882,0.000482903,4.29813e-05,0.000595896,
0.048,0,0,0,0,0,0,0,0,0,0,0,0,0,0,0,0,0.00193252,0.998619,0.0523254,0,0.99996,-0.00153215,-0.0076905,0,-0.00759985,0.0523391,-0.9986,0,0.496352,0.0068289,0.0526569,1,-0.136556,-33.9273,3.44502,15.4898,0.178893,3.15016,0.121963,-16.0189,63.2526,-17.7556,33.1431,-14.5197,2.19371,91.8865,-0.328236,0.412507,0.297191,-2.38495,-0.179865,2.76525,-0.669883,0.000177722,-0.000571813,1.23494e-05,0.000279495,6.48433e-05,4.2876e-05,-0.00183534,
0.05,0,0,0,0,0,0,0,0,0,0,0,0,0,0,0,0,0.00193655,0.998619,0.0523266,0,0.99996,-0.00153597,-0.00769435,0,-0.00760349,0.0523404,-0.9986,0,0.496351,0.00683049,0.0526554,1,-0.136556,-33.9669,3.40931,15.4898,0.196288,3.16389,0.0496363,-39.5666,-63.5029,-115.598,116.322,6.25938,23.4735,-47.6565,-0.328237,0.41251,0.297193,-2.38495,-0.179867,2.76525,-0.669876,0.000388328,0.000673881,0.00115005,-0.000154186,-0.000468155,-0.00048957,0.00137704,
0.053,0,0,0,0,0,0,0,0,0,0,0,0,0,0,0,0,0.00195225,0.998619,0.0523238,0,0.99996,-0.00155205,-0.00768802,0,-0.00759634,0.0523377,-0.998601,0,0.496354,0.00682278,0.0526569,1,-0.0215052,-33.9669,3.5204,15.4145,0.184386,3.15016,0.0496363,165.218,-16.6917,114.383,-64.3029,1.78879,12.1894,-24.0042,-0.328243,0.412509,0.297185,-2.38495,-0.179865,2.76525,-0.669875,-0.00206063,0.000715235,-0.00140186,0.00104732,0.000189278,-3.20298e-05,0.00188114,
0.056,0,0,0,0,0,0,0,0,0,0,0,0,0,0,0,0,0.00193448,0.998618,0.0523272,0,0.99996,-0.00153407,-0.00769093,0,-0.00760018,0.052341,-0.9986,0,0.496351,0.00682786,0.0526559,1,-0.061178,-33.9669,3.40931,15.4898,0.184386,3.14284,0.135696,55.547,-33.5246,-76.6312,49.659,-5.97266,-3.93568,97.5094,-0.328242,0.412509,0.297193,-2.38495,-0.179865,2.76525,-0.669884,-0.000868341,0.000603752,0.00151285,-0.000658949,-1.16464e-05,0.000261777,-0.00238512,
0.059,0,0,0,0,0,0,0,0,0,0,0,0,0,0,0,0,0.00193705,0.998619,0.0523238,0,0.99996,-0.00153689,-0.00768693,0,-0.00759605,0.0523376,-0.998601,0,0.496355,0.00682577,0.0526574,1,-0.136556,-33.9669,3.48469,15.4145,0.184386,3.16389,0.121963,-80.9492,-77.9099,93.5338,-167.781,-17.4051,22.3731,61.4396,-0.328237,0.412509,0.297186,-2.38495,-0.179865,2.76525,-0.669884,0.000526375,0.000972862,-0.00152121,0.0018464,-3.4136e-06,-0.000611908,-0.00164484,
0.062,0,0,0,0,0,0,0,0,0,0,0,0,0,0,0,0,0.00194762,0.998619,0.0523254,0,0.99996,-0.00154728,-0.00769044,0,-0.007599,0.0523392,-0.9986,0,0.496353,0.00682548,0.0526563,1,-0.0968836,-33.9669,3.44502,15.4541,0.172484,3.15016,0.0496363,-7.82563,-40.2555,-12.6892,31.5784,-30.6086,0.0703604,-43.4991,-0.32824,0.412509,0.297188,-2.38495,-0.179864,2.76525,-0.669876,-0.000266802,0.000597595,0.000167951,0.000413034,-0.00890457,-4.56723e-05,0.00114025,
0.065,0,0,0,0,0,0,0,0,0,0,0,0,0,0,0,0,0.00194834,0.998619,0.0523258,0,0.99996,-0.00154805,-0.00768934,0,-0.00759786,0.0523396,-0.9986,0,0.496353,0.00682625,0.0526565,1,-0.0968836,-33.9669,3.44502,15.4541,0.190794,3.14284,0.0496363,-0.410637,-40.53,-112.928,25.6584,19.6915,19.4494,-58.8507,-0.328242,0.412509,0.297191,-2.38495,-0.179866,2.76525,-0.669872,0.000302467,0.000486405,4.97631e-05,0.000864796,-0.00436477,2.79111e-05,0.00133627,
0.068,0,0,0,0,0,0,0,0,0,0,0,0,0,0,0,0,0.00194319,0.998619,0.0523236,0,0.99996,-0.0015431,-0.00768567,0,-0.00759446,0.0523374,-0.998601,0,0.496354,0.00682396,0.0526579,1,-0.0968836,-33.9273,3.48469,15.4145,0.178893,3.15016,0.102737,43.2784,27.1907,29.3287,-170.825,-14.6909,-23.0106,42.4411,-0.32824,0.412507,0.297186,-2.38495,-0.179865,2.76525,-0.669882,0.00048145,-0.00047456,-0.000119303,0.00192667,-0.00145202,-0.000112293,-0.00141252,
0.071,0,0,0,0,0,0,0,0,0,0,0,0,0,0,0,0,0.00195124,0.998619,0.0523227,0,0.99996,-0.00155119,-0.00768543,0,-0.00759379,0.0523366,-0.998601,0,0.496355,0.00682254,0.0526581,1,-0.0968836,-33.9273,3.48469,15.4145,0.184386,3.15016,0.056045,-56.204,-51.8266,8.73367,-181.711,-6.17655,-20.0041,-38.2423,-0.328242,0.412507,0.297185,-2.38495,-0.179865,2.76525,-0.669875,0.000730398,0.000137796,-3.53489e-05,0.00115861,-0.000798496,0.00013627,0.00149542,
0.074,0,0,0,0,0,0,0,0,0,0,0,0,0,0,0,0,0.00195155,0.998619,0.0523233,0,0.99996,-0.0015514,-0.00768712,0,-0.00759547,0.0523372,-0.998601,0,0.496353,0.00682258,0.052658,1,-0.061178,-33.8916,3.44502,15.4898,0.184386,3.14284,0.0496363,75.6972,-32.7233,-86.2945,125.05,3.01504,-13.6032,-56.8972,-0.328245,0.412504,0.297188,-2.38495,-0.179865,2.76525,-0.669875,-4.13691e-05,-0.00079439,0.000917546,-0.000904379,-0.000325197,0.00016094,0.00187854,
0.076,0,0,0,0,0,0,0,0,0,0,0,0,0,0,0,0,0.00193992,0.998619,0.0523257,0,0.99996,-0.00153976,-0.00768681,0,-0.00759577,0.0523395,-0.9986,0,0.496353,0.00682521,0.0526578,1,-0.061178,-33.9273,3.40931,15.4541,0.184386,3.15016,0.115554,15.7528,-20.519,-202.943,-56.3695,-6.18032,-5.39442,22.8168,-0.328245,0.412507,0.297192,-2.38495,-0.179865,2.76525,-0.669883,-0.000296792,0.00020375,0.00155236,0.000433272,-0.000179673,-0.000199739,-0.00152738,
0.077,0,0,0,0,0,0,0,0,0,0,0,0,0,0,0,0,0.0019455,0.998619,0.0523229,0,0.99996,-0.00154526,-0.00768863,0,-0.00759731,0.0523367,-0.998601,0,0.496352,0.00682136,0.0526577,1,-0.061178,-33.8916,3.48469,15.4898,0.172484,3.15748,0.129287,63.2593,14.1771,-26.3349,-31.7444,-22.8056,21.7893,101.929,-0.328245,0.412504,0.297185,-2.38495,-0.179864,2.76525,-0.669885,-0.000197861,-0.00695448,-0.000728334,-0.00054637,0.000307074,-0.000404426,-0.00152688,
0.082,0,0,0,0,0,0,0,0,0,0,0,0,0,0,0,0,0.00195074,0.998619,0.0523199,0,0.99996,-0.0015505,-0.00768927,0,-0.00759768,0.0523338,-0.998601,0,0.496351,0.00681828,0.0526566,1,-0.0968836,-33.8916,3.56007,15.5256,0.184386,3.15748,0.115554,-74.6942,39.3273,149.727,132.679,-17.7348,-2.26999,47.3328,-0.328243,0.412504,0.297177,-2.38496,-0.179865,2.76525,-0.669883,0.000138925,0.000466403,-0.00336461,-0.00122682,-0.000139856,0.00932819,-0.000567784,
0.085,0,0,0,0,0,0,0,0,0,0,0,0,0,0,0,0,0.00196019,0.998619,0.0523223,0,0.99996,-0.00155999,-0.00768843,0,-0.00759634,0.0523362,-0.998601,0,0.496354,0.00681845,0.0526566,1,-0.061178,-33.9669,3.5204,15.4145,0.172484,3.15016,0.089004,172.648,-125.274,109.412,-94.9335,-15.7431,-6.11025,-19.4789,-0.328245,0.412509,0.29718,-2.38495,-0.179864,2.76525,-0.669876,-0.00110339,0.00158137,-0.00156462,-0.00322413,0.000395628,0.00411293,-8.91126e-05,
0.088,0,0,0,0,0,0,0,0,0,0,0,0,0,0,0,0,0.00194985,0.998619,0.0523234,0,0.99996,-0.00154965,-0.00768802,0,-0.00759646,0.0523373,-0.998601,0,0.496353,0.00682383,0.0526574,1,-0.0968836,-33.9273,3.44502,15.4541,0.196288,3.15016,0.0359034,-67.6955,-39.1041,-100.203,-10.9926,15.6574,-24.0698,-94.6387,-0.328243,0.412507,0.297187,-2.38495,-0.179867,2.76525,-0.669874,-0.00164072,0.000116826,0.0010616,-0.00189819,-0.000634108,0.00186217,0.00197419,
0.091,0,0,0,0,0,0,0,0,0,0,0,0,0,0,0,0,0.0019518,0.998619,0.0523234,0,0.99996,-0.0015516,-0.00768807,0,-0.00759641,0.0523373,-0.998601,0,0.496354,0.00682235,0.052657,1,-0.0968836,-33.9669,3.48469,15.4541,0.184386,3.15016,0.0496363,-44.364,-110.485,-60.0826,-60.0243,0.137051,-11.0303,-20.3302,-0.328243,0.412509,0.297185,-2.38495,-0.179865,2.76525,-0.669876,-0.000706804,-0.00367201,-0.00051186,-0.0003483,0.000237189,0.000789805,0.00166248,
0.094,0,0,0,0,0,0,0,0,0,0,0,0,0,0,0,0,0.00194774,0.998619,0.052325,0,0.99996,-0.00154729,-0.00769252,0,-0.00760108,0.0523389,-0.9986,0,0.496352,0.006823,0.052656,1,-0.0968836,-33.9669,3.44502,15.4541,0.172484,3.17122,0.0954127,-29.0926,-20.7731,-72.0913,-47.7001,-7.76558,-1.38529,-4.71689,-0.328245,0.412509,0.297188,-2.38495,-0.179864,2.76525,-0.669881,-2.41102e-05,-0.00113261,0.000643288,-0.000208619,0.000318659,-6.25671e-05,-0.000795933,
0.097,0,0,0,0,0,0,0,0,0,0,0,0,0,0,0,0,0.00194872,0.998619,0.0523228,0,0.99996,-0.00154837,-0.00769099,0,-0.00759949,0.0523366,-0.998601,0,0.496352,0.00682133,0.0526558,1,-0.0968836,-33.9669,3.48469,15.4541,0.190794,3.15016,0.089004,37.383,2.10922,-40.204,-47.9478,-6.92831,-15.9912,6.14721,-0.328243,0.41251,0.297183,-2.38495,-0.179866,2.76525,-0.66988,0.000541329,-0.00085032,-0.000741354,7.93174e-05,-0.000259856,0.000478113,-0.00124178,
0.1,0,0,0,0,0,0,0,0,0,0,0,0,0,0,0,0,0.0019598,0.998619,0.0523221,0,0.99996,-0.00155937,-0.00769288,0,-0.00760081,0.0523361,-0.998601,0,0.496351,0.00682065,0.0526563,1,-0.0968836,-33.9273,3.48469,15.4898,0.172484,3.16389,0.0432277,-45.5044,83.9922,-39.8863,22.4254,-29.5821,3.07864,-48.5161,-0.328243,0.412507,0.297182,-2.38495,-0.179864,2.76525,-0.669872,-6.24014e-05,-0.00127967,-3.57176e-05,-0.000954215,0.000619962,2.16402e-05,0.00144051,
0.103,0,0,0,0,0,0,0,0,0,0,0,0,0,0,0,0,0.00194252,0.998619,0.0523237,0,0.99996,-0.00154191,-0.00769573,0,-0.00760457,0.0523375,-0.9986,0,0.496351,0.00682223,0.0526545,1,-0.136556,-34.0027,3.48469,15.4541,0.190794,3.17763,0.135696,-158.529,-73.6727,-56.3366,-50.3951,15.6566,4.91366,81.7371,-0.328243,0.412512,0.297184,-2.38495,-0.179866,2.76525,-0.669885,0.00118095,0.00082645,-1.12838e-05,-0.00344728,-0.000294814,-0.000326086,-0.00257219,
0.106,0,0,0,0,0,0,0,0,0,0,0,0,0,0,0,0,0.00195368,0.998619,0.0523229,0,0.99996,-0.00155294,-0.0076984,0,-0.00760666,0.0523368,-0.998601,0,0.496349,0.006821,0.0526544,1,-0.0968836,-33.9273,3.48469,15.5256,0.190794,3.17763,0.056045,-37.9657,103.848,-36.8807,19.7971,16.1357,2.32834,-54.9654,-0.328245,0.412509,0.297184,-2.38496,-0.179866,2.76525,-0.669876,0.000604745,-0.00165984,-3.63901e-06,-0.00202459,-1.95444e-05,-0.00943992,0.000443502,
0.109,0,0,0,0,0,0,0,0,0,0,0,0,0,0,0,0,0.00195656,0.998619,0.0523225,0,0.99996,-0.00155622,-0.00769092,0,-0.00759901,0.0523365,-0.998601,0,0.496351,0.00682133,0.052657,1,-0.061178,-33.8916,3.44502,15.5256,0.184386,3.15016,0.0496363,67.8819,131.307,-125.113,19.9886,16.714,-21.3846,-46.1497,-0.328246,0.412504,0.297185,-2.38496,-0.179865,2.76525,-0.669873,-0.000378872,-0.00203568,0.000617477,-0.000973792,-0.000145196,-0.00334786,0.00137472,
0.112,0,0,0,0,0,0,0,0,0,0,0,0,0,0,0,0,0.00195648,0.998619,0.0523199,0,0.99996,-0.00155591,-0.00769562,0,-0.00760373,0.0523339,-0.998601,0,0.496351,0.00681657,0.052655,1,-0.0968836,-33.9669,3.56007,15.4541,0.190794,3.18495,0.102737,0.688477,-18.5998,177.08,-43.2947,-6.03854,29.9538,59.1939,-0.328245,0.41251,0.297176,-2.38495,-0.179866,2.76525,-0.66988,0.000444029,0.000177339,-0.00171438,0.00102406,-0.000201262,-0.00240213,-0.000824682,
0.115,0,0,0,0,0,0,0,0,0,0,0,0,0,0,0,0,0.00195743,0.998619,0.0523223,0,0.99996,-0.0015568,-0.00769658,0,-0.00760464,0.0523363,-0.998601,0,0.496351,0.00681582,0.0526542,1,-0.0215052,-34.0027,3.56007,15.4541,0.178893,3.17763,0.121963,121.993,-82.7189,196.48,-55.7472,5.92834,11.2248,31.8633,-0.32825,0.412512,0.297179,-2.38495,-0.179865,2.76525,-0.669883,-0.000858545,0.00119577,-0.0017969,0.000342088,0.000102373,-0.000912887,-0.00194354,
0.118,0,0,0,0,0,0,0,0,0,0,0,0,0,0,0,0,0.00196242,0.998619,0.0523221,0,0.99996,-0.00156185,-0.00769556,0,-0.00760336,0.0523361,-0.998601,0,0.496351,0.00681696,0.0526548,1,-0.061178,-33.9669,3.5204,15.4898,0.172484,3.16389,0.056045,87.2352,-95.3133,124.127,17.5312,-20.145,-22.5153,-38.0971,-0.328248,0.412509,0.297179,-2.38495,-0.179864,2.76525,-0.669876,-3.79392e-05,-1.74677e-05,3.76401e-06,-0.000469592,-0.0049896,-1.94374e-05,0.0021142,
0.121,0,0,0,0,0,0,0,0,0,0,0,0,0,0,0,0,0.0019603,0.998619,0.052322,0,0.99996,-0.00156014,-0.00768757,0,-0.00759547,0.052336,-0.998601,0,0.496355,0.00681873,0.0526572,1,-0.061178,-33.9669,3.48469,15.3788,0.184386,3.16389,0.069778,29.6128,-5.85947,-145.689,-289.524,12.7218,-11.4247,-0.585419,-0.328246,0.412509,0.297182,-2.38495,-0.179865,2.76525,-0.669874,-9.37713e-05,-0.000191017,0.000836329,0.00217495,-0.00224224,0.000160551,0.00124055,
0.124,0,0,0,0,0,0,0,0,0,0,0,0,0,0,0,0,0.00195245,0.998619,0.0523213,0,0.99996,-0.00155193,-0.0076945,0,-0.00760282,0.0523352,-0.998601,0,0.496351,0.00681965,0.0526556,1,-0.0968836,-33.9273,3.48469,15.4898,0.196288,3.17122,0.0761866,19.8741,133.598,-62.2974,-24.8048,25.6556,-1.12903,-31.33,-0.328245,0.412507,0.297182,-2.38495,-0.179867,2.76525,-0.669879,0.000343407,-0.0010569,0.000835546,-0.000605759,-0.00138609,2.43668e-05,8.87679e-05,
0.127,0,0,0,0,0,0,0,0,0,0,0,0,0,0,0,0,0.00196099,0.998619,0.0523245,0,0.99996,-0.00156021,-0.00769923,0,-0.00760711,0.0523385,-0.9986,0,0.496349,0.00682012,0.0526533,1,-0.061178,-33.9669,3.48469,15.5256,0.178893,3.15748,0.0230861,24.62,-13.8286,-122.335,161.966,-15.504,-3.54021,-101.731,-0.328247,0.412512,0.297184,-2.38496,-0.179864,2.76525,-0.669873,-0.00104281,2.70771e-05,0.00669384,-0.00120137,0.0050993,0.000339694,0.00236975,
0.13,0,0,0,0,0,0,0,0,0,0,0,0,0,0,0,0,0.00195553,0.998619,0.0523228,0,0.99996,-0.00155513,-0.00769204,0,-0.00760019,0.0523368,-0.998601,0,0.496352,0.0068207,0.0526567,1,-0.061178,-33.9273,3.44502,15.4541,0.178893,3.17763,0.0761866,-40.7004,9.52073,-118.61,0.431297,0.863385,14.2577,8.27901,-0.328246,0.412507,0.297184,-2.38495,-0.179865,2.76525,-0.669876,-0.000308985,-0.000528184,0.00413699,0.00131403,0.00186606,-0.000425835,0.000717219,
0.133,0,0,0,0,0,0,0,0,0,0,0,0,0,0,0,0,0.00197117,0.998619,0.0523197,0,0.99996,-0.00157067,-0.00769489,0,-0.00760223,0.0523337,-0.998601,0,0.49635,0.00681481,0.0526562,1,-0.061178,-33.8916,3.56007,15.5256,0.190794,3.17122,0.0432277,-2.14059,31.5011,66.9186,141.533,-7.70601,-14.1648,-26.736,-0.328248,0.412504,0.297176,-2.38496,-0.179863,2.76525,-0.669871,-9.15524e-05,-0.000919545,-0.000164603,-0.000631669,0.00991679,0.000200431,0.000992403,
0.136,0,0,0,0,0,0,0,0,0,0,0,0,0,0,0,0,0.0019636,0.998619,0.0523225,0,0.99996,-0.00156323,-0.00769187,0,-0.0075996,0.0523365,-0.998601,0,0.496352,0.00681697,0.052656,1,-0.0215052,-33.9273,3.48469,15.4898,0.172484,3.15016,0.0761866,72.0444,14.3866,-52.796,24.0385,-15.6374,-12.6603,-20.5465,-0.32825,0.412507,0.297182,-2.38495,-0.179864,2.76525,-0.669875,-0.00123355,-0.000210593,0.00114885,0.000183967,0.00485619,0.000635334,-0.000772186,
0.139,0,0,0,0,0,0,0,0,0,0,0,0,0,0,0,0,0.00197371,0.998619,0.0523203,0,0.99996,-0.00157337,-0.00769188,0,-0.00759908,0.0523344,-0.998601,0,0.496351,0.00681304,0.0526559,1,0.0142004,-33.9273,3.5204,15.4898,0.178893,3.14284,0.0432277,38.8403,-0.757655,-76.9865,32.3485,14.8611,-13.7987,-53.5203,-0.328253,0.412507,0.297177,-2.38495,-0.179865,2.76525,-0.669871,-0.00199469,0.000123205,0.000335715,-0.000409535,0.00173882,0.000459305,0.00112001,
0.142,0,0,0,0,0,0,0,0,0,0,0,0,0,0,0,0,0.00196138,0.998619,0.0523207,0,0.99996,-0.00156089,-0.00769416,0,-0.00760201,0.0523347,-0.998601,0,0.496352,0.00681351,0.0526551,1,-0.0215052,-33.9669,3.56007,15.4541,0.184386,3.17122,0.129287,28.7828,-127.483,78.3169,-95.2432,-29.6678,24.0179,70.3751,-0.328251,0.41251,0.297176,-2.38495,-0.179864,2.76525,-0.669883,-0.000147631,0.000964524,-0.000495084,0.000528256,0.000798397,-0.000594913,-0.00139748,
0.145,0,0,0,0,0,0,0,0,0,0,0,0,0,0,0,0,0.00196137,0.998619,0.0523214,0,0.99996,-0.0015609,-0.00769373,0,-0.00760159,0.0523354,-0.998601,0,0.496351,0.00681653,0.0526551,1,-0.0968836,-33.9273,3.5204,15.4898,0.154173,3.15016,0.0761866,-94.5266,-21.6228,4.25556,67.0282,-36.5773,-13.4622,7.79642,-0.328246,0.412509,0.297177,-2.38495,-0.179863,2.76525,-0.669879,0.00560368,-0.000126669,0.00020376,-0.000988044,-0.00580591,0.000513163,-3.3983e-06,
0.148,0,0,0,0,0,0,0,0,0,0,0,0,0,0,0,0,0.00196924,0.998619,0.0523187,0,0.99996,-0.00156936,-0.00768312,0,-0.00759055,0.0523327,-0.998601,0,0.496354,0.00681137,0.0526593,1,0.0142004,-33.8519,3.48469,15.4541,0.190794,3.13643,0.069778,64.834,95.6362,-87.7855,-49.8008,8.31075,-1.90216,-17.0487,-0.328257,0.412501,0.297178,-2.38495,-0.179866,2.76525,-0.669877,0.000173287,-0.00113053,0.00110611,0.00567431,-0.00336303,0.000509955,0.000341845,
0.151,0,0,0,0,0,0,0,0,0,0,0,0,0,0,0,0,0.00197444,0.998619,0.0523175,0,0.99996,-0.00157444,-0.00768566,0,-0.00759282,0.0523316,-0.998601,0,0.496353,0.00680889,0.0526584,1,0.0142004,-33.8519,3.56007,15.4898,0.172484,3.13643,0.0954127,56.2715,86.5662,-2.75264,23.5371,-13.5916,-30.5469,49.5648,-0.328256,0.412501,0.297173,-2.38495,-0.179864,2.76525,-0.669878,0.000124032,-0.00124237,-0.00066034,0.00195452,-0.000576398,0.000524084,-0.000113466,
0.154,0,0,0,0,0,0,0,0,0,0,0,0,0,0,0,0,0.00196321,0.998619,0.0523201,0,0.99996,-0.0015631,-0.00768725,0,-0.007595,0.0523341,-0.998601,0,0.496353,0.00681147,0.0526579,1,0.0142004,-33.8916,3.48469,15.4541,0.172484,3.15748,0.135696,-15.6874,41.7485,-112.854,17.0111,10.3227,-19.1095,67.0117,-0.328257,0.412504,0.297178,-2.38495,-0.179864,2.76525,-0.669885,-0.000658084,0.00025057,0.000867175,0.00140781,-0.000434031,-0.000191338,-0.00203422,
0.157,0,0,0,0,0,0,0,0,0,0,0,0,0,0,0,0,0.00197189,0.998619,0.0523198,0,0.99996,-0.00157162,-0.00769047,0,-0.00759777,0.0523338,-0.998601,0,0.496353,0.00681174,0.0526562,1,-0.0215052,-33.9273,3.5204,15.4541,0.184386,3.15016,0.0432277,-122.373,-85.0101,-111.548,10.2977,-24.2494,-24.861,-57.6343,-0.328254,0.412508,0.297176,-2.38495,-0.179865,2.76525,-0.669875,0.00048775,0.000631055,0.000473801,0.00040809,-0.000256024,0.000293693,0.00156741,
0.16,0,0,0,0,0,0,0,0,0,0,0,0,0,0,0,0,0.00198197,0.998619,0.0523175,0,0.99996,-0.00158188,-0.00768744,0,-0.00759421,0.0523317,-0.998601,0,0.496354,0.00680713,0.0526572,1,0.0142004,-33.9273,3.59577,15.4145,0.178893,3.15016,0.056045,31.7669,-56.042,100.646,-64.6452,13.7104,7.56068,-36.1509,-0.328257,0.412507,0.297171,-2.38495,-0.179865,2.76525,-0.669873,-0.000882952,0.000774725,-0.00131338,0.00137573,-4.60805e-05,-6.36844e-05,0.00153065,
0.163,0,0,0,0,0,0,0,0,0,0,0,0,0,0,0,0,0.00197142,0.998619,0.052318,0,0.99996,-0.00157108,-0.00769193,0,-0.00759926,0.0523321,-0.998601,0,0.496352,0.0068084,0.0526562,1,-0.0215052,-33.8916,3.56007,15.4541,0.190794,3.17122,0.0954127,-51.2011,8.88126,12.8701,-21.4501,14.663,17.7743,-7.83319,-0.328258,0.412507,0.297173,-2.38495,-0.179866,2.76525,-0.669881,-0.00214966,-0.000327264,5.42961e-05,0.00356001,-0.000450672,-0.000738482,-0.000348974,
0.165,0,0,0,0,0,0,0,0,0,0,0,0,0,0,0,0,0.00196806,0.998619,0.0523201,0,0.99996,-0.00156777,-0.00769068,0,-0.00759817,0.0523341,-0.998601,0,0.496353,0.00681276,0.0526566,1,-0.0215052,-33.9273,3.48469,15.4541,0.190794,3.16389,0.056045,-22.5696,18.8992,-121.351,53.8602,4.24284,8.91995,-13.9064,-0.328255,0.412507,0.297178,-2.38495,-0.179866,2.76525,-0.669876,-0.00181674,0.000689767,0.0020658,0.00200876,-0.000136955,-0.000147369,0.000986484,
0.168,0,0,0,0,0,0,0,0,0,0,0,0,0,0,0,0,0.00197664,0.998619,0.0523198,0,0.99996,-0.00157623,-0.00769313,0,-0.00760018,0.0523339,-0.998601,0,0.496352,0.00680916,0.0526552,1,0.0142004,-33.9669,3.5204,15.4541,0.172484,3.15748,0.069778,59.3503,-235.38,4.78001,-1.19606,-2.87006,-23.6791,-25.7445,-0.328257,0.412509,0.297174,-2.38495,-0.179864,2.76525,-0.669877,-0.00212496,0.00100866,0.000240894,0.00623333,0.00043523,1.54621e-06,0.000597467,
0.171,0,0,0,0,0,0,0,0,0,0,0,0,0,0,0,0,0.00196354,0.998619,0.0523186,0,0.99996,-0.00156314,-0.00769277,0,-0.00760051,0.0523326,-0.998601,0,0.49635,0.00681263,0.052656,1,-0.0968836,-33.8916,3.5204,15.4898,0.196288,3.15016,0.109146,-168.978,44.2376,-30.6244,-77.1553,7.38846,10.0649,13.0119,-0.328249,0.412504,0.297173,-2.38496,-0.179863,2.76525,-0.669882,0.00122954,-0.000763205,7.13817e-05,-0.00392796,-0.000606855,0.000271725,-0.000987162,
0.174,0,0,0,0,0,0,0,0,0,0,0,0,0,0,0,0,0.00197328,0.998619,0.0523178,0,0.99996,-0.00157302,-0.0076904,0,-0.00759762,0.0523318,-0.998601,0,0.496353,0.00680965,0.0526571,1,-0.0215052,-33.8916,3.5204,15.4541,0.178893,3.17122,0.0624537,17.2364,36.073,-30.3707,-105.197,-10.5248,22.1073,-75.1485,-0.328254,0.412505,0.297173,-2.38495,-0.179865,2.76525,-0.669877,-0.000654717,-0.000504541,-5.10268e-05,-0.0011009,0.000219081,-0.0004997,0.000513775,
0.177,0,0,0,0,0,0,0,0,0,0,0,0,0,0,0,0,0.00197577,0.998619,0.0523198,0,0.99996,-0.00157542,-0.00769198,0,-0.00759907,0.0523339,-0.998601,0,0.496353,0.00681016,0.0526559,1,-0.0215052,-33.9669,3.5204,15.4145,0.196288,3.17122,0.0496363,-59.1491,4.68152,-79.8271,-112.311,28.7008,-7.88243,-33.3862,-0.328255,0.412509,0.297174,-2.38495,-0.179863,2.76525,-0.669876,7.21242e-05,0.00142814,-1.5118e-05,-0.000122092,0.00846505,4.40886e-05,0.00179867,
0.18,0,0,0,0,0,0,0,0,0,0,0,0,0,0,0,0,0.00197801,0.998619,0.0523188,0,0.99996,-0.00157747,-0.00769581,0,-0.0076028,0.0523329,-0.998601,0,0.496351,0.00680624,0.0526545,1,0.0142004,-33.9273,3.56007,15.4898,0.184386,3.16389,0.135696,54.4051,37.355,56.0883,5.95175,-7.82516,-22.1825,91.5823,-0.32826,0.412509,0.297171,-2.38495,-0.179864,2.76525,-0.669881,-0.000633429,1.06994e-05,-0.000623159,-0.000907735,0.00397514,0.000284331,-0.00170878,
0.183,0,0,0,0,0,0,0,0,0,0,0,0,0,0,0,0,0.00197778,0.998619,0.0523188,0,0.999959,-0.00157698,-0.0077009,0,-0.00760791,0.0523329,-0.998601,0,0.496349,0.00680861,0.0526527,1,-0.0215052,-34.0027,3.56007,15.4898,0.184386,3.17763,0.089004,60.2913,-198.759,129.257,26.2214,7.58195,3.08741,-6.5569,-0.328255,0.412512,0.29717,-2.38495,-0.179865,2.76525,-0.669875,5.76015e-05,0.00137458,-0.000978612,-0.000491645,0.00148057,0.00911418,0.000205771,
0.186,0,0,0,0,0,0,0,0,0,0,0,0,0,0,0,0,0.00197534,0.998619,0.0523172,0,0.99996,-0.00157521,-0.00768816,0,-0.00759528,0.0523313,-0.998601,0,0.496354,0.00681075,0.0526582,1,-0.061178,-33.8916,3.5204,15.4145,0.178893,3.17763,0.0496363,-57.0242,246.145,-12.8457,-50.4519,-26.348,-15.2769,-43.653,-0.328252,0.412504,0.297173,-2.38495,-0.179865,2.76525,-0.669872,0.00122257,-0.00179934,0.000122494,0.00150912,0.000805714,-0.0012152,0.00169234,
0.189,0,0,0,0,0,0,0,0,0,0,0,0,0,0,0,0,0.00197474,0.998619,0.0523174,0,0.99996,-0.00157435,-0.00769312,0,-0.00760027,0.0523315,-0.998601,0,0.496352,0.00680669,0.052656,1,-0.0215052,-33.9273,3.56007,15.4541,0.172484,3.17763,0.135696,-1.65847,136.887,39.0184,-53.0516,2.69354,4.16393,78.5331,-0.328257,0.412507,0.29717,-2.38495,-0.179864,2.76525,-0.669882,-0.000267138,-0.000368157,-0.000685499,0.00104892,0.000511425,-0.000180515,-0.00192867,
0.192,0,0,0,0,0,0,0,0,0,0,0,0,0,0,0,0,0.00197936,0.998619,0.0523198,0,0.999959,-0.00157842,-0.00770345,0,-0.00761038,0.0523339,-0.998601,0,0.496349,0.00680741,0.0526512,1,-0.0215052,-34.0423,3.56007,15.4541,0.190794,3.18495,0.056045,48.009,-19.2967,-51.8894,-50.3663,7.29307,3.60757,-51.4758,-0.328258,0.412517,0.29717,-2.38495,-0.179866,2.76525,-0.669876,-0.00105889,0.0017882,-0.000512451,0.000493609,-0.000436729,-0.000280621,0.0011428,
0.194,0,0,0,0,0,0,0,0,0,0,0,0,0,0,0,0,0.00197527,0.998619,0.0523194,0,0.999959,-0.00157426,-0.00770471,0,-0.00761185,0.0523335,-0.998601,0,0.496348,0.00681027,0.0526519,1,-0.061178,-33.9669,3.5204,15.5256,0.196288,3.19136,0.0624537,-5.52173,105.659,17.7548,21.0475,5.76646,14.1971,-7.76311,-0.328255,0.412512,0.297173,-2.38496,-0.179867,2.76525,-0.669874,0.000735742,-0.000659142,0.000390924,-0.00117375,-0.000382815,-0.000310284,0.00108435,
0.197,0,0,0,0,0,0,0,0,0,0,0,0,0,0,0,0,0.00196443,0.998619,0.0523214,0,0.999959,-0.00156341,-0.00770432,0,-0.00761202,0.0523354,-0.998601,0,0.496348,0.00681321,0.052652,1,-0.061178,-33.9669,3.48469,15.5256,0.172484,3.19136,0.109146,-41.6448,26.4361,-84.0812,108.624,-8.71834,4.38531,30.8212,-0.328252,0.412513,0.297175,-2.38496,-0.179864,2.76525,-0.669882,-0.000246051,-0.000783047,0.00107478,-0.00127646,0.000532116,-0.000108285,-0.00148716,
0.2,0,0,0,0,0,0,0,0,0,0,0,0,0,0,0,0,0.0019709,0.998619,0.052319,0,0.999959,-0.00156969,-0.00770837,0,-0.00761574,0.052333,-0.998601,0,0.496345,0.00681173,0.0526507,1,-0.0968836,-33.9669,3.56007,15.5613,0.190794,3.18495,0.0496363,-173.465,38.8975,37.0697,135.78,28.3099,-8.78393,-30.283,-0.32825,0.412512,0.297171,-2.38496,-0.179866,2.76525,-0.669876,0.000762297,-0.00108785,-0.00144478,-0.00139931,-0.000464038,0.000198377,0.00138288,
0.203,0,0,0,0,0,0,0,0,0,0,0,0,0,0,0,0,0.00197374,0.998619,0.0523188,0,0.999959,-0.00157286,-0.0077022,0,-0.00760942,0.0523329,-0.998601,0,0.496349,0.00680841,0.0526524,1,-0.0215052,-33.9669,3.56007,15.4898,0.184386,3.18495,0.089004,31.6747,-18.4263,10.9022,0.904463,12.4252,-19.9292,28.9739,-0.328255,0.412513,0.29717,-2.38495,-0.179865,2.76525,-0.66988,-0.000764029,-0.000714158,-0.000737424,0.000698896,-0.00012462,0.000108615,0.000372066,
0.206,0,0,0,0,0,0,0,0,0,0,0,0,0,0,0,0,0.0019628,0.998619,0.0523191,0,0.999959,-0.0015616,-0.00770792,0,-0.00761572,0.0523331,-0.998601,0,0.496347,0.00681181,0.0526507,1,-0.0968836,-34.0027,3.56007,15.5256,0.190794,3.20509,0.121963,-87.2472,-21.8013,110.583,81.3623,15.4027,31.9276,60.024,-0.328249,0.412514,0.29717,-2.38496,-0.179866,2.76524,-0.669884,0.000433543,0.000932956,-0.00326774,-0.000256979,-0.000341438,-0.000602003,-0.00170197,
0.209,0,0,0,0,0,0,0,0,0,0,0,0,0,0,0,0,0.0019817,0.998619,0.0523192,0,0.999959,-0.00158033,-0.00771169,0,-0.0076185,0.0523333,-0.998601,0,0.496344,0.00680582,0.0526489,1,0.0142004,-34.0027,3.59577,15.5613,0.184386,3.17763,0.0761866,89.9577,78.1335,129.397,154.337,-3.32119,-30.5227,-33.9773,-0.328259,0.412515,0.297167,-2.38496,-0.179865,2.76525,-0.669878,-0.00200599,0.000462035,-0.00219542,-0.00137539,0.000181683,0.000668822,0.000185182,
0.212,0,0,0,0,0,0,0,0,0,0,0,0,0,0,0,0,0.0019705,0.998619,0.0523192,0,0.999959,-0.00156958,-0.00770293,0,-0.00761032,0.0523333,-0.998601,0,0.496349,0.00681012,0.0526523,1,-0.061178,-33.9669,3.56007,15.4898,0.172484,3.19136,0.0954127,-109.186,3.69507,26.2056,-33.204,-26.6822,-0.930789,37.3251,-0.328252,0.412513,0.29717,-2.38495,-0.179864,2.76525,-0.669881,0.000117114,-0.00100766,-0.000650883,0.0011701,0.000381731,-5.07109e-05,-9.18039e-06,
0.215,0,0,0,0,0,0,0,0,0,0,0,0,0,0,0,0,0.00196366,0.998619,0.0523207,0,0.999959,-0.00156227,-0.00771133,0,-0.00761909,0.0523347,-0.998601,0,0.496344,0.00681186,0.0526503,1,-0.0215052,-33.9669,3.48469,15.5613,0.190794,3.19868,0.121963,-61.4401,38.016,-190.221,113.519,-3.79203,5.40744,71.6501,-0.328255,0.412513,0.297175,-2.38496,-0.179866,2.76524,-0.669884,-0.000769584,-0.00107192,0.00177902,-0.00113814,-0.000143042,-8.29345e-05,-0.00184885,
0.218,0,0,0,0,0,0,0,0,0,0,0,0,0,0,0,0,0.00197738,0.998619,0.0523201,0,0.999959,-0.00157641,-0.00770387,0,-0.0076109,0.0523343,-0.998601,0,0.496349,0.00680752,0.0526522,1,0.049906,-33.9669,3.5204,15.4898,0.178893,3.19868,0.109146,179.29,107.994,-124.151,3.4444,11.2767,18.6209,22.8873,-0.32826,0.412513,0.297173,-2.38495,-0.179865,2.76524,-0.669879,-0.00152725,-0.000503209,0.000827649,0.000962,-2.35237e-05,-8.48937e-05,-0.00101876,
0.221,0,0,0,0,0,0,0,0,0,0,0,0,0,0,0,0,0.00197759,0.998619,0.0523179,0,0.999959,-0.00157643,-0.00770792,0,-0.00761494,0.052332,-0.998601,0,0.496346,0.00680757,0.0526506,1,-0.061178,-33.9669,3.59577,15.5256,0.190794,3.18495,0.069778,-117.067,-42.275,-5.02391,35.7174,-2.00564,-0.689672,-5.05205,-0.328255,0.412513,0.297167,-2.38496,-0.179866,2.76525,-0.669877,0.00168193,-0.000334703,-0.00727218,-0.000271776,-0.000157665,0.000370428,0.000768145,
0.224,0,0,0,0,0,0,0,0,0,0,0,0,0,0,0,0,0.00196461,0.998619,0.052321,0,0.999959,-0.00156319,-0.00771197,0,-0.00761968,0.052335,-0.998601,0,0.496345,0.00681204,0.0526484,1,-0.0968836,-34.0423,3.56007,15.5256,0.178893,3.18495,0.121963,-82.8525,-129.499,9.45018,81.4128,-17.6973,-5.87792,62.2303,-0.328249,0.412518,0.29717,-2.38496,-0.179865,2.76525,-0.669884,0.00203474,0.00099383,-0.00288388,-0.000946678,0.000341351,0.000162496,-0.00179184,
0.227,0,0,0,0,0,0,0,0,0,0,0,0,0,0,0,0,0.0019781,0.998619,0.0523195,0,0.999959,-0.00157713,-0.00770415,0,-0.00761114,0.0523336,-0.998601,0,0.496348,0.00680885,0.0526515,1,-0.0215052,-33.9669,3.56007,15.4541,0.184386,3.18495,0.0432277,-14.6459,21.6661,-11.0152,-54.7675,21.4606,-0.841481,-82.3327,-0.328255,0.412515,0.29717,-2.38495,-0.179865,2.76525,-0.669875,-0.000180776,-0.000674797,-0.00149754,0.000740325,1.07202e-05,-0.00010256,0.00127377,
0.23,0,0,0,0,0,0,0,0,0,0,0,0,0,0,0,0,0.00197661,0.998619,0.052321,0,0.999959,-0.00157515,-0.00771299,0,-0.00762007,0.0523351,-0.998601,0,0.496346,0.00680847,0.052649,1,0.0142004,-34.0423,3.5204,15.4898,0.172484,3.18495,0.0825953,42.2151,-115.426,-141.022,-4.32507,-24.4871,5.67148,-4.73518,-0.328257,0.412518,0.297171,-2.38496,-0.179864,2.76524,-0.669879,-0.00199209,0.00128489,0.000219784,3.37514e-05,0.000398775,-0.000120812,0.000132518,
0.233,0,0,0,0,0,0,0,0,0,0,0,0,0,0,0,0,0.00196903,0.998619,0.0523205,0,0.999959,-0.00156756,-0.00771308,0,-0.00762056,0.0523346,-0.998601,0,0.496345,0.00680834,0.0526488,1,0.0142004,-34.0423,3.5204,15.4898,0.184386,3.18495,0.142105,118.156,-162.564,-137.42,8.84485,-5.77763,10.5684,97.6764,-0.328257,0.412518,0.29717,-2.38496,-0.179865,2.76524,-0.669886,-0.00116768,0.00166963,0.0007997,1.00004e-05,-0.000122971,-1.69586e-05,-0.00284295,
0.236,0,0,0,0,0,0,0,0,0,0,0,0,0,0,0,0,0.00197621,0.998619,0.0523192,0,0.999959,-0.00157537,-0.00770149,0,-0.00760857,0.0523333,-0.998601,0,0.496349,0.00680748,0.0526522,1,0.0142004,-33.9669,3.56007,15.4898,0.184386,3.17122,0.0825953,81.6683,-1.75756,45.6666,-32.3396,7.04682,2.31398,2.52972,-0.328257,0.412513,0.29717,-2.38495,-0.179865,2.76525,-0.669879,-6.75747e-05,-0.000288957,0.000449052,-0.000461047,-8.16469e-05,0.000352897,-0.00026968,
0.239,0,0,0,0,0,0,0,0,0,0,0,0,0,0,0,0,0.00197896,0.998619,0.0523169,0,0.999959,-0.00157833,-0.00769793,0,-0.00760487,0.052331,-0.998601,0,0.49635,0.00680531,0.0526536,1,0.0142004,-33.9273,3.56007,15.4541,0.190794,3.16389,0.0825953,99.5805,64.7841,-83.4552,-66.3739,-4.96393,0.134401,-2.10489,-0.328258,0.41251,0.297167,-2.38495,-0.179866,2.76525,-0.669879,-0.001278,-0.00147765,0.00018435,2.83748e-05,-0.000329367,0.000146006,0.000221503,
0.242,0,0,0,0,0,0,0,0,0,0,0,0,0,0,0,0,0.00197408,0.998619,0.0523183,0,0.999959,-0.00157331,-0.00770021,0,-0.0076074,0.0523324,-0.998601,0,0.496351,0.00680761,0.0526535,1,-0.0968836,-33.9273,3.59577,15.4145,0.178893,3.17763,0.121963,-186.851,44.1485,148.513,-183.942,-21.4918,15.8545,43.2658,-0.328252,0.412512,0.297167,-2.38495,-0.179862,2.76524,-0.669883,0.00144644,-0.00102557,-0.000991282,0.00100861,0.000264099,-0.000374943,-0.00182571,
0.245,0,0,0,0,0,0,0,0,0,0,0,0,0,0,0,0,0.00197596,0.998619,0.0523205,0,0.999959,-0.00157477,-0.00770789,0,-0.007615,0.0523346,-0.998601,0,0.496346,0.00680902,0.0526501,1,-0.0215052,-33.9669,3.5204,15.5256,0.190794,3.17122,0.0624537,89.3025,-25.5992,-0.0673039,77.1385,21.4796,-3.31687,-63.0754,-0.328257,0.412515,0.297172,-2.38496,-0.179866,2.76525,-0.669877,-0.000355087,0.000314808,0.000694293,-0.000948825,-0.000317347,0.000186546,0.000280387,
0.248,0,0,0,0,0,0,0,0,0,0,0,0,0,0,0,0,0.00197305,0.998619,0.052319,0,0.999959,-0.00157215,-0.00770262,0,-0.00760987,0.0523331,-0.998601,0,0.496348,0.00681025,0.0526517,1,-0.061178,-33.9669,3.56007,15.4898,0.190794,3.15748,0.056045,-63.589,-5.3382,79.1165,59.6461,-24.8152,-0.132552,-65.0934,-0.328252,0.412513,0.29717,-2.38496,-0.179866,2.76525,-0.669876,0.000420667,0.000217012,-0.00051687,-0.000188331,1.89995e-05,0.000394357,0.00158258,
0.251,0,0,0,0,0,0,0,0,0,0,0,0,0,0,0,0,0.00196969,0.998619,0.0523189,0,0.99996,-0.00156895,-0.00769934,0,-0.00760676,0.0523329,-0.998601,0,0.496349,0.00680886,0.0526532,1,-0.061178,-33.9273,3.56007,15.4541,0.172484,3.17122,0.121963,77.5966,41.8799,91.0274,-63.2931,-4.6282,-9.59197,73.5195,-0.328254,0.412511,0.29717,-2.38495,-0.179864,2.76525,-0.669884,-0.000153764,-0.00086372,-0.000741228,-7.64245e-05,0.000453974,-3.00899e-05,-0.00131693,
0.254,0,0,0,0,0,0,0,0,0,0,0,0,0,0,0,0,0.00196154,0.998619,0.0523214,0,0.999959,-0.00156044,-0.00770574,0,-0.0076136,0.0523355,-0.998601,0,0.496347,0.00681319,0.0526507,1,-0.061178,-34.0027,3.48469,15.4898,0.196288,3.17763,0.115554,70.0924,17.6542,-75.7709,-17.4319,16.0845,-22.9769,49.0571,-0.328252,0.412515,0.297175,-2.38496,-0.179867,2.76525,-0.669883,-4.55597e-05,0.000527744,0.00102791,-0.000393852,-0.000355277,2.38727e-06,-0.000684074,
0.257,0,0,0,0,0,0,0,0,0,0,0,0,0,0,0,0,0.00197785,0.998619,0.0523207,0,0.999959,-0.0015769,-0.00770343,0,-0.00761044,0.0523348,-0.998601,0,0.496348,0.00680972,0.0526512,1,-0.0215052,-33.9669,3.48469,15.4541,0.196288,3.16389,0.056045,219.737,75.4396,-38.2754,-46.1568,7.36486,-7.33335,-62.3798,-0.328257,0.412516,0.297173,-2.38495,-0.179867,2.76525,-0.669873,-0.000941519,-0.000493245,0.000974742,0.000996927,-2.23801e-05,0.000377468,0.00222365,
0.26,0,0,0,0,0,0,0,0,0,0,0,0,0,0,0,0,0.00196322,0.998619,0.0523241,0,0.999959,-0.00156176,-0.00771236,0,-0.00762013,0.0523381,-0.9986,0,0.496345,0.00681281,0.052647,1,-0.061178,-34.078,3.5204,15.4898,0.172484,3.16389,0.142105,-21.3757,-113.158,-46.2826,-2.25873,-34.7832,-9.19389,78.4114,-0.328252,0.412523,0.297173,-2.38496,-0.179864,2.76525,-0.669886,-5.21193e-05,0.0021739,0.000226919,0.000109782,0.000664002,0.000202265,-0.00127769,
0.263,0,0,0,0,0,0,0,0,0,0,0,0,0,0,0,0,0.00196071,0.998619,0.0523212,0,0.999959,-0.00155929,-0.00771182,0,-0.00761973,0.0523352,-0.998601,0,0.496345,0.0068133,0.0526488,1,-0.0968836,-34.0027,3.5204,15.4898,0.196288,3.17122,0.121963,-2.08128,107.935,-47.1446,30.0087,19.9177,-2.23793,26.6572,-0.32825,0.412518,0.297173,-2.38496,-0.179867,2.76524,-0.669884,0.000149539,-0.000727288,6.72247e-05,-0.000153076,-0.000338258,1.84867e-05,-0.00121121,
