block:
  urdf_path: block14.urdf
  asset_options:
    max_linear_velocity: 10.0
    max_angular_velocity: 40.0
  block1:
    shape_props:
      restitution: 0.3
      friction: 0.4459167871292399
      rolling_friction: 0.7836106412656066
      torsion_friction: 0.6924409210627598
      thickness: 2e-3
  block2:
    shape_props:
      restitution: 0.3
      friction: 0.4459167871292399
      rolling_friction: 0.7836106412656066
      torsion_friction: 0.6924409210627598
      thickness: 2e-3
  block3:
    shape_props:
      restitution: 0.3
      friction: 0.4459167871292399
      rolling_friction: 0.7836106412656066
      torsion_friction: 0.6924409210627598
      thickness: 2e-3