block:
  urdf_path: block17.urdf
  asset_options:
    max_linear_velocity: 10.0
    max_angular_velocity: 40.0
  block1:
    shape_props:
      restitution: 0.3
      friction: 0.8933653675842056
      rolling_friction: 0.3588312485082519
      torsion_friction: 0.22097849033626094
      thickness: 2e-3
  block2:
    shape_props:
      restitution: 0.3
      friction: 0.6174392742742238
      rolling_friction: 0.736990876532056
      torsion_friction: 0.016407068885815113
      thickness: 2e-3
  block3:
    shape_props:
      restitution: 0.3
      friction: 0.6174392742742238
      rolling_friction: 0.736990876532056
      torsion_friction: 0.016407068885815113
      thickness: 2e-3