block:
  urdf_path: block20.urdf
  asset_options:
    max_linear_velocity: 10.0
    max_angular_velocity: 40.0
  block1:
    shape_props:
      restitution: 0.3
      friction: 0.17120408918760102
      rolling_friction: 0.3617678273694418
      torsion_friction: 0.7691854925725149
      thickness: 2e-3
  block2:
    shape_props:
      restitution: 0.3
      friction: 0.57120408918760102
      rolling_friction: 0.3617678273694418
      torsion_friction: 0.7691854925725149
      thickness: 2e-3
  block3:
    shape_props:
      restitution: 0.3
      friction: 0.87120408918760102
      rolling_friction: 0.3617678273694418
      torsion_friction: 0.7691854925725149
      thickness: 2e-3