block:
  urdf_path: block7.urdf
  asset_options:
    max_linear_velocity: 10.0
    max_angular_velocity: 40.0
  block1:
    shape_props:
      restitution: 0.3
      friction: 0.4832556817709973
      rolling_friction: 0.8424294523393718
      torsion_friction: 0.5197573321746679
      thickness: 2e-3
  block2:
    shape_props:
      restitution: 0.3
      friction: 0.4832556817709973
      rolling_friction: 0.8424294523393718
      torsion_friction: 0.5197573321746679
      thickness: 2e-3
  block3:
    shape_props:
      restitution: 0.3
      friction: 0.4832556817709973
      rolling_friction: 0.8424294523393718
      torsion_friction: 0.5197573321746679
      thickness: 2e-3