block:
  urdf_path: block26.urdf
  asset_options:
    max_linear_velocity: 10.0
    max_angular_velocity: 40.0
  block1:
    shape_props:
      restitution: 0.3
      friction: 0.6676986026836176
      rolling_friction: 0.20691909615249127
      torsion_friction: 0.6920665646698755
      thickness: 2e-3
  block2:
    shape_props:
      restitution: 0.3
      friction: 0.6676986026836176
      rolling_friction: 0.20691909615249127
      torsion_friction: 0.6920665646698755
      thickness: 2e-3
  block3:
    shape_props:
      restitution: 0.3
      friction: 0.26967318084569647
      rolling_friction: 0.4490166427609018
      torsion_friction: 0.7315972386453625
      thickness: 2e-3