block:
  urdf_path: block1.urdf
  asset_options:
    max_linear_velocity: 10.0
    max_angular_velocity: 40.0
  block1:
    shape_props:
      restitution: 0.3
      friction: 0.45998347615714585
      rolling_friction: 0.8768047683237087
      torsion_friction: 0.3336936096433477
      thickness: 2e-3
  block2:
    shape_props:
      restitution: 0.3
      friction: 0.45998347615714585
      rolling_friction: 0.8768047683237087
      torsion_friction: 0.3336936096433477
      thickness: 2e-3
  block3:
    shape_props:
      restitution: 0.3
      friction: 0.45998347615714585
      rolling_friction: 0.8768047683237087
      torsion_friction: 0.3336936096433477
      thickness: 2e-3