block:
  urdf_path: block23.urdf
  asset_options:
    max_linear_velocity: 10.0
    max_angular_velocity: 40.0
  block1:
    shape_props:
      restitution: 0.3
      friction: 0.7013388235188602
      rolling_friction: 0.33664935293633114
      torsion_friction: 0.640456778071339
      thickness: 2e-3
  block2:
    shape_props:
      restitution: 0.3
      friction: 0.288277854032729
      rolling_friction: 0.3910031497200642
      torsion_friction: 0.9802636041777806
      thickness: 2e-3
  block3:
    shape_props:
      restitution: 0.3
      friction: 0.7013388235188602
      rolling_friction: 0.33664935293633114
      torsion_friction: 0.640456778071339
      thickness: 2e-3