block:
  urdf_path: block25.urdf
  asset_options:
    max_linear_velocity: 10.0
    max_angular_velocity: 40.0
  block1:
    shape_props:
      restitution: 0.3
      friction: 0.6058940280735456
      rolling_friction: 0.05756606657431196
      torsion_friction: 0.1159848166457843
      thickness: 2e-3
  block2:
    shape_props:
      restitution: 0.3
      friction: 0.9434865974214702
      rolling_friction: 0.5357791050110273
      torsion_friction: 0.8484458484249315
      thickness: 2e-3
  block3:
    shape_props:
      restitution: 0.3
      friction: 0.9434865974214702
      rolling_friction: 0.5357791050110273
      torsion_friction: 0.8484458484249315
      thickness: 2e-3