block:
  urdf_path: block4.urdf
  asset_options:
    max_linear_velocity: 10.0
    max_angular_velocity: 40.0
  block1:
    shape_props:
      restitution: 0.3
      friction: 0.214399866870282607
      rolling_friction: 0.8293124196304316
      torsion_friction: 0.09246098380817336
      thickness: 2e-3
  block2:
    shape_props:
      restitution: 0.3
      friction: 0.214399866870282607
      rolling_friction: 0.8293124196304316
      torsion_friction: 0.09246098380817336
      thickness: 2e-3
  block3:
    shape_props:
      restitution: 0.3
      friction: 0.5945322286161171
      rolling_friction: 0.4050921710846843
      torsion_friction: 0.6575375902540392
      thickness: 2e-3