block:
  urdf_path: block40.urdf
  asset_options:
    max_linear_velocity: 10.0
    max_angular_velocity: 40.0
  block1:
    shape_props:
      restitution: 0.3
      friction: 0.8583443798297791
      rolling_friction: 0.5840450831562026
      torsion_friction: 0.373133288588934
      thickness: 2e-3
  block2:
    shape_props:
      restitution: 0.3
      friction: 0.15974534759034043
      rolling_friction: 0.3553803938442819
      torsion_friction: 0.5881684225977946
      thickness: 2e-3
  block3:
    shape_props:
      restitution: 0.3
      friction: 0.3536396277614817
      rolling_friction: 0.3065987535395983
      torsion_friction: 0.28058923620852627
      thickness: 2e-3