block:
  urdf_path: block5.urdf
  asset_options:
    max_linear_velocity: 10.0
    max_angular_velocity: 40.0
  block1:
    shape_props:
      restitution: 0.3
      friction: 0.456949775726025
      rolling_friction: 0.48831123406323695
      torsion_friction: 0.1864387563536377
      thickness: 2e-3
  block2:
    shape_props:
      restitution: 0.3
      friction: 0.456949775726025
      rolling_friction: 0.48831123406323695
      torsion_friction: 0.1864387563536377
      thickness: 2e-3
  block3:
    shape_props:
      restitution: 0.3
      friction: 0.456949775726025
      rolling_friction: 0.48831123406323695
      torsion_friction: 0.1864387563536377
      thickness: 2e-3