block:
  urdf_path: block35.urdf
  asset_options:
    max_linear_velocity: 10.0
    max_angular_velocity: 40.0
  block1:
    shape_props:
      restitution: 0.3
      friction: 0.6122389776525614
      rolling_friction: 0.5872219674660981
      torsion_friction: 0.7950819045758597
      thickness: 2e-3
  block2:
    shape_props:
      restitution: 0.3
      friction: 0.6122389776525614
      rolling_friction: 0.5872219674660981
      torsion_friction: 0.7950819045758597
      thickness: 2e-3
  block3:
    shape_props:
      restitution: 0.3
      friction: 0.6122389776525614
      rolling_friction: 0.5872219674660981
      torsion_friction: 0.7950819045758597
      thickness: 2e-3