block:
  urdf_path: block33.urdf
  asset_options:
    max_linear_velocity: 10.0
    max_angular_velocity: 40.0
  block1:
    shape_props:
      restitution: 0.3
      friction: 0.7303618809490711
      rolling_friction: 0.6964727158391159
      torsion_friction: 0.8432491179680914
      thickness: 2e-3
  block2:
    shape_props:
      restitution: 0.3
      friction: 0.7303618809490711
      rolling_friction: 0.6964727158391159
      torsion_friction: 0.8432491179680914
      thickness: 2e-3
  block3:
    shape_props:
      restitution: 0.3
      friction: 0.158197068482698
      rolling_friction: 0.09235787119843242
      torsion_friction: 0.24803163513344606
      thickness: 2e-3