block:
  urdf_path: block34.urdf
  asset_options:
    max_linear_velocity: 10.0
    max_angular_velocity: 40.0
  block1:
    shape_props:
      restitution: 0.3
      friction: 0.5129578168455759
      rolling_friction: 0.6966554738607087
      torsion_friction: 0.8440053857604933
      thickness: 2e-3
  block2:
    shape_props:
      restitution: 0.3
      friction: 0.007627220958252301
      rolling_friction: 0.9962280744662756
      torsion_friction: 0.6270655375300738
      thickness: 2e-3
  block3:
    shape_props:
      restitution: 0.3
      friction: 0.007627220958252301
      rolling_friction: 0.9962280744662756
      torsion_friction: 0.6270655375300738
      thickness: 2e-3