block:
  urdf_path: block3.urdf
  asset_options:
    max_linear_velocity: 10.0
    max_angular_velocity: 40.0
  block1:
    shape_props:
      restitution: 0.3
      friction: 0.46429462991348724
      rolling_friction: 0.4289991321122011
      torsion_friction: 0.07842706597663329
      thickness: 2e-3
  block2:
    shape_props:
      restitution: 0.3
      friction: 0.3880997549001959
      rolling_friction: 0.9645493677727504
      torsion_friction: 0.26323457513663695
      thickness: 2e-3
  block3:
    shape_props:
      restitution: 0.3
      friction: 0.3880997549001959
      rolling_friction: 0.9645493677727504
      torsion_friction: 0.26323457513663695
      thickness: 2e-3