block:
  urdf_path: block7.urdf
  asset_options:
    max_linear_velocity: 10.0
    max_angular_velocity: 40.0
  block1:
    shape_props:
      restitution: 0.3
      friction: 0.29697637636860297
      rolling_friction: 0.2829230067670476
      torsion_friction: 0.7663278888488647
      thickness: 1e-3
  block2:
    shape_props:
      restitution: 0.3
      friction: 0.29697637636860297
      rolling_friction: 0.2829230067670476
      torsion_friction: 0.7663278888488647
      thickness: 1e-3
  block3:
    shape_props:
      restitution: 0.3
      friction: 0.7893400066137404
      rolling_friction: 0.3141693142655433
      torsion_friction: 0.5119820267037828
      thickness: 1e-3