block:
  urdf_path: block20.urdf
  asset_options:
    max_linear_velocity: 10.0
    max_angular_velocity: 40.0
  block1:
    shape_props:
      restitution: 0.3
      friction: 0.9231396804072823
      rolling_friction: 0.4837966110795635
      torsion_friction: 0.5998233403996647
      thickness: 1e-3
  block2:
    shape_props:
      restitution: 0.3
      friction: 0.003201955402904022
      rolling_friction: 0.8097699820388552
      torsion_friction: 0.2143240197709505
      thickness: 1e-3
  block3:
    shape_props:
      restitution: 0.3
      friction: 0.003201955402904022
      rolling_friction: 0.8097699820388552
      torsion_friction: 0.2143240197709505
      thickness: 1e-3