block:
  urdf_path: block1.urdf
  asset_options:
    max_linear_velocity: 10.0
    max_angular_velocity: 40.0
  block1:
    shape_props:
      restitution: 0.3
      friction: 0.2800168238515951
      rolling_friction: 0.41525385049253905
      torsion_friction: 0.004418946685083247
      thickness: 1e-3
  block2:
    shape_props:
      restitution: 0.3
      friction: 0.2800168238515951
      rolling_friction: 0.41525385049253905
      torsion_friction: 0.004418946685083247
      thickness: 1e-3
  block3:
    shape_props:
      restitution: 0.3
      friction: 0.2800168238515951
      rolling_friction: 0.41525385049253905
      torsion_friction: 0.004418946685083247
      thickness: 1e-3