block:
  urdf_path: block18.urdf
  asset_options:
    max_linear_velocity: 10.0
    max_angular_velocity: 40.0
  block1:
    shape_props:
      restitution: 0.3
      friction: 0.13953853717814946
      rolling_friction: 0.2904464435115204
      torsion_friction: 0.37183390793564086
      thickness: 1e-3
  block2:
    shape_props:
      restitution: 0.3
      friction: 0.434291598384409
      rolling_friction: 0.4013206189128796
      torsion_friction: 0.6820153846792456
      thickness: 1e-3
  block3:
    shape_props:
      restitution: 0.3
      friction: 0.13953853717814946
      rolling_friction: 0.2904464435115204
      torsion_friction: 0.37183390793564086
      thickness: 1e-3