block:
  urdf_path: block8.urdf
  asset_options:
    max_linear_velocity: 10.0
    max_angular_velocity: 40.0
  block1:
    shape_props:
      restitution: 0.3
      friction: 0.5501518170287439
      rolling_friction: 0.72270965781168
      torsion_friction: 0.14445631096003986
      thickness: 1e-3
  block2:
    shape_props:
      restitution: 0.3
      friction: 0.5501518170287439
      rolling_friction: 0.72270965781168
      torsion_friction: 0.14445631096003986
      thickness: 1e-3
  block3:
    shape_props:
      restitution: 0.3
      friction: 0.5501518170287439
      rolling_friction: 0.72270965781168
      torsion_friction: 0.14445631096003986
      thickness: 1e-3