block:
  urdf_path: block17.urdf
  asset_options:
    max_linear_velocity: 10.0
    max_angular_velocity: 40.0
  block1:
    shape_props:
      restitution: 0.3
      friction: 0.325877702360149
      rolling_friction: 0.14620137318008397
      torsion_friction: 0.05906861001648345
      thickness: 1e-3
  block2:
    shape_props:
      restitution: 0.3
      friction: 0.325877702360149
      rolling_friction: 0.14620137318008397
      torsion_friction: 0.05906861001648345
      thickness: 1e-3
  block3:
    shape_props:
      restitution: 0.3
      friction: 0.325877702360149
      rolling_friction: 0.14620137318008397
      torsion_friction: 0.05906861001648345
      thickness: 1e-3