block:
  urdf_path: block4.urdf
  asset_options:
    max_linear_velocity: 10.0
    max_angular_velocity: 40.0
  block1:
    shape_props:
      restitution: 0.3
      friction: 0.5035906942227916
      rolling_friction: 0.31656875789612937
      torsion_friction: 0.42603103025177746
      thickness: 1e-3
  block2:
    shape_props:
      restitution: 0.3
      friction: 0.8886385670077617
      rolling_friction: 0.6613462765876456
      torsion_friction: 0.02594579011374576
      thickness: 1e-3
  block3:
    shape_props:
      restitution: 0.3
      friction: 0.5035906942227916
      rolling_friction: 0.31656875789612937
      torsion_friction: 0.42603103025177746
      thickness: 1e-3