block:
  urdf_path: block13.urdf
  asset_options:
    max_linear_velocity: 10.0
    max_angular_velocity: 40.0
  block1:
    shape_props:
      restitution: 0.3
      friction: 0.9747902403853286
      rolling_friction: 0.28816025311627746
      torsion_friction: 0.36827285981962576
      thickness: 1e-3
  block2:
    shape_props:
      restitution: 0.3
      friction: 0.9405616163858578
      rolling_friction: 0.9648897473856439
      torsion_friction: 0.5117196841786695
      thickness: 1e-3
  block3:
    shape_props:
      restitution: 0.3
      friction: 0.9747902403853286
      rolling_friction: 0.28816025311627746
      torsion_friction: 0.36827285981962576
      thickness: 1e-3