0.001,0,0,0,0,0,0,0,0,0,0,0,0,0,0,0,0,0.0143252,0.999675,0.0206201,0,0.996426,-0.012558,-0.0834196,0,-0.0831351,0.0217419,-0.996301,0,0.480319,-0.0131481,0.076477,1,-0.136556,-32.8006,-0.189016,15.9659,0.221007,2.30696,0.175064,28.2567,24.1486,121.513,-23.0789,12.1112,-5.12409,-42.7052,-0.0357228,0.312443,0.00571989,-2.39989,0.0355638,2.62819,-0.833852,-0.00183604,-0.000186541,-0.000653511,0.000626373,-0.000167776,0.000562104,0.000381071,
0.035,0,0,0,0,0,0,0,0,0,0,0,0,0,0,0,0,0.0143019,0.999675,0.0206266,0,0.996423,-0.0125333,-0.0834582,0,-0.0831742,0.0217468,-0.996298,0,0.480309,-0.0131346,0.0764604,1,-0.207968,-33.2132,-0.264395,16.0016,0.214598,2.34816,0.168655,-97.5698,100.099,-38.5292,2.97797,-12.3641,-2.51546,-33.4415,-0.0357144,0.312476,0.00573662,-2.39989,0.0355645,2.62819,-0.833852,0.0017034,0.000175931,0.000251481,0.000537938,3.13857e-05,-6.61878e-06,0.000533683,
0.069,0,0,0,0,0,0,0,0,0,0,0,0,0,0,0,0,0.0143024,0.999675,0.0206281,0,0.996419,-0.0125327,-0.0835038,0,-0.0832198,0.021749,-0.996294,0,0.480296,-0.0131364,0.0764479,1,-0.136556,-33.3282,-0.189016,16.1087,0.221007,2.39668,0.208023,40.5903,-63.2005,96.4759,120.869,-2.47733,-14.4872,14.039,-0.0357194,0.312494,0.00573669,-2.3999,0.0355638,2.62817,-0.833857,-0.000274032,0.000221519,-0.000427853,-0.0011686,-0.000305086,0.000221997,-0.00126339,
0.103,0,0,0,0,0,0,0,0,0,0,0,0,0,0,0,0,0.0143121,0.999675,0.0206298,0,0.996419,-0.0125423,-0.0835006,0,-0.0832163,0.0217514,-0.996294,0,0.480298,-0.0131355,0.0764514,1,-0.061178,-33.2528,-0.264395,16.0016,0.209105,2.41041,0.121963,191.004,-134.786,-33.847,-132.244,-26.6373,23.4739,-39.126,-0.035724,0.312489,0.00574246,-2.39989,0.0355651,2.62816,-0.833847,-0.00214247,0.0010089,0.00446879,0.0033976,0.000191852,-7.41399e-05,0.00158707,
0.137,0,0,0,0,0,0,0,0,0,0,0,0,0,0,0,0,0.0143423,0.999675,0.0206244,0,0.996416,-0.0125721,-0.0835322,0,-0.0832473,0.0217489,-0.996292,0,0.480286,-0.0131542,0.0764439,1,-0.0215052,-33.2885,-0.189016,16.1087,0.214598,2.43147,0.175064,-44.6629,70.0478,-234.287,-14.7945,-2.55022,-0.426314,-23.0647,-0.0357399,0.312493,0.00572099,-2.39991,0.0355645,2.62815,-0.833853,0.00172479,0.000151464,0.00202612,0.000668615,-0.00160663,1.65688e-05,-0.00148262,
0.171,0,0,0,0,0,0,0,0,0,0,0,0,0,0,0,0,0.0143874,0.999674,0.0206147,0,0.996414,-0.0126175,-0.0835547,0,-0.083269,0.0217433,-0.99629,0,0.48028,-0.0131783,0.0764343,1,0.049906,-33.3282,-0.00255384,16.1087,0.221007,2.42415,0.175064,-51.565,161.277,-43.656,-2.42807,14.3468,-23.3371,23.4123,-0.0357546,0.312513,0.00568881,-2.39991,0.0355638,2.62814,-0.833853,0.000799651,-0.00165017,-0.000119969,0.00146745,-0.000344617,0.000136625,-0.00109233,
0.205,0,0,0,0,0,0,0,0,0,0,0,0,0,0,0,0,0.0144347,0.999674,0.0206069,0,0.996411,-0.0126648,-0.0835759,0,-0.0832893,0.0217397,-0.996288,0,0.480274,-0.0131989,0.0764233,1,0.16099,-33.3282,0.112497,16.1087,0.209105,2.40401,0.135696,-34.807,7.895,139.321,-51.9409,-12.3908,0.424812,18.422,-0.0357697,0.312536,0.00566368,-2.39991,0.0355641,2.62815,-0.833846,-0.000945715,0.000129561,-0.00188459,-0.000354236,0.000173853,-6.60573e-05,-8.58237e-05,
0.239,0,0,0,0,0,0,0,0,0,0,0,0,0,0,0,0,0.0144357,0.999674,0.0206077,0,0.99641,-0.0126655,-0.0835865,0,-0.0832998,0.0217408,-0.996287,0,0.480272,-0.0132006,0.0764176,1,0.16099,-33.2528,0.037119,16.1087,0.209105,2.41041,0.142105,51.2734,46.1979,-68.1591,-45.319,-7.17532,8.74517,24.8595,-0.035773,0.312549,0.0056633,-2.39991,0.0355651,2.62815,-0.833849,-0.000143769,-0.00152838,0.00086082,0.000203948,0.00048047,-0.000184256,-0.000234012,
0.273,0,0,0,0,0,0,0,0,0,0,0,0,0,0,0,0,0.0144488,0.999674,0.0206045,0,0.996409,-0.0126784,-0.0836048,0,-0.0833179,0.0217389,-0.996286,0,0.480265,-0.0132094,0.0764094,1,0.16099,-33.4036,0.0728246,16.1484,0.214598,2.39668,0.175064,57.5278,-84.0698,49.3114,183.99,19.3421,-4.79073,76.7521,-0.0357786,0.312563,0.00565145,-2.39991,0.0355645,2.62815,-0.833853,1.68104e-05,0.00141888,0.000551751,-0.000946052,0.000190015,0.000375535,-0.00114019,
0.307,0,0,0,0,0,0,0,0,0,0,0,0,0,0,0,0,0.0144469,0.999674,0.0206055,0,0.996407,-0.0126759,-0.0836295,0,-0.0833426,0.02174,-0.996284,0,0.480259,-0.0132065,0.0763982,1,0.16099,-33.4393,0.037119,16.1484,0.214598,2.43147,0.148513,50.9419,-114.378,5.98302,129.034,-0.686414,10.7075,70.7945,-0.0357755,0.312585,0.0056537,-2.39991,0.0355645,2.62815,-0.83385,-0.000760401,0.000532064,-0.000317441,-0.00118244,7.45619e-05,-0.000268311,-0.000323726,
0.345,0,0,0,0,0,0,0,0,0,0,0,0,0,0,0,0,0.0144544,0.999674,0.0206049,0,0.996404,-0.0126826,-0.0836634,0,-0.0833764,0.0217405,-0.996281,0,0.48025,-0.0132115,0.076385,1,0.200663,-33.5901,0.0728246,16.1484,0.221007,2.45894,0.175064,-17.3913,-85.9833,-81.5583,-0.77426,9.94671,20.8203,-0.331921,-0.0357814,0.312611,0.00564896,-2.39991,0.0355638,2.62814,-0.833853,-0.00107288,0.00106596,0.000751156,0.000294909,-0.00014506,-0.000419926,-0.000766412,
0.379,0,0,0,0,0,0,0,0,0,0,0,0,0,0,0,0,0.0145064,0.999673,0.0205997,0,0.996401,-0.0127344,-0.083689,0,-0.0834009,0.02174,-0.996279,0,0.480242,-0.0132338,0.0763738,1,0.16099,-33.6258,0.0728246,16.1841,0.221007,2.43788,0.109146,-16.5845,47.1951,2.46431,125.335,12.3412,-0.0127773,-87.2214,-0.0358099,0.312632,0.0056323,-2.39992,0.0355638,2.62814,-0.833846,-0.000852605,2.7044e-05,-5.15564e-05,-0.00108408,-0.000400449,-0.000345799,0.000828937,
0.413,0,0,0,0,0,0,0,0,0,0,0,0,0,0,0,0,0.0145551,0.999672,0.0205979,0,0.996399,-0.0127828,-0.083702,0,-0.0834129,0.0217425,-0.996278,0,0.480238,-0.0132615,0.0763687,1,0.16099,-33.6654,0.187876,16.1841,0.209105,2.46626,0.188797,-168.71,-113.121,75.5999,82.3744,-19.766,27.4776,24.6076,-0.0358553,0.312642,0.00562109,-2.39992,0.0355651,2.62814,-0.833855,-0.00158713,0.00102307,-0.00152611,-0.00315741,-0.00253911,-0.000546981,-0.00126854,
0.447,0,0,0,0,0,0,0,0,0,0,0,0,0,0,0,0,0.0146063,0.999672,0.0205859,0,0.996397,-0.0128344,-0.083722,0,-0.0834319,0.021735,-0.996276,0,0.48023,-0.0132837,0.0763658,1,0.125284,-33.6258,0.112497,16.2555,0.209105,2.47999,0.0954127,-43.8673,49.1481,47.5035,97.6138,-12.2179,-0.453004,-27.6009,-0.0358594,0.312639,0.00558275,-2.39993,0.0355651,2.62812,-0.833844,-0.000929943,0.00029527,-0.00122057,-0.00119871,0.000137596,2.3651e-06,0.00173884,
0.481,0,0,0,0,0,0,0,0,0,0,0,0,0,0,0,0,0.0146457,0.999671,0.0205774,0,0.996393,-0.0128735,-0.0837616,0,-0.0834708,0.0217303,-0.996273,0,0.480217,-0.0133044,0.0763523,1,0.200663,-33.7011,0.148203,16.2555,0.221007,2.47999,0.089004,-38.8867,-13.3336,-40.7148,-17.2135,11.7689,4.86223,-148.95,-0.0358709,0.31266,0.00555352,-2.39994,0.0355638,2.62811,-0.833844,0.00056977,0.00242893,0.000379279,4.69898e-05,-0.000354589,0.000348234,0.00202975,
0.515,0,0,0,0,0,0,0,0,0,0,0,0,0,0,0,0,0.0146145,0.999672,0.0205818,0,0.996393,-0.012842,-0.0837637,0,-0.0834735,0.0217322,-0.996273,0,0.480217,-0.0132937,0.0763487,1,0.125284,-33.7011,0.0728246,16.2198,0.221007,2.46626,0.188797,25.9545,-78.9509,138.167,18.9919,6.21788,15.8584,25.3286,-0.0358615,0.31267,0.00556503,-2.39994,0.0355639,2.62812,-0.833855,-0.000980149,0.000701322,0.00139392,0.000336829,-0.000152931,-9.78374e-05,-0.00133538,
0.549,0,0,0,0,0,0,0,0,0,0,0,0,0,0,0,0,0.0145724,0.999672,0.020589,0,0.996394,-0.0127996,-0.0837569,0,-0.0834675,0.0217357,-0.996273,0,0.480219,-0.0132702,0.0763521,1,0.049906,-33.5901,-0.0382594,16.2555,0.214598,2.46626,0.175064,35.422,148.326,34.8073,-104.374,-7.39358,-17.8311,45.4414,-0.035839,0.312662,0.00558881,-2.39994,0.0355645,2.62812,-0.833852,0.000261401,-0.000555484,-0.000159783,0.000738296,5.17347e-05,0.000235018,-0.00218435,
0.583,0,0,0,0,0,0,0,0,0,0,0,0,0,0,0,0,0.0145282,0.999673,0.0205975,0,0.996396,-0.012755,-0.0837456,0,-0.0834571,0.0217403,-0.996274,0,0.480223,-0.0132446,0.0763558,1,-0.0968836,-33.5147,-0.113638,16.1841,0.214598,2.45253,0.162246,-98.7763,103.7,-85.5294,-178.881,-2.92087,16.2088,17.6708,-0.0358185,0.312657,0.00561859,-2.39993,0.0355645,2.62812,-0.833847,0.000981402,-0.00136985,-5.07335e-05,0.001011,-0.000186047,3.4147e-05,-0.0023544,
0.617,0,0,0,0,0,0,0,0,0,0,0,0,0,0,0,0,0.0144607,0.999673,0.0206184,0,0.996397,-0.012686,-0.0837477,0,-0.0834604,0.0217556,-0.996274,0,0.480224,-0.0132056,0.0763546,1,-0.0968836,-33.5544,-0.224722,16.2198,0.221007,2.45253,0.135696,-18.3205,190.562,-239.617,-93.2196,15.0254,-9.82963,19.1365,-0.0358149,0.31266,0.00568816,-2.39993,0.0355638,2.62812,-0.833844,0.0021823,-0.00191472,0.00264455,0.00014234,0.00911824,0.00028613,0.000534239,
0.651,0,0,0,0,0,0,0,0,0,0,0,0,0,0,0,0,0.0144227,0.999674,0.020611,0,0.996396,-0.0126483,-0.0837644,0,-0.083478,0.0217452,-0.996272,0,0.480218,-0.0131884,0.0763483,1,0.125284,-33.6258,0.0728246,16.2912,0.214598,2.45894,0.0954127,-107.049,32.9072,233.259,93.3313,8.95392,-2.83382,-18.0157,-0.0357506,0.312668,0.00566222,-2.39994,0.0355645,2.62812,-0.833844,0.00393073,8.93119e-06,-0.00190352,0.0024409,3.38624e-05,0.000122809,0.00109686,
0.685,0,0,0,0,0,0,0,0,0,0,0,0,0,0,0,0,0.0143464,0.999675,0.020626,0,0.996399,-0.0125717,-0.0837372,0,-0.0834522,0.0217535,-0.996274,0,0.480227,-0.0131464,0.0763603,1,-0.172262,-33.4036,-0.224722,16.2555,0.209105,2.45253,0.102737,-56.7568,-11.9254,-8.82728,24.8936,-13.6337,13.2115,-13.2319,-0.0357193,0.312646,0.00571302,-2.39994,0.0355651,2.62812,-0.83384,6.18963e-05,0.000168549,0.000888499,-0.000960732,0.000308839,0.00281204,0.00206139,
0.719,0,0,0,0,0,0,0,0,0,0,0,0,0,0,0,0,0.0143246,0.999675,0.0206302,0,0.996398,-0.0125493,-0.0837534,0,-0.0834689,0.0217561,-0.996273,0,0.480224,-0.0131374,0.0763518,1,-0.0968836,-33.6258,-0.264395,16.2198,0.239317,2.45253,0.102737,54.2019,6.09151,-125.792,-20.1409,51.4617,10.6034,-40.2529,-0.035719,0.312665,0.00572944,-2.39994,0.0355618,2.62812,-0.833843,-0.000669226,0.00140964,0.00128955,0.000520139,-0.000724363,-0.000148688,0.00241759,
0.753,0,0,0,0,0,0,0,0,0,0,0,0,0,0,0,0,0.0143376,0.999675,0.0206308,0,0.996396,-0.0125618,-0.08377,0,-0.0834852,0.0217579,-0.996271,0,0.480219,-0.0131458,0.0763445,1,-0.061178,-33.7011,-0.224722,16.2198,0.209105,2.45894,0.188797,-38.3193,-45.5715,-125.359,-102.728,-5.80098,-26.0264,36.1939,-0.03573,0.312679,0.00572314,-2.39994,0.0355652,2.62812,-0.833851,0.000181601,-0.000940032,0.00576122,0.000571179,0.000355978,0.000232725,-0.0016833,
0.787,0,0,0,0,0,0,0,0,0,0,0,0,0,0,0,0,0.0143412,0.999675,0.0206281,0,0.996397,-0.0125659,-0.0837565,0,-0.0834717,0.0217554,-0.996273,0,0.480222,-0.0131481,0.0763508,1,-0.0968836,-33.5544,-0.149343,16.2198,0.221007,2.45253,0.181472,-66.9949,-150.336,-19.2793,-76.7286,13.2995,2.11998,100.553,-0.0357286,0.312666,0.00571781,-2.39994,0.0355638,2.62812,-0.833849,0.000690842,0.00153132,0.00456051,0.000273086,-0.000293219,0.000126794,-0.00204096,
0.821,0,0,0,0,0,0,0,0,0,0,0,0,0,0,0,0,0.0143579,0.999675,0.0206255,0,0.996397,-0.0125826,-0.0837637,0,-0.0834785,0.0217543,-0.996272,0,0.48022,-0.0131522,0.0763481,1,-0.061178,-33.6258,-0.149343,16.2555,0.209105,2.46626,0.0825953,130.045,-85.1597,-16.6626,-85.1104,-8.33333,-0.0925182,-23.6035,-0.0357332,0.312671,0.00571425,-2.39994,0.0355619,2.62812,-0.833839,0.000355058,0.00068093,-0.000168453,-0.000564615,0.000144841,0.000373046,0.00166339,
0.854,0,0,0,0,0,0,0,0,0,0,0,0,0,0,0,0,0.0143656,0.999674,0.0206257,0,0.996397,-0.0125902,-0.0837628,0,-0.0834775,0.0217551,-0.996272,0,0.480221,-0.0131596,0.076349,1,0.0142004,-33.5901,-0.149343,16.2198,0.214598,2.47999,0.175064,-14.2304,175.588,-58.241,24.6529,11.7456,30.3516,48.0136,-0.0357424,0.31267,0.00570867,-2.39994,0.0355645,2.62812,-0.833848,-0.00138854,-0.00145789,0.00078373,0.000876145,2.13378e-05,-0.000180505,-0.00190226,
0.888,0,0,0,0,0,0,0,0,0,0,0,0,0,0,0,0,0.0143939,0.999674,0.0206208,0,0.996395,-0.0126186,-0.0837764,0,-0.0834905,0.0217527,-0.996271,0,0.480217,-0.013171,0.0763451,1,0.0142004,-33.7011,-0.00255384,16.2198,0.202696,2.49373,0.121963,-103.325,-148.4,97.9557,-189.846,-25.2553,-9.65996,-50.7961,-0.0357467,0.312677,0.00569094,-2.39994,0.0355658,2.62811,-0.833843,0.00118809,0.00118992,-0.00101542,0.00328363,0.000366862,0.000210487,0.00136732,
0.922,0,0,0,0,0,0,0,0,0,0,0,0,0,0,0,0,0.0143611,0.999675,0.0206246,0,0.996395,-0.0125854,-0.0837851,0,-0.0834999,0.0217539,-0.99627,0,0.480214,-0.0131608,0.0763429,1,-0.0968836,-33.6654,-0.149343,16.2912,0.221007,2.50746,0.188797,-127.46,113.861,36.0155,-82.2362,3.06039,15.6126,148.679,-0.0357382,0.312677,0.00570208,-2.39994,0.0355638,2.62811,-0.833855,0.00155073,-0.000704428,0.000704674,-0.00018861,-0.000227741,-0.000253818,-0.00245727,
0.956,0,0,0,0,0,0,0,0,0,0,0,0,0,0,0,0,0.0143893,0.999674,0.0206215,0,0.996394,-0.0126136,-0.0837923,0,-0.0835065,0.0217533,-0.99627,0,0.480212,-0.0131673,0.076341,1,-0.0215052,-33.7011,-0.0382594,16.2912,0.214598,2.50746,0.0825953,-120.402,49.9201,-9.6819,42.2744,-10.9274,-17.7041,-35.3806,-0.0357434,0.312681,0.00569438,-2.39994,0.0355645,2.62811,-0.83384,0.00123362,-0.000723944,-0.00163521,-0.000169273,-3.39582e-06,-0.000101121,0.00186203,
0.99,0,0,0,0,0,0,0,0,0,0,0,0,0,0,0,0,0.01441,0.999674,0.0206202,0,0.996392,-0.0126339,-0.0838142,0,-0.083528,0.021754,-0.996268,0,0.480206,-0.0131774,0.0763325,1,0.125284,-33.7765,-0.0382594,16.2555,0.209105,2.50746,0.089004,148.103,-32.4954,-115.537,-11.5405,-11.3347,-6.36991,-16.5,-0.0357569,0.312698,0.00568719,-2.39994,0.0355651,2.6281,-0.83384,-0.00246438,-1.4411e-05,-0.000512045,0.00085199,0.000348544,0.000223021,0.000704401,
1.024,0,0,0,0,0,0,0,0,0,0,0,0,0,0,0,0,0.0143979,0.999674,0.0206214,0,0.996391,-0.0126214,-0.0838255,0,-0.0835395,0.0217543,-0.996267,0,0.480204,-0.0131719,0.0763296,1,0.0142004,-33.7765,-0.073965,16.2198,0.214598,2.52852,0.0761866,-95.5075,-67.279,-33.8951,-148.15,7.01646,5.75723,-111.699,-0.0357494,0.312704,0.00569049,-2.39994,0.0355644,2.62809,-0.833841,0.000677227,-7.37277e-05,0.00320727,0.00166082,-0.00311683,2.52614e-06,0.00213345,
1.058,0,0,0,0,0,0,0,0,0,0,0,0,0,0,0,0,0.0143952,0.999674,0.0206227,0,0.996387,-0.0126176,-0.0838746,0,-0.0835887,0.021756,-0.996263,0,0.480188,-0.0131697,0.0763175,1,0.0142004,-33.8162,-0.073965,16.3666,0.221007,2.59077,0.0954127,56.6906,110.475,-4.18805,21.5568,22.648,37.5673,10.8675,-0.0357462,0.312716,0.00569052,-2.39996,0.0355638,2.62807,-0.833841,0.000928525,-0.000420995,0.000591763,-0.00023064,-0.000388601,-0.00155291,0.000631916,
1.092,0,0,0,0,0,0,0,0,0,0,0,0,0,0,0,0,0.0143964,0.999674,0.0206245,0,0.996382,-0.0126173,-0.083937,0,-0.083651,0.0217587,-0.996258,0,0.480166,-0.0131729,0.0762962,1,0.049906,-33.8519,-0.0382594,16.4023,0.214598,2.56972,0.181472,24.5682,32.4304,-45.3781,32.0087,-7.4632,-14.5012,22.4196,-0.0357517,0.312745,0.00568799,-2.39998,0.0355645,2.62806,-0.833849,0.000726424,-0.000479319,0.0010404,-0.00101713,-9.70888e-05,-0.00100616,-0.00154087,
1.126,0,0,0,0,0,0,0,0,0,0,0,0,0,0,0,0,0.0144088,0.999674,0.0206234,0,0.996378,-0.0126289,-0.0839742,0,-0.0836879,0.0217591,-0.996254,0,0.480152,-0.0131771,0.0762824,1,0.0895788,-33.8519,-0.00255384,16.438,0.214598,2.55598,0.155838,-63.9313,26.8826,-11.3093,132.044,8.83442,-0.820088,26.9027,-0.0357554,0.312763,0.00568255,-2.39999,0.0355645,2.62806,-0.833846,-3.7909e-05,-0.000557114,-0.000879466,-0.000868916,-8.35349e-05,0.000596044,-0.00160892,
1.16,0,0,0,0,0,0,0,0,0,0,0,0,0,0,0,0,0.0144072,0.999674,0.0206238,0,0.996378,-0.0126272,-0.0839761,0,-0.0836899,0.0217594,-0.996254,0,0.480154,-0.0131734,0.0762818,1,0.0142004,-33.8519,-0.0382594,16.3309,0.209105,2.58345,0.109146,-85.8201,-81.207,-5.5324,-111.638,-11.6158,41.2121,3.24163,-0.0357495,0.312767,0.0056841,-2.39999,0.0355651,2.62805,-0.833841,0.00124073,-0.000396391,0.00527807,-0.00581006,0.00223347,-0.000719737,0.000866084,
1.194,0,0,0,0,0,0,0,0,0,0,0,0,0,0,0,0,0.0144037,0.999674,0.0206259,0,0.996376,-0.012623,-0.0840019,0,-0.0837158,0.0217615,-0.996252,0,0.480144,-0.0131695,0.0762733,1,0.049906,-33.8916,-0.073965,16.438,0.214598,2.58345,0.0825953,174.715,51.08,10.4658,40.5298,5.86283,2.63989,-42.7306,-0.0357492,0.312777,0.0056905,-2.4,0.0355645,2.62805,-0.833838,-0.000893097,3.12481e-05,-0.00100912,-0.000692263,-4.30388e-05,-0.000104197,0.00143829,
1.228,0,0,0,0,0,0,0,0,0,0,0,0,0,0,0,0,0.0143941,0.999674,0.0206277,0,0.996374,-0.0126128,-0.0840237,0,-0.0837377,0.0217627,-0.99625,0,0.480136,-0.013169,0.0762668,1,0.0142004,-33.8519,-0.073965,16.4023,0.209105,2.59077,0.135696,-73.5728,79.1659,-11.5926,-32.5305,-3.01001,10.3932,64.0514,-0.0357491,0.312783,0.00569075,-2.40001,0.0355651,2.62804,-0.833848,0.000651847,-0.000825871,0.000405205,0.00341019,0.000106385,-0.000197125,-0.000537333,
1.262,0,0,0,0,0,0,0,0,0,0,0,0,0,0,0,0,0.0143815,0.999674,0.0206305,0,0.996373,-0.0125996,-0.0840429,0,-0.0837572,0.0217648,-0.996248,0,0.480128,-0.0131595,0.0762583,1,-0.0215052,-33.8916,-0.189016,16.4023,0.221007,2.56972,0.121963,122.709,58.5412,-180.103,-68.187,14.2304,-25.7771,-38.0382,-0.0357427,0.312795,0.00570246,-2.40002,0.0355638,2.62805,-0.833842,-0.00123924,8.96239e-05,0.00391269,-0.00100962,-0.000299143,0.000452932,0.000137859,
1.296,0,0,0,0,0,0,0,0,0,0,0,0,0,0,0,0,0.0143611,0.999674,0.0206346,0,0.99637,-0.0125782,-0.0840765,0,-0.0837912,0.0217675,-0.996246,0,0.480115,-0.0131508,0.0762485,1,-0.0215052,-33.9273,-0.189016,16.5134,0.214598,2.60451,0.175064,99.2005,-86.4479,-24.4771,189.417,-0.953128,16.4189,91.237,-0.0357346,0.312803,0.00571033,-2.40004,0.0355645,2.62804,-0.833848,-0.000713469,0.000808563,7.29465e-05,-0.000957746,-0.000135764,-0.000306738,-0.00254426,
1.33,0,0,0,0,0,0,0,0,0,0,0,0,0,0,0,0,0.014354,0.999674,0.020636,0,0.996369,-0.0125706,-0.084095,0,-0.0838098,0.0217686,-0.996244,0,0.480104,-0.013147,0.0762433,1,-0.061178,-33.8519,-0.224722,16.4777,0.214598,2.58345,0.181472,-49.0906,88.6493,-133.363,71.8706,8.26246,-10.5844,33.6746,-0.0357312,0.312799,0.00571387,-2.40006,0.0355645,2.62804,-0.833849,1.45093e-07,-0.00125014,0.00131622,-0.00770014,-0.000222365,-0.00700268,-0.00259677,
1.364,0,0,0,0,0,0,0,0,0,0,0,0,0,0,0,0,0.0143616,0.999674,0.0206349,0,0.996368,-0.012578,-0.0841038,0,-0.0838185,0.0217683,-0.996243,0,0.480101,-0.0131487,0.0762404,1,-0.0968836,-33.8916,-0.149343,16.4777,0.196288,2.59077,0.155838,-11.5953,-41.7028,108.471,14.541,-28.2379,28.2795,-3.65258,-0.0357285,0.312802,0.00570787,-2.40007,0.0355665,2.62804,-0.833847,0.000229135,0.00127835,-0.00213134,-0.000780168,-0.00442339,-3.30092e-05,-0.000699737,
1.398,0,0,0,0,0,0,0,0,0,0,0,0,0,0,0,0,0.0143604,0.999674,0.0206363,0,0.996365,-0.012576,-0.0841405,0,-0.0838552,0.02177,-0.99624,0,0.480085,-0.0131512,0.0762308,1,0.0142004,-33.9273,-0.189016,16.5491,0.221007,2.61091,0.181472,78.284,-64.2384,-170.486,-77.0739,10.0935,-5.60195,88.9897,-0.0357385,0.312807,0.00571125,-2.40009,0.0355638,2.62803,-0.833853,-0.00135785,0.000353248,0.00208264,0.0010462,-0.000274272,0.000147115,-0.00164008,
1.432,0,0,0,0,0,0,0,0,0,0,0,0,0,0,0,0,0.0143841,0.999674,0.0206308,0,0.996359,-0.0125987,-0.0842024,0,-0.0839167,0.0217672,-0.996235,0,0.480055,-0.0131648,0.0762146,1,0.049906,-33.8916,-0.073965,16.6205,0.2265,2.61824,0.181472,-23.1443,-35.9416,-134.546,81.3092,10.1518,12.7712,46.7689,-0.0357492,0.312805,0.0056937,-2.40014,0.03556,2.62802,-0.833854,-0.00499648,-0.00031778,-0.00238691,-0.00341911,-0.000296993,-0.000359561,-0.00131878,
1.466,0,0,0,0,0,0,0,0,0,0,0,0,0,0,0,0,0.0143729,0.999674,0.0206314,0,0.99636,-0.0125876,-0.0841978,0,-0.0839123,0.0217669,-0.996235,0,0.480056,-0.0131577,0.0762152,1,-0.061178,-33.8916,-0.189016,16.5134,0.239317,2.58345,0.142105,-13.6751,4.6424,-188.78,-80.1722,0.0573282,-8.7719,2.68209,-0.0357407,0.312805,0.00569964,-2.40014,0.0355585,2.62802,-0.833849,0.00140499,0.000773189,0.00171239,0.000744352,-0.000389682,0.000334536,0.00110452,
1.5,0,0,0,0,0,0,0,0,0,0,0,0,0,0,0,0,0.0143628,0.999674,0.0206331,0,0.99636,-0.0125772,-0.0842039,0,-0.0839186,0.0217678,-0.996235,0,0.480053,-0.0131585,0.0762133,1,-0.0215052,-33.8519,-0.113638,16.5848,0.232909,2.59077,0.228164,28.8841,81.9135,23.2356,-3.43741,-17.3675,-30.8619,32.3492,-0.0357402,0.312805,0.00569731,-2.40014,0.035561,2.62802,-0.833864,-0.000549861,-0.00039375,-0.000386389,-0.000403744,0.00027113,0.000297572,-0.00132838,
1.534,0,0,0,0,0,0,0,0,0,0,0,0,0,0,0,0,0.0143347,0.999675,0.0206342,0,0.996359,-0.0125489,-0.0842122,0,-0.0839275,0.0217667,-0.996234,0,0.48005,-0.0131494,0.0762105,1,-0.136556,-33.8916,-0.189016,16.6205,0.244811,2.59718,0.241897,-127.323,-10.1894,-71.6816,-25.1389,0.999421,-11.0645,90.2864,-0.0357297,0.312808,0.00570498,-2.40015,0.0355564,2.62802,-0.83387,0.00203521,0.000394735,0.000218828,-0.000856045,-0.000237775,0.000205588,-0.0029847,
1.568,0,0,0,0,0,0,0,0,0,0,0,0,0,0,0,0,0.014339,0.999675,0.0206341,0,0.996361,-0.0125537,-0.0841924,0,-0.0839076,0.0217667,-0.996236,0,0.480057,-0.0131484,0.0762161,1,-0.0968836,-33.8162,-0.224722,16.5134,0.244811,2.56972,0.168655,-15.7022,-71.0789,-193.456,-80.9167,-1.81918,13.0172,27.4889,-0.035731,0.312802,0.00570846,-2.40014,0.0355564,2.62803,-0.833863,0.000574716,0.000981395,0.00234735,0.000647682,6.81096e-05,6.62851e-05,-0.000356129,
1.602,0,0,0,0,0,0,0,0,0,0,0,0,0,0,0,0,0.0143539,0.999674,0.0206305,0,0.99636,-0.0125686,-0.0842048,0,-0.0839197,0.0217645,-0.996235,0,0.480052,-0.01316,0.0762132,1,-0.0215052,-33.8162,-0.073965,16.6205,0.251219,2.59077,0.162246,-70.2325,295.566,32.3784,195.58,3.52346,4.30874,-0.675785,-0.0357402,0.312803,0.00569477,-2.40015,0.0355557,2.62802,-0.83387,0.000141505,-0.00258339,-0.000310703,-0.00111449,-0.000262518,-0.000133548,-0.00216551,
1.636,0,0,0,0,0,0,0,0,0,0,0,0,0,0,0,0,0.0143328,0.999675,0.0206345,0,0.996361,-0.0125475,-0.0841862,0,-0.0839015,0.0217664,-0.996236,0,0.480057,-0.0131505,0.0762182,1,-0.0968836,-33.7408,-0.189016,16.5848,0.244811,2.54866,0.195205,-28.4583,42.7636,4.75753,161.092,-12.8828,-9.16822,-29.2688,-0.0357325,0.312795,0.00570592,-2.40015,0.0355574,2.62803,-0.833874,0.000201495,0.000213306,0.00105243,0.00150859,0.000262237,0.00030071,-0.000477076,
1.67,0,0,0,0,0,0,0,0,0,0,0,0,0,0,0,0,0.0142995,0.999675,0.0206383,0,0.996364,-0.0125147,-0.084158,0,-0.083874,0.0217671,-0.996239,0,0.480067,-0.0131355,0.0762251,1,-0.136556,-33.6654,-0.264395,16.4777,0.251219,2.51478,0.168655,149.518,58.9278,-12.93,-66.3667,-30.8951,-6.44724,9.86627,-0.0357194,0.312789,0.00572304,-2.40014,0.0355556,2.62804,-0.833876,-0.000335326,0.000279557,-0.0023745,-0.0059131,0.000336627,-0.000174893,5.73178e-05,
1.704,0,0,0,0,0,0,0,0,0,0,0,0,0,0,0,0,0.0142896,0.999675,0.0206384,0,0.996363,-0.0125044,-0.0841752,0,-0.0838914,0.0217666,-0.996237,0,0.480062,-0.0131347,0.0762201,1,-0.136556,-33.7765,-0.149343,16.5134,0.263121,2.54866,0.195205,-6.17696,-82.5948,133.415,-96.9362,12.2961,-3.09191,-5.35893,-0.0357162,0.312797,0.00572136,-2.40014,0.0355543,2.62803,-0.833884,-0.00012683,0.000721963,-0.00122074,0.00038744,-2.13173e-05,9.88523e-05,8.79756e-05,
1.738,0,0,0,0,0,0,0,0,0,0,0,0,0,0,0,0,0.0143027,0.999675,0.0206385,0,0.996364,-0.0125179,-0.0841596,0,-0.0838755,0.0217676,-0.996238,0,0.480067,-0.0131391,0.0762251,1,-0.061178,-33.6654,-0.189016,16.4777,0.256712,2.54225,0.188797,52.0184,-86.5367,-47.3648,-15.1218,-5.43023,19.6236,36.056,-0.0357271,0.312789,0.00572312,-2.40014,0.035555,2.62804,-0.83388,-0.000796462,0.000364851,-0.000181369,-0.00614755,0.000222813,-0.00062687,-0.000675811,
1.772,0,0,0,0,0,0,0,0,0,0,0,0,0,0,0,0,0.0142943,0.999675,0.0206391,0,0.996365,-0.0125096,-0.0841493,0,-0.0838654,0.0217673,-0.996239,0,0.480069,-0.0131352,0.076229,1,-0.0968836,-33.6258,-0.264395,16.4777,0.263121,2.52119,0.148513,62.517,-167.231,-49.7283,-25.912,-3.81053,-10.8655,-26.0075,-0.0357229,0.312781,0.00572699,-2.40014,0.0355543,2.62804,-0.83388,-0.000752757,0.0009756,0.00130986,-0.000210096,2.19875e-05,-0.000114783,0.00208696,
1.806,0,0,0,0,0,0,0,0,0,0,0,0,0,0,0,0,0.0142443,0.999676,0.0206455,0,0.996365,-0.0124592,-0.0841533,0,-0.0838704,0.0217696,-0.996239,0,0.480069,-0.0131133,0.0762278,1,-0.319052,-33.6654,-0.339773,16.5134,0.275023,2.54225,0.175064,-164.824,-54.7704,3.87062,27.5338,-13.3323,17.6,-27.6379,-0.0357001,0.312784,0.00574739,-2.40014,0.035553,2.62804,-0.833887,0.0018732,9.57875e-05,0.00181348,-0.000496459,0.00014647,-0.000543731,0.00211905,
1.84,0,0,0,0,0,0,0,0,0,0,0,0,0,0,0,0,0.0141319,0.999677,0.0206646,0,0.996367,-0.0123457,-0.0841476,0,-0.0838669,0.0217791,-0.996239,0,0.48007,-0.0130628,0.0762303,1,-0.283346,-33.5544,-0.411184,16.5491,0.293334,2.52119,0.195205,62.6855,1.47099,-34.132,252.847,7.43333,-24.5417,-15.3257,-0.0356711,0.312776,0.00581604,-2.40014,0.0355462,2.62804,-0.833898,0.00314072,-0.000305619,0.0034883,-0.00197186,-0.000246356,0.000313485,0.00127824,
1.874,0,0,0,0,0,0,0,0,0,0,0,0,0,0,0,0,0.0139713,0.999679,0.0206823,0,0.996369,-0.0121841,-0.0841449,0,-0.0838674,0.0217832,-0.996239,0,0.480074,-0.0129971,0.07623,1,-0.434103,-33.5901,-0.561941,16.4777,0.305235,2.51478,0.268447,-8.53339,-39.0537,-53.1518,1.0328,9.91902,0.792653,-6.22436,-0.0355911,0.31278,0.0058671,-2.40014,0.0355449,2.62804,-0.833929,0.000418606,-0.000161776,0.00530662,-0.000223458,-9.62628e-05,9.32203e-05,-0.001102,
1.908,0,0,0,0,0,0,0,0,0,0,0,0,0,0,0,0,0.0138845,0.99968,0.0207063,0,0.996367,-0.0120948,-0.084181,0,-0.0839052,0.0218004,-0.996235,0,0.480066,-0.0129442,0.076218,1,-0.469808,-33.8916,-0.561941,16.4777,0.293334,2.59718,0.181472,52.3257,-55.039,62.2865,-127.084,-3.79295,-7.44356,-13.9149,-0.0355653,0.312803,0.00594205,-2.40014,0.0355462,2.62803,-0.833921,-0.000570033,0.000927911,0.00113773,0.00117495,0.000210438,-0.000305509,0.000948243,
1.942,0,0,0,0,0,0,0,0,0,0,0,0,0,0,0,0,0.0139137,0.999679,0.0207032,0,0.996362,-0.0121229,-0.0842413,0,-0.0839649,0.0218004,-0.99623,0,0.480048,-0.0129618,0.0761946,1,-0.319052,-34.1137,-0.411184,16.5848,0.311644,2.59718,0.234573,89.6549,-65.8082,78.6456,-5.21314,21.1758,-16.1302,-34.8075,-0.0355881,0.312843,0.00592825,-2.40015,0.0355441,2.62802,-0.833927,-0.00107227,0.00312345,-0.00187969,0.000193793,-0.000362312,0.000168934,-0.000782184,
1.976,0,0,0,0,0,0,0,0,0,0,0,0,0,0,0,0,0.0134537,0.999683,0.0208106,0,0.996327,-0.0116449,-0.0847242,0,-0.0844567,0.0218744,-0.996187,0,0.479919,-0.0128789,0.0760453,1,-0.207968,-32.7649,-0.3001,15.597,0.329039,2.31428,0.0954127,16.004,-28.063,-92.1631,-20.9057,-1.56672,-12.0081,5.88893,-0.0356584,0.313099,0.00613523,-2.40019,0.0355422,2.62783,-0.834267,-0.00477695,0.0122848,0.0103129,-0.00668718,4.30965e-05,-0.0102274,-0.00983352,
2.01,0,0,0,0,0,0,0,0,0,0,0,0,0,0,0,0,0.0133437,0.999683,0.020911,0,0.996248,-0.0115059,-0.0856674,0,-0.0854013,0.0219761,-0.996104,0,0.479641,-0.0128147,0.0756269,1,-0.172262,-33.0664,-0.073965,15.597,0.311644,2.16231,0.135696,24.1228,-1.78247,-25.8618,45.4124,14.0746,12.5395,24.2088,-0.0358115,0.313882,0.00637365,-2.40032,0.0355441,2.62779,-0.834324,-0.00312768,0.0362118,0.00189413,0.00212629,-0.000180835,0.000300838,-0.00166066,
2.044,0,0,0,0,0,0,0,0,0,0,0,0,0,0,0,0,0.013463,0.999681,0.0209021,0,0.996236,-0.011623,-0.085782,0,-0.0855134,0.0219788,-0.996095,0,0.479576,-0.0128594,0.0751399,1,0.049906,-32.8402,0.112497,15.1606,0.293334,2.0442,0.0825953,11.3151,-17.6034,-41.6181,-265.797,6.5174,31.2732,-9.05264,-0.0359485,0.315066,0.00642169,-2.4003,0.0355472,2.62883,-0.834319,-0.00305499,0.0389356,0.000583831,0.0044484,9.70352e-05,0.049497,-0.00102484,
2.078,0,0,0,0,0,0,0,0,0,0,0,0,0,0,0,0,0.013557,0.999681,0.0208445,0,0.996296,-0.0117373,-0.0850711,0,-0.0848009,0.021921,-0.996157,0,0.479735,-0.0129214,0.074728,1,0.200663,-32.6538,0.223581,14.9424,0.299742,1.96821,0.121963,129.278,-22.4684,4.47955,-28.9499,9.59721,-26.3582,41.5434,-0.0360469,0.316292,0.00642636,-2.40012,0.0355491,2.6306,-0.834335,-0.00505971,0.0376487,0.000783236,0.0098406,2.4612e-05,0.0502291,-0.00202534,
2.112,0,0,0,0,0,0,0,0,0,0,0,0,0,0,0,0,0.0135817,0.999682,0.0207803,0,0.996372,-0.0117871,-0.0841693,0,-0.0838992,0.0218485,-0.996235,0,0.480059,-0.0130073,0.0743894,1,0.311747,-32.4276,0.560801,14.867,0.293334,1.91328,0.069778,-10.5977,101.49,234.738,126.705,3.23606,-15.4952,27.3049,-0.0361355,0.317601,0.00638564,-2.39954,0.0355465,2.63223,-0.834445,-0.00106862,0.0328747,-0.00155511,0.0260561,1.05893e-05,0.0399647,-0.000251747,
2.146,0,0,0,0,0,0,0,0,0,0,0,0,0,0,0,0,0.0137554,0.99968,0.0207477,0,0.996417,-0.0119752,-0.0836131,0,-0.0833395,0.0218239,-0.996282,0,0.480411,-0.013113,0.0741498,1,0.422831,-32.4276,0.485422,14.6845,0.26953,1.86476,0.0761866,32.2287,27.3495,-13.7069,157.697,-10.1478,12.3178,79.3645,-0.0363044,0.318789,0.00637019,-2.39864,0.0355478,2.63308,-0.834461,-0.00707187,0.0332447,0.000323027,0.0334353,-0.00652426,0.016018,-0.00245316,
2.18,0,0,0,0,0,0,0,0,0,0,0,0,0,0,0,0,0.0138025,0.99968,0.0207285,0,0.99648,-0.0120404,-0.0828494,0,-0.0825749,0.0217995,-0.996346,0,0.481055,-0.0131596,0.0740144,1,0.387125,-32.4633,0.560801,14.7202,0.281432,1.85744,0.069778,-145.385,138.866,20.7006,5.31776,-5.37513,9.52044,39.4897,-0.0363579,0.320216,0.00637293,-2.39694,0.0355475,2.63357,-0.83446,-0.000932776,0.0524215,-0.000358014,0.0628243,-0.000164879,0.00517928,-0.00157077,
2.214,0,0,0,0,0,0,0,0,0,0,0,0,0,0,0,0,0.013786,0.999681,0.0207235,0,0.996575,-0.0120497,-0.0816924,0,-0.0814181,0.0217791,-0.996442,0,0.482199,-0.0131864,0.0740051,1,0.236368,-32.5387,0.29896,14.5377,0.26953,1.75398,0.00294445,47.3471,-167.48,8.61424,-138.351,2.77682,0.508352,-11.9953,-0.0363561,0.322191,0.00638434,-2.39385,0.0355499,2.63362,-0.834449,-0.00137518,0.0640252,0.00109997,0.113866,0.000300051,-0.00381298,0.00155365,
2.248,0,0,0,0,0,0,0,0,0,0,0,0,0,0,0,0,0.0137131,0.999681,0.0207294,0,0.996701,-0.0120102,-0.0801524,0,-0.0798794,0.0217605,-0.996567,0,0.483751,-0.0131838,0.0740216,1,0.125284,-32.8006,0.223581,13.9188,0.263121,1.60933,-0.0364232,98.0488,-22.734,113.826,-217.754,-7.39611,8.86287,-2.0334,-0.0363112,0.324797,0.00643223,-2.38965,0.0355543,2.63357,-0.834411,0.00335713,0.0927403,-0.00160687,0.147625,-3.81882e-05,-0.00497806,0.00195381,
2.282,0,0,0,0,0,0,0,0,0,0,0,0,0,0,0,0,0.0136986,0.999682,0.0207358,0,0.996835,-0.0120323,-0.078455,0,-0.0781821,0.0217454,-0.996702,0,0.485826,-0.0132312,0.0738847,1,0.347452,-32.8759,0.449717,14.2481,0.256712,1.602,-0.00987293,9.74991,37.5447,50.5484,14.0317,7.1993,-8.12879,-21.7852,-0.036304,0.32879,0.00644527,-2.3837,0.035555,2.63331,-0.834379,-0.0061658,0.133171,-0.00119182,0.195999,-0.000236191,-0.0111834,0.00115235,
2.316,0,0,0,0,0,0,0,0,0,0,0,0,0,0,0,0,0.0137341,0.99968,0.0207631,0,0.996948,-0.0120973,-0.0770008,0,-0.0767265,0.0217577,-0.996815,0,0.488349,-0.013322,0.0734581,1,0.498209,-32.5387,0.636179,13.8077,0.244811,1.41524,-0.0364232,-23.7456,31.3866,-113.013,87.2695,-3.15794,-13.8398,-95.5538,-0.0363394,0.334469,0.00643316,-2.3759,0.0355564,2.63266,-0.834367,-0.000343836,0.18286,-0.0018463,0.245682,3.97841e-05,-0.0149977,0.0020499,
2.35,0,0,0,0,0,0,0,0,0,0,0,0,0,0,0,0,0.013768,0.999679,0.0207929,0,0.997067,-0.0121629,-0.0754391,0,-0.0751635,0.0217709,-0.996934,0,0.491265,-0.0134263,0.0727849,1,0.609293,-33.4036,0.711558,14.4306,0.239317,1.43629,-0.00987293,20.955,-114.085,-107.15,-135.094,-21.8647,-26.9584,15.0802,-0.036375,0.34152,0.00641826,-2.36672,0.0355566,2.63209,-0.83436,-0.00071093,0.221367,-0.000136607,0.278824,0.00019043,-0.0237644,0.00120495,
2.384,0,0,0,0,0,0,0,0,0,0,0,0,0,0,0,0,0.0138695,0.999678,0.0208064,0,0.997189,-0.0122993,-0.0737867,0,-0.0735084,0.0217717,-0.997057,0,0.494494,-0.0135829,0.0717914,1,0.90684,-32.9513,0.973398,14.137,0.239317,1.16621,0.0496363,48.1824,-12.9167,-59.1774,17.1712,22.7024,10.6657,14.0305,-0.0364494,0.349977,0.0063638,-2.35637,0.035557,2.63185,-0.834368,-0.00194482,0.260051,0.000833468,0.316837,-0.000263095,0.00260247,-0.00155814,
2.418,0,0,0,0,0,0,0,0,0,0,0,0,0,0,0,0,0.0140528,0.999675,0.0208074,0,0.997349,-0.0125309,-0.0715476,0,-0.071265,0.0217581,-0.99722,0,0.498146,-0.013798,0.0707842,1,0.90684,-32.9513,1.0091,13.6609,0.214598,0.951979,0.056045,5.39364,140.042,-76.4171,54.7805,-5.67958,5.122,20.2465,-0.0366086,0.359137,0.00630765,-2.34491,0.0355597,2.6318,-0.834377,-0.00863501,0.283341,-0.00308518,0.358368,8.34976e-05,0.000249519,-0.00141732,
2.452,0,0,0,0,0,0,0,0,0,0,0,0,0,0,0,0,0.0141163,0.999674,0.0208308,0,0.997498,-0.0126392,-0.0694158,0,-0.0691312,0.021759,-0.99737,0,0.501996,-0.0139567,0.0697575,1,1.01792,-33.5544,1.15986,13.5895,0.196288,0.986769,0.0294947,17.855,52.264,38.8482,-55.189,-4.61088,61.2151,-18.2782,-0.0366595,0.368739,0.00626214,-2.33263,0.0355618,2.63125,-0.834382,9.64247e-05,0.285782,-0.00109762,0.371232,0.000766116,-0.0303187,-0.0014504,
2.486,0,0,0,0,0,0,0,0,0,0,0,0,0,0,0,0,0.0140978,0.999671,0.0209549,0,0.997546,-0.0126273,-0.0687225,0,-0.0684366,0.0218727,-0.997416,0,0.505825,-0.014081,0.0686987,1,0.982218,-33.7765,1.19953,13.9902,0.214598,1.14607,0.0230861,-160.287,55.3799,1.09418,-20.9065,-11.9708,46.6355,-111.62,-0.0366937,0.378701,0.00623274,-2.3193,0.0355597,2.62857,-0.834429,0.00420796,0.280483,-0.00143557,0.385878,-0.000154916,-0.117903,-0.00165414,
2.52,0,0,0,0,0,0,0,0,0,0,0,0,0,0,0,0,0.0140926,0.999668,0.0211264,0,0.997505,-0.012597,-0.0693261,0,-0.0690383,0.0220511,-0.99737,0,0.509224,-0.0141791,0.0673676,1,0.831461,-33.6654,0.822641,14.0616,0.202696,1.09755,0.0432277,45.1449,-104.296,-108.525,-29.6705,-14.3836,-8.07204,-54.3314,-0.036715,0.388803,0.00620377,-2.30635,0.0355611,2.62512,-0.834466,-0.00498476,0.289117,-1.96935e-05,0.362388,0.00309352,-0.0666521,3.4431e-05,
2.554,0,0,0,0,0,0,0,0,0,0,0,0,0,0,0,0,0.0139387,0.999667,0.0212654,0,0.997552,-0.0124485,-0.0686653,0,-0.068379,0.0221709,-0.997413,0,0.512923,-0.0142117,0.0662577,1,0.684672,-33.7765,0.862314,13.9188,0.232909,1.08382,0.0624537,127.67,137.508,-99.4687,5.9809,-15.9651,60.6816,-28.6155,-0.0366401,0.398614,0.00623366,-2.29331,0.0355577,2.62255,-0.834486,0.00113307,0.301456,0.00422607,0.406708,-7.50994e-05,-0.0847759,0.00262924,
2.588,0,0,0,0,0,0,0,0,0,0,0,0,0,0,0,0,0.0138861,0.999665,0.0214126,0,0.997578,-0.0123939,-0.0683098,0,-0.0680228,0.0223097,-0.997434,0,0.516471,-0.0142908,0.0652437,1,0.982218,-34.8279,1.15986,14.0616,0.232909,1.07649,0.0954127,15.0644,156.945,2.3619,43.6484,12.632,7.2016,-45.6385,-0.0366388,0.407957,0.00623389,-2.28054,0.0355577,2.61947,-0.834505,-0.000583592,0.259353,-0.000419528,0.355071,-8.5123e-05,-0.0891437,-0.00446121,
2.622,0,0,0,0,0,0,0,0,0,0,0,0,0,0,0,0,0.0137298,0.999663,0.0215787,0,0.99757,-0.0122234,-0.0684529,0,-0.0681674,0.0224666,-0.997421,0,0.519683,-0.0143558,0.0641469,1,0.720377,-34.7921,0.937693,14.137,0.275023,1.15248,0.135696,-76.6188,-15.1201,-82.3368,25.1201,12.3001,25.4763,-9.54148,-0.0366429,0.416963,0.00624448,-2.26851,0.035553,2.61629,-0.834628,0.00113883,0.238769,0.0069132,0.347235,-0.000142432,-0.118346,-0.00399008,
2.656,0,0,0,0,0,0,0,0,0,0,0,0,0,0,0,0,0.0135786,0.999661,0.021778,0,0.997492,-0.0120328,-0.0696037,0,-0.0693194,0.0226689,-0.997337,0,0.522526,-0.0144841,0.0632664,1,1.16868,-34.3042,1.23524,14.2084,0.286925,1.13234,0.148513,14.9124,-105.465,-104.728,18.0249,3.77961,-25.3966,-8.35572,-0.0367158,0.424959,0.00617135,-2.25707,0.0355506,2.61169,-0.834887,-0.00560607,0.210353,0.00214099,0.315954,-0.000376737,-0.128864,-0.00842349,
2.69,0,0,0,0,0,0,0,0,0,0,0,0,0,0,0,0,0.0133136,0.99966,0.0219877,0,0.99743,-0.0117323,-0.0705441,0,-0.0702635,0.0228708,-0.997266,0,0.525202,-0.0145817,0.0628801,1,0.942545,-35.3912,1.15986,14.2481,0.293334,1.30446,0.201614,11.1708,-35.8311,-56.0111,-87.2579,-8.1172,9.56778,44.8608,-0.0367534,0.43137,0.00610809,-2.24656,0.035551,2.60663,-0.835203,0.000712672,0.181084,0.000293197,0.306739,-0.000224103,-0.156748,-0.00949908,
2.724,0,0,0,0,0,0,0,0,0,0,0,0,0,0,0,0,0.0132294,0.999657,0.0221812,0,0.997377,-0.0116168,-0.071314,0,-0.0710333,0.0230669,-0.997207,0,0.52772,-0.0146478,0.0627713,1,1.01792,-35.8038,1.19953,15.1963,0.335448,1.45003,0.142105,-18.6227,130.53,-17.6623,-55.3848,35.9083,-29.3743,-62.3336,-0.0367711,0.436764,0.00607425,-2.23682,0.035543,2.60151,-0.835276,0.000121577,0.149893,0.00126973,0.273741,-0.000848988,-0.149582,-0.00302247,
2.758,0,0,0,0,0,0,0,0,0,0,0,0,0,0,0,0,0.0131185,0.999654,0.0223907,0,0.997304,-0.0114672,-0.0723473,0,-0.0720669,0.0232798,-0.997128,0,0.529871,-0.0146449,0.0626606,1,0.609293,-36.0299,0.973398,14.9781,0.329039,1.58827,0.168655,-122.838,168.553,77.142,-39.5535,-3.43917,18.2078,0.394106,-0.0367304,0.44152,0.00608805,-2.22819,0.035547,2.59659,-0.835291,0.00408647,0.128648,-0.00388023,0.245393,4.20165e-05,-0.15501,0.000255771,
2.792,0,0,0,0,0,0,0,0,0,0,0,0,0,0,0,0,0.013086,0.999649,0.0226063,0,0.997174,-0.0113773,-0.0741242,0,-0.0738425,0.0235129,-0.996993,0,0.53158,-0.0146785,0.0626698,1,1.01792,-36.4782,1.31062,14.9424,0.34735,1.62947,0.241897,-3.35389,178.548,23.2994,-232.878,0.670162,32.2266,-27.5324,-0.0367464,0.44532,0.00606065,-2.22063,0.0355402,2.59103,-0.835313,-0.00126332,0.095847,-0.00100584,0.210757,-0.00159314,-0.150581,-0.00169606,
2.826,0,0,0,0,0,0,0,0,0,0,0,0,0,0,0,0,0.0130585,0.999646,0.0227823,0,0.997086,-0.0113088,-0.0753096,0,-0.0750267,0.0236998,-0.9969,0,0.53318,-0.0147168,0.0628483,1,0.720377,-36.2918,0.973398,15.2677,0.377562,1.70546,0.261123,-147.622,1.74159,-22.8115,61.6574,14.9291,16.5775,17.5169,-0.0367586,0.448365,0.00602716,-2.21395,0.0355368,2.58621,-0.835333,-0.00212096,0.086661,0.000614614,0.194987,-0.00120378,-0.125476,-0.00194646,
2.86,0,0,0,0,0,0,0,0,0,0,0,0,0,0,0,0,0.0130358,0.999643,0.0229152,0,0.997052,-0.0112652,-0.0757655,0,-0.0754817,0.0238358,-0.996862,0,0.534716,-0.0147433,0.0629471,1,0.756083,-36.8908,1.0091,15.1249,0.329039,1.38777,0.221755,-134.65,-163.335,-19.2486,-5.83616,31.7658,73.5053,18.1546,-0.0367581,0.451294,0.00601607,-2.20803,0.0355464,2.58275,-0.835334,0.000578512,0.0943639,-0.000777087,0.166374,-0.000299649,-0.0779575,-0.00376106,
2.894,0,0,0,0,0,0,0,0,0,0,0,0,0,0,0,0,0.0129206,0.999643,0.0229836,0,0.997112,-0.0111637,-0.0749904,0,-0.0747085,0.0238867,-0.996919,0,0.536398,-0.0147218,0.0628347,1,0.609293,-37.117,0.89802,14.7599,0.323546,1.41524,0.129287,181.555,-72.3949,132.868,125.218,7.79171,21.2241,-25.1667,-0.036699,0.454706,0.00606714,-2.2024,0.0355428,2.58131,-0.83531,0.00358619,0.112374,-0.0012819,0.16845,9.30925e-05,-0.0358262,0.00122239,
2.928,0,0,0,0,0,0,0,0,0,0,0,0,0,0,0,0,0.0128105,0.999643,0.023028,0,0.997195,-0.0110768,-0.0738968,0,-0.0736168,0.0239105,-0.997,0,0.538248,-0.0147112,0.0624415,1,0.684672,-36.7044,1.04878,14.7599,0.329039,1.27699,0.168655,-66.5174,114.973,59.4052,19.2437,18.3372,-15.2847,-72.6226,-0.036632,0.459039,0.00610949,-2.19627,0.0355454,2.58061,-0.835295,0.000824592,0.135282,0.0024848,0.185619,-0.000329303,-0.0189874,0.000459354,
2.962,0,0,0,0,0,0,0,0,0,0,0,0,0,0,0,0,0.0128295,0.999642,0.0230502,0,0.997291,-0.0111258,-0.0725772,0,-0.0722962,0.0239194,-0.997096,0,0.540299,-0.0147718,0.061956,1,0.871134,-36.4425,1.08448,14.7202,0.323546,1.24312,0.129287,-40.3771,83.3277,21.9949,96.5008,-10.9395,33.6015,-83.6352,-0.0366472,0.463938,0.00611899,-2.18951,0.0355476,2.58007,-0.835262,0.00491286,0.148479,-0.00141874,0.212403,7.17914e-05,-0.0200486,0.00144858,
2.996,0,0,0,0,0,0,0,0,0,0,0,0,0,0,0,0,0.0128386,0.999641,0.023089,0,0.997358,-0.0111544,-0.0716484,0,-0.0713666,0.0239483,-0.997163,0,0.542353,-0.0148506,0.0614961,1,0.942545,-36.8908,1.12416,14.5377,0.335448,1.15248,0.234573,11.8485,-28.6349,-112.873,108.651,-7.39471,18.6872,93.3762,-0.036673,0.468886,0.0061,-2.18243,0.0355458,2.57887,-0.835269,0.00074507,0.148313,0.00383617,0.214312,-0.000643471,-0.0461404,-0.00171487,
3.03,0,0,0,0,0,0,0,0,0,0,0,0,0,0,0,0,0.0127552,0.99964,0.0231752,0,0.997407,-0.0110814,-0.0709691,0,-0.0706881,0.0240208,-0.997209,0,0.544477,-0.0148691,0.0611599,1,0.644999,-36.5933,0.786936,14.6131,0.353758,1.19459,0.248306,12.2423,220.199,-98.6374,8.89693,7.88448,31.6125,38.5631,-0.0366445,0.47375,0.00612614,-2.17493,0.0355443,2.57691,-0.835266,-0.00164977,0.139655,0.00519468,0.225984,-0.000499228,-0.0710817,-0.00229099,
3.064,0,0,0,0,0,0,0,0,0,0,0,0,0,0,0,0,0.0128008,0.999637,0.023304,0,0.997456,-0.0111345,-0.07028,0,-0.0699964,0.0241448,-0.997255,0,0.546926,-0.0148679,0.0609664,1,0.720377,-36.7044,0.89802,14.3195,0.275023,0.980361,0.109146,-48.6236,-21.3533,28.4545,180.916,15.6654,-9.81748,-17.7898,-0.0366264,0.478934,0.00619951,-2.16627,0.035553,2.57412,-0.835098,0.000430063,0.161586,-2.44979e-06,0.272587,3.02722e-05,-0.0913112,0.00785756,
