0.001,0,0,0,0,0,0,0,0,0,0,0,0,0,0,0,0,-0.0259851,0.999545,0.0146989,0,0.998053,0.0267722,-0.0561585,0,-0.0565275,0.0132112,-0.998314,0,0.487233,0.0034418,0.039452,1,1.91056,-33.9669,1.72322,14.2481,-0.0811171,2.18977,-0.136216,47.6293,39.6611,-31.1305,-34.4158,6.8659,-7.77477,35.5434,0.0436613,0.41945,-0.0317466,-2.37761,0.0689232,2.73964,-0.861707,-0.000137358,0.00526839,0.000564104,-4.91873e-05,-0.000156895,-0.000163382,-0.00228852,
0.035,0,0,0,0,0,0,0,0,0,0,0,0,0,0,0,0,-0.0259982,0.999544,0.014699,0,0.998052,0.0267854,-0.0561653,0,-0.0565345,0.0132105,-0.998313,0,0.48723,0.00344859,0.0394492,1,1.76377,-34.0027,1.68354,14.2838,-0.0811171,2.18977,-0.155442,-172.434,68.1564,-17.8241,101.088,-4.3623,15.6474,14.9133,0.0436746,0.419454,-0.0317458,-2.37761,0.0689231,2.73964,-0.861706,0.00161207,-0.00092073,-0.000252967,-0.000336796,8.75191e-05,-0.000289479,-0.00215798,
0.069,0,0,0,0,0,0,0,0,0,0,0,0,0,0,0,0,-0.0259785,0.999545,0.0146971,0,0.998053,0.0267655,-0.0561598,0,-0.0565287,0.0132098,-0.998314,0,0.487233,0.00344187,0.0394499,1,1.91056,-34.0423,1.72322,14.2084,-0.0811171,2.16872,-0.189316,125.535,-164.587,61.0665,-20.7953,4.19189,-19.1223,45.3511,0.0436643,0.419456,-0.0317489,-2.37761,0.0689231,2.73964,-0.861699,0.000455843,0.00124581,-0.000155783,0.00137892,-1.72763e-05,0.000262106,-0.000699517,
0.103,0,0,0,0,0,0,0,0,0,0,0,0,0,0,0,0,-0.0260086,0.999544,0.0147031,0,0.998052,0.026796,-0.0561699,0,-0.0565394,0.0132138,-0.998313,0,0.487228,0.00345879,0.0394461,1,1.76377,-34.078,1.57246,14.2838,-0.0692153,2.16231,-0.235093,140.766,-210.965,-125.554,0.980305,1.7343,5.39441,4.08023,0.0436806,0.419459,-0.0317327,-2.37761,0.0689218,2.73964,-0.861697,-0.000141654,0.00170816,0.00764516,-0.000384477,-0.000286737,8.14093e-05,0.00222521,
0.137,0,0,0,0,0,0,0,0,0,0,0,0,0,0,0,0,-0.0260327,0.999543,0.014707,0,0.998052,0.0268201,-0.0561577,0,-0.0565275,0.0132167,-0.998314,0,0.487233,0.0034677,0.0394511,1,1.76377,-33.9669,1.60816,14.2481,-0.0811171,2.16231,-0.155442,55.9083,8.96177,47.9562,-15.8422,-8.54091,-13.6367,-6.41535,0.0436904,0.419452,-0.0317257,-2.37761,0.0689231,2.73964,-0.861706,-0.00101609,-0.000245044,-0.000670245,-0.000144888,0.000105777,-0.000133755,-0.0010621,
0.171,0,0,0,0,0,0,0,0,0,0,0,0,0,0,0,0,-0.0260189,0.999544,0.0147056,0,0.998052,0.0268063,-0.0561634,0,-0.056533,0.0132159,-0.998313,0,0.487231,0.00346191,0.0394479,1,1.83518,-34.0423,1.60816,14.2481,-0.0866103,2.15498,-0.175583,59.4962,-18.2416,-65.2792,27.7352,-17.1383,-4.72891,-38.3006,0.0436824,0.419458,-0.0317288,-2.37761,0.0689237,2.73964,-0.861704,0.000371855,0.00097663,0.00308087,-0.000207532,0.000353987,0.000291644,0.000550493,
0.205,0,0,0,0,0,0,0,0,0,0,0,0,0,0,0,0,-0.026033,0.999543,0.0147075,0,0.998052,0.0268205,-0.0561583,0,-0.0565283,0.0132172,-0.998314,0,0.487232,0.00346973,0.0394519,1,1.7241,-33.8916,1.53675,14.2481,-0.0747084,2.17604,-0.149033,-5.47958,136.365,-88.4462,37.1864,1.99385,26.8085,28.6032,0.0436924,0.419448,-0.0317238,-2.37761,0.0689224,2.73964,-0.861702,0.000227434,-0.00141136,0.00125922,-0.00210153,-3.37392e-05,-0.000562069,-0.0022352,
0.239,0,0,0,0,0,0,0,0,0,0,0,0,0,0,0,0,-0.0260279,0.999543,0.0147047,0,0.998053,0.026815,-0.0561455,0,-0.0565153,0.0132149,-0.998314,0,0.487237,0.00346405,0.0394572,1,1.76377,-33.8162,1.64784,14.2084,-0.0747084,2.17604,-0.149033,8.09984,77.4145,50.3216,-143.725,9.88964,16.0384,27.0264,0.0436895,0.41944,-0.0317317,-2.37761,0.0689224,2.73964,-0.861707,-0.000929613,-0.0013506,-0.000897506,0.0015787,-2.94357e-05,-0.000185974,-0.00169411,
0.273,0,0,0,0,0,0,0,0,0,0,0,0,0,0,0,0,-0.0260174,0.999544,0.0147048,0,0.998052,0.0268048,-0.0561574,0,-0.0565271,0.0132154,-0.998314,0,0.487233,0.00346197,0.0394503,1,1.83518,-34.0027,1.60816,14.1727,-0.0692153,2.15498,-0.202134,182.11,-40.6888,19.8918,-129.902,2.81538,-30.0405,-50.2414,0.0436823,0.419455,-0.0317288,-2.37761,0.0689218,2.73964,-0.861701,-0.000748285,0.000985773,0.000341397,0.00128633,-0.000211601,0.000444109,0.00113099,
0.307,0,0,0,0,0,0,0,0,0,0,0,0,0,0,0,0,-0.0260158,0.999544,0.0147042,0,0.998053,0.026803,-0.0561505,0,-0.0565201,0.013215,-0.998314,0,0.487236,0.00346006,0.0394539,1,1.79948,-33.9273,1.64784,14.2084,-0.0747084,2.16231,-0.175583,23.1803,-1.97658,160.948,2.42433,-4.52547,-10.6952,17.0145,0.0436814,0.419448,-0.0317316,-2.37761,0.0689224,2.73964,-0.861703,-0.00365582,0.000379204,-0.000397782,-0.00175046,0.000129883,0.000217515,-0.000625176,
0.341,0,0,0,0,0,0,0,0,0,0,0,0,0,0,0,0,-0.0260263,0.999543,0.0147056,0,0.998052,0.0268137,-0.0561605,0,-0.0565302,0.0132155,-0.998313,0,0.487231,0.00346434,0.0394506,1,1.7241,-33.9669,1.60816,14.2838,-0.0747084,2.18245,-0.162766,-134.346,17.8635,-15.3182,90.4778,16.2608,30.3131,10.2896,0.0436872,0.419451,-0.0317288,-2.37761,0.0689224,2.73964,-0.861705,0.00462124,-0.000224571,0.000418199,-0.00129474,-0.000142527,-0.000537465,-0.0013196,
0.375,0,0,0,0,0,0,0,0,0,0,0,0,0,0,0,0,-0.0260171,0.999544,0.0147047,0,0.998053,0.0268044,-0.0561536,0,-0.0565232,0.0132154,-0.998314,0,0.487233,0.00346171,0.0394535,1,1.76377,-33.8916,1.60816,14.2838,-0.0811171,2.16872,-0.195725,-39.5366,75.469,-11.6446,92.8346,-22.5369,-0.25386,18.0541,0.0436841,0.419445,-0.031731,-2.37761,0.0689231,2.73964,-0.861702,0.000981878,-0.00114703,0.00543242,-0.00061906,0.000216266,3.49745e-06,0.000868224,
0.409,0,0,0,0,0,0,0,0,0,0,0,0,0,0,0,0,-0.0260079,0.999544,0.014704,0,0.998052,0.0267953,-0.0561664,0,-0.0565358,0.0132149,-0.998313,0,0.48723,0.0034604,0.039448,1,1.79948,-34.0027,1.64784,14.2838,-0.0811171,2.17604,-0.228684,71.6351,-40.7946,111.844,13.0058,-14.4518,12.337,-59.0704,0.0436824,0.419456,-0.0317316,-2.37761,0.0689231,2.73964,-0.861695,-0.000883391,-0.000126391,-0.000305308,-0.000565185,0.000365175,-0.000474293,0.00205273,
0.443,0,0,0,0,0,0,0,0,0,0,0,0,0,0,0,0,-0.0260281,0.999543,0.0147064,0,0.998052,0.0268155,-0.056157,0,-0.0565268,0.0132163,-0.998314,0,0.487233,0.00346622,0.0394514,1,1.76377,-33.9273,1.57246,14.2481,-0.0747084,2.16231,-0.175583,86.0787,198.168,-50.4473,31.5378,-3.18041,-4.58283,14.2888,0.0436881,0.419451,-0.0317263,-2.37761,0.0689224,2.73964,-0.861704,-0.000988664,-0.00248094,0.000597603,-0.000211343,-5.06096e-05,-1.89829e-05,-0.00077186,
0.477,0,0,0,0,0,0,0,0,0,0,0,0,0,0,0,0,-0.0260329,0.999543,0.0147069,0,0.998052,0.0268204,-0.0561655,0,-0.0565354,0.0132164,-0.998313,0,0.48723,0.00346649,0.0394481,1,1.76377,-34.0027,1.60816,14.2838,-0.0747084,2.16872,-0.136216,19.0987,2.43808,-41.7932,39.9974,7.41148,4.87147,25.0499,0.0436881,0.419456,-0.0317257,-2.37761,0.0689225,2.73964,-0.861708,-0.000336959,0.000324477,-0.000455575,-0.000789506,-6.66389e-05,1.99244e-05,-0.00159739,
0.511,0,0,0,0,0,0,0,0,0,0,0,0,0,0,0,0,-0.026004,0.999544,0.0147029,0,0.998052,0.0267914,-0.0561686,0,-0.056538,0.0132139,-0.998313,0,0.487228,0.00345282,0.0394466,1,1.87486,-34.0027,1.64784,14.2838,-0.0866103,2.16872,-0.149033,43.228,74.9019,-66.7481,140.182,-8.47035,6.13467,28.6536,0.0436732,0.419459,-0.0317369,-2.37761,0.0689248,2.73964,-0.861707,-3.44531e-05,-8.85277e-05,0.00135108,0.00125855,0.000480962,4.17063e-05,-0.00182806,
0.545,0,0,0,0,0,0,0,0,0,0,0,0,0,0,0,0,-0.0260019,0.999544,0.014702,0,0.998052,0.0267892,-0.0561652,0,-0.0565345,0.0132132,-0.998313,0,0.487229,0.00345495,0.0394485,1,1.79948,-33.9669,1.64784,14.3195,-0.0811171,2.16231,-0.222275,-72.1644,161.594,12.2497,281.361,-5.84455,-5.17564,12.4046,0.0436775,0.419454,-0.031737,-2.37761,0.0689231,2.73964,-0.861699,0.000270765,-0.00113136,0.000210131,-0.00195821,0.000196781,0.000316451,0.00130927,
0.579,0,0,0,0,0,0,0,0,0,0,0,0,0,0,0,0,-0.0260005,0.999544,0.0147027,0,0.998053,0.0267879,-0.0561614,0,-0.0565307,0.0132141,-0.998313,0,0.487232,0.00345583,0.0394497,1,1.83518,-33.9669,1.64784,14.2481,-0.0811171,2.16872,-0.235093,22.4833,93.9989,-42.9641,31.998,3.39176,-13.2813,-48.6462,0.0436767,0.419455,-0.0317348,-2.37761,0.0689231,2.73964,-0.861696,0.00441364,-0.000644919,0.000479721,-0.000687812,0.000211711,0.000246601,0.00141573,
0.613,0,0,0,0,0,0,0,0,0,0,0,0,0,0,0,0,-0.0260136,0.999544,0.0147024,0,0.998053,0.0268008,-0.0561546,0,-0.0565241,0.0132133,-0.998314,0,0.487234,0.00345764,0.0394511,1,1.76377,-33.9669,1.64784,14.2084,-0.0747084,2.16872,-0.169175,57.0112,-51.487,-7.38268,-22.5286,2.96898,4.58564,24.5525,0.0436812,0.419454,-0.0317355,-2.37761,0.0689224,2.73964,-0.861705,0.00363516,0.000301379,-0.00648846,0.00179014,0.000228339,3.3046e-05,-0.00147854,
0.647,0,0,0,0,0,0,0,0,0,0,0,0,0,0,0,0,-0.0260163,0.999544,0.0147044,0,0.998052,0.0268037,-0.0561671,0,-0.0565367,0.0132147,-0.998313,0,0.487229,0.00345995,0.0394475,1,1.76377,-34.0027,1.60816,14.2838,-0.0747084,2.17604,-0.169175,-105.875,56.8722,-19.0086,146.682,4.39915,21.5705,6.40281,0.0436812,0.419457,-0.0317313,-2.37761,0.0689224,2.73964,-0.861704,0.000979129,-0.000464773,0.00102823,-0.00191145,-5.28515e-05,-0.000212282,-0.00031494,
0.681,0,0,0,0,0,0,0,0,0,0,0,0,0,0,0,0,-0.0260079,0.999544,0.0147028,0,0.998053,0.0267952,-0.0561569,0,-0.0565264,0.0132139,-0.998314,0,0.487234,0.00345937,0.0394514,1,1.7241,-33.9669,1.64784,14.1727,-0.0811171,2.18245,-0.215867,-143.556,36.4135,59.1429,-186.646,-23.6671,24.8745,28.2015,0.0436838,0.419454,-0.0317348,-2.3776,0.0689231,2.73964,-0.861696,0.00109109,-0.000497775,0.00343288,0.00136761,0.000210669,-0.00323402,0.000148881,
0.715,0,0,0,0,0,0,0,0,0,0,0,0,0,0,0,0,-0.0259996,0.999544,0.0147025,0,0.998052,0.026787,-0.0561684,0,-0.0565378,0.0132138,-0.998313,0,0.48723,0.00345578,0.0394461,1,1.83518,-34.0423,1.64784,14.2084,-0.0811171,2.16872,-0.222275,-34.475,-79.8775,32.9382,-62.0699,-14.2321,6.08396,-36.9017,0.0436768,0.419462,-0.0317348,-2.37761,0.0689231,2.73964,-0.861695,-8.37871e-05,0.000631858,4.65526e-05,0.000591723,0.000143867,0.000179582,0.00153175,
0.749,0,0,0,0,0,0,0,0,0,0,0,0,0,0,0,0,-0.0260034,0.999544,0.0147016,0,0.998052,0.0267908,-0.0561714,0,-0.0565408,0.0132126,-0.998313,0,0.487228,0.00345378,0.0394452,1,1.79948,-34.0423,1.64784,14.2838,-0.0692153,2.16872,-0.162766,-54.9606,-50.0635,-73.1864,98.941,14.2109,-11.5107,40.1225,0.0436763,0.419462,-0.0317379,-2.37761,0.0689229,2.73964,-0.861702,0.000249639,-0.00307486,0.000875547,0.00131946,-0.000183796,1.03118e-05,-0.00163392,
0.783,0,0,0,0,0,0,0,0,0,0,0,0,0,0,0,0,-0.0260071,0.999544,0.0147015,0,0.998052,0.0267943,-0.0561636,0,-0.056533,0.0132124,-0.998313,0,0.487231,0.00345802,0.0394485,1,1.76377,-34.0027,1.68354,14.2084,-0.0747084,2.16872,-0.235093,50.4923,62.532,167.985,-1.66477,7.57295,-0.151613,-16.3873,0.0436841,0.419457,-0.0317373,-2.37761,0.0689224,2.73964,-0.861697,-0.000788875,-0.000247533,-0.000496468,0.000334953,-9.46741e-05,0.000131362,0.00105036,
0.817,0,0,0,0,0,0,0,0,0,0,0,0,0,0,0,0,-0.0260019,0.999544,0.0147026,0,0.998052,0.0267893,-0.0561646,0,-0.0565339,0.0132138,-0.998313,0,0.487231,0.00345511,0.0394484,1,1.83518,-33.9669,1.64784,14.2481,-0.0692153,2.17604,-0.208542,-21.59,42.4289,-112.842,-21.7851,16.9171,4.13035,-27.9423,0.043676,0.419457,-0.0317355,-2.37761,0.068923,2.73964,-0.861699,0.00052422,0.000108805,0.000582276,0.000258222,-0.000344609,-0.000255961,0.00147626,
0.851,0,0,0,0,0,0,0,0,0,0,0,0,0,0,0,0,-0.0260104,0.999544,0.0147028,0,0.998052,0.0267978,-0.056172,0,-0.0565415,0.0132133,-0.998313,0,0.487228,0.0034564,0.0394451,1,1.79948,-34.0423,1.60816,14.3195,-0.0692153,2.16872,-0.149033,86.401,-117.908,-110.933,176.144,12.2727,-10.7877,7.88633,0.0436777,0.419462,-0.0317344,-2.37761,0.0689218,2.73964,-0.861704,-0.000718904,0.00170701,0.000222912,-0.00248817,-0.000250199,0.00117518,-0.00143287,
0.885,0,0,0,0,0,0,0,0,0,0,0,0,0,0,0,0,-0.0260186,0.999544,0.014704,0,0.998052,0.026806,-0.0561635,0,-0.0565331,0.0132143,-0.998313,0,0.487232,0.00346082,0.039448,1,1.7241,-34.0027,1.60816,14.2084,-0.0747084,2.16872,-0.136216,-164.844,-21.2158,-38.1087,-86.85,9.267,-15.1901,91.6915,0.0436838,0.41946,-0.031732,-2.37761,0.0689225,2.73964,-0.861704,0.00163189,0.000141664,-0.00267225,-0.00142882,-0.000151295,0.00051699,-0.00289164,
0.919,0,0,0,0,0,0,0,0,0,0,0,0,0,0,0,0,-0.0260229,0.999544,0.0147071,0,0.998052,0.0268105,-0.0561648,0,-0.0565345,0.0132171,-0.998313,0,0.487231,0.00346696,0.0394483,1,1.7241,-33.9669,1.53675,14.2481,-0.0747084,2.17604,-0.202134,-29.4366,27.992,-138.299,27.236,5.26849,-6.64367,30.7038,0.0436869,0.419457,-0.0317238,-2.37761,0.0689224,2.73964,-0.861698,0.000414195,0.000679971,0.00193426,-0.000258171,4.04856e-05,0.000129933,-0.000906874,
0.953,0,0,0,0,0,0,0,0,0,0,0,0,0,0,0,0,-0.0260184,0.999544,0.0147054,0,0.998051,0.026806,-0.0561777,0,-0.0565473,0.0132153,-0.998312,0,0.487225,0.00346146,0.0394437,1,1.79948,-34.0423,1.60816,14.3195,-0.0747084,2.18245,-0.169175,78.9007,9.61613,-49.3271,101.257,-12.641,13.5792,2.89949,0.0436817,0.419462,-0.0317288,-2.37762,0.0689224,2.73964,-0.861703,-0.0011646,0.000657174,0.000571316,-0.00179933,-5.72181e-05,-0.000414831,-0.000885869,
0.987,0,0,0,0,0,0,0,0,0,0,0,0,0,0,0,0,-0.0260186,0.999544,0.0147036,0,0.998052,0.026806,-0.0561687,0,-0.0565383,0.0132138,-0.998313,0,0.48723,0.00346483,0.0394471,1,1.68839,-34.0027,1.64784,14.2481,-0.0692153,2.18977,-0.248826,-68.9819,66.2191,58.3752,-9.05656,7.78456,-0.407605,-25.9798,0.0436916,0.41946,-0.0317317,-2.37761,0.0689218,2.73964,-0.861695,0.000670294,0.000179285,-0.000838132,-0.000526299,-0.000276611,-0.000160063,0.000987825,
1.021,0,0,0,0,0,0,0,0,0,0,0,0,0,0,0,0,-0.0260128,0.999544,0.0147058,0,0.998052,0.0268003,-0.0561682,0,-0.0565377,0.0132164,-0.998313,0,0.487229,0.00346381,0.0394469,1,1.76377,-34.0027,1.64784,14.2481,-0.0747084,2.17604,-0.208542,107.864,114.416,168.456,-31.5866,5.59399,-19.1926,-18.1807,0.0436866,0.41946,-0.0317292,-2.37761,0.0689256,2.73964,-0.861696,-0.000498365,-0.00128902,-0.00174549,-0.000172599,-0.000124679,0.000483005,0.000855166,
1.055,0,0,0,0,0,0,0,0,0,0,0,0,0,0,0,0,-0.0260244,0.999544,0.0147059,0,0.998052,0.0268119,-0.0561652,0,-0.0565349,0.0132159,-0.998313,0,0.487231,0.00346577,0.0394478,1,1.68839,-34.0027,1.60816,14.2084,-0.0747084,2.18245,-0.175583,-186.952,45.4387,-7.02898,-63.4895,-18.4255,-19.8594,97.9771,0.0436926,0.41946,-0.031731,-2.37761,0.0689267,2.73964,-0.861704,0.00120269,-0.000449215,-0.000124922,0.00048002,3.85622e-05,0.000132642,-0.000721125,
1.089,0,0,0,0,0,0,0,0,0,0,0,0,0,0,0,0,-0.0260215,0.999544,0.0147065,0,0.998052,0.0268091,-0.0561688,0,-0.0565386,0.0132165,-0.998313,0,0.48723,0.00346597,0.0394464,1,1.76377,-34.0027,1.57246,14.2084,-0.0811171,2.18977,-0.195725,115.129,70.798,-51.7808,-14.0244,-9.60319,19.2782,-26.9461,0.0436874,0.419462,-0.0317261,-2.37761,0.0689231,2.73964,-0.861698,-1.31149e-05,-0.00179846,0.00010472,-0.00069867,0.000198723,-0.000185536,-0.000379702,
1.123,0,0,0,0,0,0,0,0,0,0,0,0,0,0,0,0,-0.0260156,0.999544,0.0147059,0,0.998052,0.0268031,-0.0561653,0,-0.0565349,0.0132163,-0.998313,0,0.487231,0.00346686,0.0394485,1,1.7241,-33.9669,1.57246,14.2084,-0.0747084,2.19618,-0.255234,-21.7119,135.2,57.9242,-10.5929,-4.39999,6.59978,-43.0562,0.0436894,0.419458,-0.0317263,-2.37761,0.0689227,2.73964,-0.86169,0.000362196,-0.00131293,0.000471932,0.000559217,7.25913e-05,6.10099e-06,0.00220229,
1.157,0,0,0,0,0,0,0,0,0,0,0,0,0,0,0,0,-0.0260188,0.999544,0.0147061,0,0.998051,0.0268065,-0.0561795,0,-0.0565491,0.0132159,-0.998312,0,0.487226,0.00346707,0.0394426,1,1.7241,-34.078,1.57246,14.2838,-0.0692153,2.19618,-0.228684,-72.2761,-148.719,-103.977,97.4282,16.7747,16.6558,30.609,0.0436901,0.419467,-0.0317263,-2.37761,0.068923,2.73964,-0.861693,-0.00129002,0.00104109,0.000719259,-0.000985549,-0.000337196,-0.000164664,0.000400181,
1.191,0,0,0,0,0,0,0,0,0,0,0,0,0,0,0,0,-0.0260207,0.999544,0.0147054,0,0.998051,0.0268083,-0.0561726,0,-0.0565423,0.0132154,-0.998313,0,0.487229,0.00346537,0.0394449,1,1.76377,-34.0423,1.60816,14.2084,-0.0811171,2.19618,-0.181992,-69.4795,15.3187,49.1254,-26.5531,-14.6924,-4.32129,33.1578,0.0436895,0.419466,-0.0317288,-2.37761,0.0689235,2.73964,-0.861698,0.00578832,-0.000383593,-0.000177957,0.000230078,0.000243317,-0.00054802,-0.00101051,
1.225,0,0,0,0,0,0,0,0,0,0,0,0,0,0,0,0,-0.026014,0.999544,0.0147058,0,0.998052,0.0268016,-0.0561698,0,-0.0565394,0.0132162,-0.998313,0,0.487229,0.00346595,0.0394465,1,1.76377,-34.0027,1.57246,14.2481,-0.0747084,2.18977,-0.255234,35.6605,41.373,-15.0256,34.1191,-17.9549,-0.939971,-69.5452,0.0436874,0.419461,-0.031726,-2.37761,0.0689224,2.73964,-0.86169,0.000199987,0.000100691,0.000286879,0.00615274,-9.60686e-05,0.00270394,0.00267171,
1.259,0,0,0,0,0,0,0,0,0,0,0,0,0,0,0,0,-0.0260059,0.999544,0.0147039,0,0.998051,0.0267935,-0.0561805,0,-0.05655,0.0132144,-0.998312,0,0.487226,0.00346086,0.0394421,1,1.83518,-34.078,1.64784,14.2838,-0.0692153,2.19618,-0.248826,61.9209,-24.0448,88.7309,115.837,16.2993,-6.1409,-24.3572,0.0436823,0.419468,-0.0317304,-2.37761,0.0689219,2.73964,-0.861691,-0.0014395,0.000116017,0.00412914,-0.000143399,-0.000293857,-0.000100708,0.00143514,
1.293,0,0,0,0,0,0,0,0,0,0,0,0,0,0,0,0,-0.026005,0.999544,0.0147049,0,0.998052,0.0267926,-0.0561771,0,-0.0565466,0.0132156,-0.998312,0,0.487228,0.00345747,0.0394424,1,1.87486,-34.1137,1.60816,14.2084,-0.0811171,2.18977,-0.181992,182.863,-200.171,-3.28168,-112.611,-15.6683,-6.50381,-23.0124,0.0436742,0.419471,-0.0317296,-2.37761,0.0689231,2.73964,-0.861698,-0.00151695,0.0013026,0.000173636,0.00211034,0.000245343,8.88713e-05,-0.00202055,
1.327,0,0,0,0,0,0,0,0,0,0,0,0,0,0,0,0,-0.0260085,0.999544,0.0147031,0,0.998051,0.0267961,-0.0561808,0,-0.0565503,0.0132135,-0.998312,0,0.487226,0.00346101,0.0394415,1,1.76377,-34.078,1.60816,14.2084,-0.0563979,2.19618,-0.242417,1.81171,-44.6533,96.249,-4.25313,40.4565,25.09,-77.0038,0.0436832,0.419471,-0.031731,-2.37761,0.0689204,2.73964,-0.861692,0.000446753,6.18266e-05,-8.06852e-05,0.000601404,-0.000746845,-0.00534107,0.00187453,
1.361,0,0,0,0,0,0,0,0,0,0,0,0,0,0,0,0,-0.026014,0.999544,0.0147037,0,0.998051,0.0268015,-0.0561769,0,-0.0565464,0.0132139,-0.998313,0,0.487228,0.00346353,0.0394425,1,1.7241,-34.078,1.64784,14.2084,-0.0692153,2.18977,-0.248826,-303.497,68.6685,39.0964,-112.537,7.26724,-2.80407,-73.0643,0.0436891,0.419471,-0.0317316,-2.37761,0.0689228,2.73964,-0.861694,0.00778854,-4.68255e-05,-0.00119828,0.000237869,-0.000285612,0.00017712,0.00134669,
1.395,0,0,0,0,0,0,0,0,0,0,0,0,0,0,0,0,-0.026043,0.999543,0.014712,0,0.998051,0.026831,-0.0561774,0,-0.0565475,0.0132206,-0.998312,0,0.487228,0.00348141,0.0394431,1,1.61302,-34.0423,1.46137,14.2084,-0.0866103,2.20991,-0.228684,-11.0133,16.9615,-172.379,-13.3654,-14.4118,-5.49689,-86.0724,0.0437031,0.419469,-0.0317122,-2.37761,0.0689237,2.73964,-0.861692,0.003508,0.000910967,0.00282467,0.000597139,0.000421915,0.000285573,-0.000879617,
1.429,0,0,0,0,0,0,0,0,0,0,0,0,0,0,0,0,-0.0260353,0.999543,0.0147153,0,0.99805,0.0268237,-0.0561909,0,-0.056561,0.0132239,-0.998312,0,0.487225,0.00348025,0.0394394,1,1.7241,-34.1534,1.53675,14.1727,-0.11133,2.2447,-0.208542,42.9596,45.9644,-44.2631,7.30705,-15.9458,44.1064,-4.77728,0.0436997,0.419477,-0.0317114,-2.3776,0.0689309,2.73963,-0.861694,-0.000179181,0.00230088,0.000127208,0.0012646,0.000233833,0.00457087,-0.000510196,
1.463,0,0,0,0,0,0,0,0,0,0,0,0,0,0,0,0,-0.0259331,0.999546,0.0146996,0,0.998052,0.026721,-0.0562128,0,-0.0565812,0.0132134,-0.998311,0,0.487221,0.00342986,0.0394248,1,1.98594,-34.3042,1.75892,14.137,-0.123231,2.18977,-0.222275,0.90255,1.58294,14.5116,-17.3175,-8.52917,14.0373,-4.74509,0.0436444,0.419513,-0.0317521,-2.3776,0.0689374,2.73963,-0.861691,-0.00411655,0.000684961,-0.00308394,-0.000374018,0.000189114,-8.50717e-05,-0.000192755,
1.497,0,0,0,0,0,0,0,0,0,0,0,0,0,0,0,0,-0.0253307,0.999561,0.0147125,0,0.998065,0.0261209,-0.0562638,0,-0.0566245,0.0132591,-0.998307,0,0.487209,0.00325723,0.0394001,1,0.684672,-33.9273,0.525095,13.9545,0.0763536,2.25844,-0.189316,130.279,-139.53,121.129,80.2016,-1.53757,15.3675,-4.195,0.0434805,0.419569,-0.0319161,-2.37759,0.0691845,2.73963,-0.861635,-0.0113057,0.000673007,-0.00610356,-0.000508095,0.014755,-0.00125789,0.00117059,
1.531,0,0,0,0,0,0,0,0,0,0,0,0,0,0,0,0,-0.0247918,0.999575,0.0147084,0,0.998076,0.0255831,-0.0563031,0,-0.0566565,0.0132845,-0.998305,0,0.487198,0.00297223,0.0393719,1,0.90684,-34.3795,0.671885,13.9188,0.0699449,2.16231,-0.109665,18.5498,-45.8971,-59.8803,23.3686,12.1492,-5.36367,28.3394,0.0429753,0.419633,-0.0319833,-2.37759,0.0692467,2.73965,-0.861722,-0.0137011,0.001742,-0.000114607,0.000547712,-0.000100896,0.00104575,-0.00664648,
1.565,0,0,0,0,0,0,0,0,0,0,0,0,0,0,0,0,-0.0246931,0.999577,0.0147352,0,0.998079,0.0254861,-0.0563062,0,-0.056659,0.0133167,-0.998305,0,0.487198,0.00279006,0.0393608,1,0.90684,-34.3042,0.525095,13.8434,0.100157,2.16231,-0.142624,161.249,-181.788,60.6264,140.929,3.74835,1.48215,-67.1286,0.042563,0.419663,-0.0319494,-2.37758,0.0692433,2.73966,-0.862001,-0.00875991,0.0041291,0.000366728,-0.000794301,-0.000393928,-0.000722401,-0.00521591,
1.599,0,0,0,0,0,0,0,0,0,0,0,0,0,0,0,0,-0.0245504,0.99958,0.014738,0,0.998081,0.0253441,-0.0563246,0,-0.0566755,0.0133272,-0.998304,0,0.487196,0.00265768,0.0393504,1,0.942545,-34.4153,0.671885,13.8791,0.0882554,2.16872,-0.0767064,53.1434,-10.3444,28.311,212.096,17.1807,4.74736,19.787,0.0423048,0.419689,-0.0319607,-2.37757,0.069245,2.73966,-0.862129,-0.00241875,0.00115348,-0.00210607,-0.00179107,-0.000313825,0.000162486,-0.00385685,
1.633,0,0,0,0,0,0,0,0,0,0,0,0,0,0,0,0,-0.02457,0.99958,0.0147443,0,0.998081,0.0253639,-0.0563267,0,-0.0566781,0.0133323,-0.998303,0,0.487209,0.00263297,0.0393362,1,0.720377,-34.3795,0.410044,13.8791,0.106566,2.17604,-0.0428319,-47.4648,-3.65173,-27.8987,88.4982,11.3784,-20.6118,40.1701,0.0422448,0.419751,-0.0319524,-2.37751,0.0692473,2.73966,-0.862203,-0.000270243,0.00318277,0.00032192,0.00209365,-0.000167227,9.45435e-05,-0.00308637,
1.667,0,0,0,0,0,0,0,0,0,0,0,0,0,0,0,0,-0.0245971,0.999579,0.0147473,0,0.998081,0.025391,-0.0563112,0,-0.0566631,0.0133341,-0.998304,0,0.487241,0.00263744,0.0393288,1,0.684672,-34.4153,0.410044,13.772,0.112059,2.23097,-0.0565648,-82.4271,-19.0524,-119.739,-77.0857,6.99689,13.394,28.6732,0.042242,0.419824,-0.0319428,-2.37741,0.0692453,2.73964,-0.86222,-0.00293653,0.000191207,1.85902e-05,0.00101694,-0.000284456,-0.000392128,-0.00330825,
1.701,0,0,0,0,0,0,0,0,0,0,0,0,0,0,0,0,-0.0245873,0.999579,0.0147417,0,0.998079,0.0253814,-0.0563433,0,-0.0566949,0.0133283,-0.998303,0,0.487242,0.00262165,0.0393059,1,0.684672,-34.4153,0.485422,13.8077,0.0937486,2.21724,-0.0629735,15.0157,49.5938,183.446,58.1565,-18.9369,31.8231,26.863,0.0422271,0.419894,-0.0319571,-2.37737,0.0692473,2.73964,-0.86224,0.000791405,0.000984825,-0.00172513,0.000538611,0.000279479,-2.14654e-05,-0.00312535,
1.735,0,0,0,0,0,0,0,0,0,0,0,0,0,0,0,0,-0.0246381,0.999578,0.0147471,0,0.998077,0.0254325,-0.0563526,0,-0.0567049,0.0133306,-0.998302,0,0.487252,0.00264163,0.0392913,1,0.684672,-34.3795,0.374338,13.772,0.112059,2.21724,-0.0565648,70.5815,-84.5688,41.3369,27.2144,16.5581,-12.828,0.738516,0.0422454,0.419952,-0.0319372,-2.37732,0.0692424,2.73964,-0.86225,-0.0014987,0.000430722,0.000518625,0.0023967,-0.000157921,-0.00037003,-0.00219115,
1.769,0,0,0,0,0,0,0,0,0,0,0,0,0,0,0,0,-0.0247093,0.999576,0.0147471,0,0.998075,0.0255037,-0.0563578,0,-0.0567112,0.0133264,-0.998302,0,0.487284,0.00264149,0.0392633,1,0.644999,-34.3795,0.334665,13.8077,0.14868,2.23097,-0.0300145,-62.3736,23.705,-86.3005,51.9361,12.2936,21.4927,-7.93019,0.0422419,0.420087,-0.0319342,-2.37718,0.0692379,2.73964,-0.862316,0.000911274,0.000662197,-0.00340715,0.00523773,-0.00010558,-0.000238581,-0.0114832,
1.803,0,0,0,0,0,0,0,0,0,0,0,0,0,0,0,0,-0.0248399,0.999573,0.0147509,0,0.998068,0.0256352,-0.0564219,0,-0.056777,0.0133211,-0.998298,0,0.487282,0.0026623,0.0392039,1,0.458536,-34.4549,0.29896,13.6966,0.154173,2.12019,-0.0364232,-145.842,-95.2866,72.6415,-127.065,-13.2071,2.89445,1.24137,0.0422733,0.420256,-0.0319215,-2.37711,0.0692373,2.73967,-0.862403,-0.00181918,0.00464274,-0.000194622,0.00390604,0.000157614,0.0030648,-0.0012527,
1.837,0,0,0,0,0,0,0,0,0,0,0,0,0,0,0,0,-0.0249418,0.99957,0.0147776,0,0.998066,0.0257382,-0.0564104,0,-0.0567675,0.0133423,-0.998298,0,0.487309,0.00271667,0.039195,1,0.498209,-34.3399,0.29896,13.6966,0.154173,2.22365,-0.00346424,-151.437,24.3997,2.58121,-10.2092,-25.997,6.29413,31.2863,0.0423038,0.420326,-0.0318521,-2.37702,0.0692358,2.73965,-0.862408,0.000624024,-2.53649e-05,0.00293379,0.00822875,0.000269867,-0.000499518,-0.00324844,
1.871,0,0,0,0,0,0,0,0,0,0,0,0,0,0,0,0,-0.0250118,0.999568,0.0147944,0,0.998067,0.0258085,-0.0563629,0,-0.0567215,0.0133563,-0.998301,0,0.487359,0.00275408,0.0392021,1,0.347452,-34.3399,0.148203,13.6966,0.190794,2.27949,-0.0364232,-105.257,131.118,-105.963,-8.67567,8.17969,-2.80304,29.2017,0.0423219,0.420383,-0.0318033,-2.37688,0.0692285,2.73963,-0.862406,0.00138964,0.000423445,0.0033657,0.00245012,0.000110465,0.000207105,-0.00117018,
1.905,0,0,0,0,0,0,0,0,0,0,0,0,0,0,0,0,-0.0251098,0.999565,0.0148168,0,0.998064,0.0259078,-0.0563788,0,-0.0567392,0.0133728,-0.998299,0,0.487363,0.0028046,0.0391904,1,0.236368,-34.3795,0.037119,13.7363,0.221007,2.2859,-0.0501561,-89.6372,-82.7096,-85.0854,88.7142,-4.2922,12.5398,72.5587,0.0423529,0.420425,-0.0317404,-2.37685,0.0692203,2.73962,-0.862408,0.00190134,0.00088678,0.00279748,-0.000718878,-1.19933e-05,-0.000104919,-0.000708145,
1.939,0,0,0,0,0,0,0,0,0,0,0,0,0,0,0,0,-0.0251935,0.999563,0.0148318,0,0.998063,0.0259918,-0.0563544,0,-0.0567164,0.0133836,-0.998301,0,0.487375,0.00285628,0.0391972,1,0.236368,-34.2645,0.0728246,13.6966,0.232909,2.27217,-0.0895238,-74.2637,-83.7388,-113.597,51.9863,20.2358,9.29341,-6.95275,0.0424115,0.420424,-0.0316999,-2.37683,0.069219,2.73962,-0.862394,0.000475271,0.00121095,0.00149074,0.00022268,-0.000205389,0.000123815,0.00100687,
1.973,0,0,0,0,0,0,0,0,0,0,0,0,0,0,0,0,-0.0252111,0.999562,0.014838,0,0.998065,0.0260092,-0.05631,0,-0.0566724,0.0133899,-0.998303,0,0.487423,0.00286746,0.0392155,1,0.498209,-34.5263,0.263254,13.6609,0.214598,2.34816,-0.122483,-84.8882,-168.495,-39.7769,-98.2116,3.66945,-2.07743,-11.6247,0.0424213,0.420447,-0.0316915,-2.37671,0.069221,2.73957,-0.862393,0.000478326,0.00224209,-0.00341638,0.00397808,0.00020562,-0.000401125,0.00190104,
2.007,0,0,0,0,0,0,0,0,0,0,0,0,0,0,0,0,-0.0251674,0.999564,0.0148283,0,0.998066,0.025965,-0.0563099,0,-0.0566714,0.0133827,-0.998303,0,0.487477,0.0028423,0.0391866,1,0.609293,-34.3795,0.410044,13.6609,0.202696,2.36189,-0.0364232,-71.666,-62.8614,-75.2152,-100.809,-27.3772,12.1115,5.51344,0.0423878,0.420621,-0.0317079,-2.37651,0.0692209,2.73954,-0.862395,0.000354915,0.00547694,0.000152548,0.0131149,0.000199646,-0.000451012,-0.000759423,
2.041,0,0,0,0,0,0,0,0,0,0,0,0,0,0,0,0,-0.0250702,0.999566,0.0148119,0,0.998068,0.0258671,-0.0563122,0,-0.056672,0.0133718,-0.998303,0,0.487556,0.00278937,0.0391452,1,0.684672,-34.4549,0.449717,13.5895,0.209105,2.32069,-0.0236058,-55.002,-87.9764,-143.281,74.2999,-2.94998,-21.9056,35.5313,0.0423138,0.42087,-0.031739,-2.37621,0.0692214,2.73949,-0.862397,-0.003238,0.0114543,0.000593121,0.0130211,-0.000116553,-0.00151948,-0.00220019,
2.075,0,0,0,0,0,0,0,0,0,0,0,0,0,0,0,0,-0.0249579,0.99957,0.0147779,0,0.998073,0.0257526,-0.056279,0,-0.0566364,0.0133451,-0.998306,0,0.487677,0.00272176,0.0390881,1,0.795756,-34.4153,0.671885,13.6966,0.190794,2.34175,-0.0236058,-136.543,-38.0727,-91.5518,41.6346,-2.21642,20.8139,76.845,0.0422449,0.421229,-0.0318002,-2.37579,0.0692199,2.73946,-0.862401,-0.00657252,0.014272,-0.00149693,0.012668,0.000250394,-0.00172928,-0.00297117,
2.109,0,0,0,0,0,0,0,0,0,0,0,0,0,0,0,0,-0.0248339,0.999573,0.0147405,0,0.998075,0.025627,-0.0562998,0,-0.0566546,0.0133143,-0.998305,0,0.487849,0.00264915,0.039019,1,0.795756,-34.3399,0.600474,13.6966,0.196288,2.36189,-0.129807,69.0565,58.7143,45.2229,-33.0746,-2.64226,18.3931,-39.4821,0.0421866,0.421719,-0.0318838,-2.37514,0.0692182,2.73928,-0.8624,-0.00399983,0.0157584,-0.00098568,0.0198188,0.000142714,-0.00838987,-0.00185122,
2.143,0,0,0,0,0,0,0,0,0,0,0,0,0,0,0,0,-0.0247953,0.999575,0.0147144,0,0.998076,0.0255871,-0.0563135,0,-0.0566672,0.0132901,-0.998305,0,0.488107,0.00259422,0.0389934,1,0.756083,-34.3399,0.671885,13.7363,0.239317,2.38295,-0.0831151,-176.257,134.825,47.4755,46.0691,14.4119,21.0549,15.8037,0.0421611,0.422235,-0.0319735,-2.37424,0.0692087,2.73888,-0.862444,0.00104986,0.0105516,-0.00307991,0.0331196,-0.000305915,-0.0173015,0.00136121,
2.177,0,0,0,0,0,0,0,0,0,0,0,0,0,0,0,0,-0.0247744,0.999575,0.0147203,0,0.998063,0.0255696,-0.0565387,0,-0.0568921,0.0132913,-0.998292,0,0.488382,0.00254571,0.0389908,1,0.831461,-34.4153,0.711558,13.9188,0.2265,2.42415,-0.129807,-74.3122,-11.1294,74.066,67.0284,12.0681,27.3195,-27.6239,0.0421347,0.42275,-0.0320631,-2.37315,0.0692053,2.73807,-0.862509,-0.000273855,0.00967425,-0.00501221,0.0346367,7.80358e-05,-0.0192673,0.00198698,
2.211,0,0,0,0,0,0,0,0,0,0,0,0,0,0,0,0,-0.0247385,0.999576,0.0147137,0,0.998054,0.0255358,-0.0567232,0,-0.057076,0.0132821,-0.998281,0,0.488659,0.00248203,0.039,1,0.871134,-34.4549,0.711558,13.7363,0.26953,2.42415,-0.0501561,-21.2662,-39.9649,-72.2195,-87.6742,30.322,6.07775,13.4542,0.0421061,0.423233,-0.032177,-2.37208,0.0691989,2.7373,-0.86258,0.00125466,0.0163664,-0.0066968,0.0343469,-0.000610573,-0.0189991,-0.000165729,
2.245,0,0,0,0,0,0,0,0,0,0,0,0,0,0,0,0,-0.0247282,0.999577,0.0146942,0,0.998041,0.0255273,-0.056946,0,-0.0572981,0.0132575,-0.998269,0,0.488872,0.00240309,0.0389638,1,1.01792,-34.4549,0.862314,13.8077,0.26953,2.41774,-0.0300145,57.6742,-108.58,-33.4345,-114.554,31.4654,-27.1986,-9.82542,0.0420696,0.423735,-0.0323043,-2.37118,0.069191,2.73668,-0.8627,-0.00196857,0.0141975,-0.00168485,0.0252268,-0.000502484,-0.0176378,-0.0103805,
2.279,0,0,0,0,0,0,0,0,0,0,0,0,0,0,0,0,-0.0247869,0.999575,0.0146799,0,0.998031,0.0255872,-0.0571008,0,-0.0574533,0.0132359,-0.99826,0,0.489038,0.00234456,0.0389118,1,0.942545,-34.3399,0.822641,13.9545,0.281432,2.40401,-0.0565648,-128.551,-10.5707,11.3797,-140.575,32.836,5.9852,-40.2876,0.0420432,0.42419,-0.032397,-2.37047,0.0691896,2.73626,-0.862858,0.002437,0.00949657,0.000582776,0.0130378,-0.000256917,-0.00292335,-0.00142016,
2.313,0,0,0,0,0,0,0,0,0,0,0,0,0,0,0,0,-0.0248497,0.999574,0.014677,0,0.998026,0.0256505,-0.057162,0,-0.0575152,0.0132278,-0.998257,0,0.489188,0.00233266,0.0388859,1,0.831461,-34.4153,0.711558,13.9902,0.323546,2.4864,-0.0428319,-91.0652,-2.40463,-58.9166,54.1751,-6.13653,2.78758,-10.8962,0.0420461,0.424528,-0.03243,-2.36991,0.0691801,2.73597,-0.862929,0.0014347,0.00663538,-0.00401033,0.0202087,-0.000516989,-0.0120327,-0.00133103,
2.347,0,0,0,0,0,0,0,0,0,0,0,0,0,0,0,0,-0.0249472,0.999571,0.0146963,0,0.998015,0.0257508,-0.057299,0,-0.057654,0.0132379,-0.998249,0,0.489357,0.00234468,0.0388595,1,0.871134,-34.5263,0.747263,14.137,0.305235,2.45253,-0.0300145,43.9198,-31.365,91.5146,78.7093,-3.72176,-16.3304,-15.3893,0.0420597,0.424915,-0.0324345,-2.36922,0.0691742,2.73553,-0.863,-0.00055175,0.00974429,-0.00172643,0.0277767,0.000219105,-0.0220084,1.26246e-05,
2.381,0,0,0,0,0,0,0,0,0,0,0,0,0,0,0,0,-0.0249383,0.999571,0.0147068,0,0.998002,0.0257456,-0.057529,0,-0.057884,0.013243,-0.998235,0,0.489573,0.00229893,0.03885,1,1.05363,-34.4549,0.89802,14.0259,0.323546,2.45253,-0.0236058,150.213,18.9756,-5.78452,-23.763,-4.64353,17.5134,25.4737,0.0420191,0.425349,-0.0325023,-2.36832,0.0691706,2.73483,-0.863074,-0.0038309,0.0153664,-0.00267638,0.0335453,9.96089e-05,-0.0207455,-0.00321944,
2.415,0,0,0,0,0,0,0,0,0,0,0,0,0,0,0,0,-0.0250528,0.999568,0.0147312,0,0.997983,0.025865,-0.057807,0,-0.0581642,0.0132535,-0.998219,0,0.489853,0.00226204,0.0388653,1,1.0933,-34.6771,0.937693,14.0259,0.341856,2.54866,-0.0693822,153.619,-150.44,31.1476,-105.462,-1.07488,-6.89644,-30.86,0.0420022,0.425835,-0.0325834,-2.36718,0.0691636,2.73389,-0.863253,-0.00251032,0.0136643,-0.00370896,0.0395682,-0.000979945,-0.034758,0.00135227,
2.449,0,0,0,0,0,0,0,0,0,0,0,0,0,0,0,0,-0.0249589,0.99957,0.0147662,0,0.997946,0.0257823,-0.0584818,0,-0.0588384,0.0132765,-0.998179,0,0.490115,0.00220209,0.0388801,1,1.0933,-34.6771,0.973398,14.2838,0.311644,2.53493,-0.0629735,-48.7196,90.047,37.2105,126.328,-11.908,23.6221,-50.1614,0.0419862,0.426357,-0.0327209,-2.36583,0.0691623,2.73239,-0.863275,-0.00361956,0.0116402,-0.00370773,0.0402267,0.000351646,-0.0478001,0.00182177,
2.483,0,0,0,0,0,0,0,0,0,0,0,0,0,0,0,0,-0.024917,0.999571,0.0147825,0,0.997911,0.0257495,-0.0590885,0,-0.0594449,0.0132796,-0.998143,0,0.49045,0.00208978,0.0389394,1,1.20439,-34.8675,1.08448,14.1727,0.34735,2.61091,-0.0171971,-17.4499,-16.6419,48.686,61.5003,33.9665,13.9819,3.41774,0.0419446,0.426874,-0.0329343,-2.36431,0.0691551,2.73076,-0.863435,-0.0025131,0.0131613,-0.00177355,0.0461186,-0.000977543,-0.050046,-0.00695542,
2.517,0,0,0,0,0,0,0,0,0,0,0,0,0,0,0,0,-0.0249348,0.99957,0.0148206,0,0.997882,0.0257758,-0.0595639,0,-0.0599214,0.0133042,-0.998114,0,0.49081,0.00199293,0.0390143,1,1.39085,-35.054,1.19953,14.1013,0.323546,2.62465,-0.0501561,27.3771,-93.6747,64.4623,-39.2374,4.43516,-5.2977,3.6022,0.0418671,0.427372,-0.0330868,-2.3628,0.0691562,2.72926,-0.863641,-0.00366656,0.0159852,-0.00154632,0.0430182,-7.09508e-05,-0.0426258,-0.0132387,
2.551,0,0,0,0,0,0,0,0,0,0,0,0,0,0,0,0,-0.0249366,0.999568,0.0148978,0,0.99784,0.0257915,-0.0602502,0,-0.0606096,0.0133634,-0.998072,0,0.491163,0.00194867,0.0390741,1,1.20439,-35.2404,1.12416,14.2481,0.317137,2.70796,-0.0693822,-34.7847,59.9203,110.14,-68.8817,-15.8288,-4.05048,-93.8375,0.0418151,0.427934,-0.0331756,-2.36115,0.069157,2.72749,-0.863747,-0.00149758,0.0153081,-0.00334983,0.0544247,0.00019904,-0.0486202,0.000628553,
2.585,0,0,0,0,0,0,0,0,0,0,0,0,0,0,0,0,-0.0249335,0.999567,0.0149841,0,0.9978,0.0258025,-0.0609088,0,-0.0612702,0.0134328,-0.998031,0,0.491634,0.00194395,0.0391052,1,1.20439,-35.542,1.0091,14.2481,0.329039,2.71437,-0.0300145,-111.741,7.33884,-94.9033,19.7226,-9.20944,-5.06532,46.1321,0.0417914,0.428775,-0.0332225,-2.35911,0.0691556,2.72561,-0.863771,-0.00261158,0.0297408,0.000561631,0.0662119,0.000308249,-0.0454251,-0.000960765,
2.619,0,0,0,0,0,0,0,0,0,0,0,0,0,0,0,0,-0.0249706,0.999566,0.0150124,0,0.997804,0.0258401,-0.0608232,0,-0.0611859,0.0134609,-0.998036,0,0.492534,0.00193973,0.039106,1,1.05363,-35.4269,0.89802,14.502,0.377562,2.69423,-0.0767064,-69.5738,52.6932,70.4794,6.1193,-7.29349,-36.769,-44.8759,0.04176,0.430317,-0.0332541,-2.35608,0.0691454,2.72421,-0.863802,-0.00578854,0.0587137,0.00127372,0.107659,-0.000124419,-0.0364563,0.000515161,
2.653,0,0,0,0,0,0,0,0,0,0,0,0,0,0,0,0,-0.0253711,0.999556,0.0150096,0,0.997861,0.0262249,-0.059719,0,-0.0600872,0.0134626,-0.998102,0,0.494187,0.00210788,0.0390219,1,0.533915,-35.8395,0.29896,13.772,0.444396,2.56972,0.0432277,83.8891,-28.2647,46.971,-95.1593,4.31539,10.8709,10.4027,0.0419039,0.433223,-0.0331315,-2.35112,0.0691051,2.72326,-0.863814,0.00584363,0.109326,0.00205922,0.174548,-0.00481973,-0.0262178,-0.00153926,
2.687,0,0,0,0,0,0,0,0,0,0,0,0,0,0,0,0,-0.0259269,0.999542,0.0149897,0,0.997959,0.026753,-0.0578186,0,-0.0581943,0.0134603,-0.998215,0,0.496808,0.00240906,0.0387735,1,0.387125,-35.5777,0.263254,13.9188,0.444396,2.37654,-0.0959325,-149.072,109.957,-69.2673,33.3171,1.54794,0.872811,-4.544,0.042192,0.438123,-0.0329173,-2.34325,0.069101,2.7222,-0.863735,0.0100709,0.161731,0.00433153,0.269557,-0.000239012,-0.038289,0.0019247,
2.721,0,0,0,0,0,0,0,0,0,0,0,0,0,0,0,0,-0.0257987,0.999547,0.0148664,0,0.998071,0.0265925,-0.0559351,0,-0.0563062,0.0133949,-0.998324,0,0.500125,0.00254801,0.0382683,1,0.609293,-36.0299,0.485422,13.6609,0.389464,2.41774,-0.0171971,-43.3758,-63.8397,-7.13665,47.5702,-40.6977,-0.388562,-13.998,0.0423292,0.444934,-0.0328819,-2.33279,0.0691105,2.72044,-0.863252,0.0012666,0.215328,0.00644627,0.334922,-0.000480735,-0.0650185,0.0123771,
2.755,0,0,0,0,0,0,0,0,0,0,0,0,0,0,0,0,-0.0258737,0.999547,0.0147512,0,0.998163,0.0266384,-0.0542444,0,-0.0546138,0.0133209,-0.998419,0,0.504122,0.00256744,0.0375253,1,1.16868,-35.6927,1.0091,13.6609,0.402281,2.22365,0.00935314,36.6349,-214.866,119.88,54.2525,12.4064,7.80997,-11.1127,0.0422539,0.45361,-0.0329043,-2.31964,0.0691055,2.71765,-0.863175,-0.00684701,0.272343,-0.00187032,0.416994,0.000363605,-0.0788881,0.00162216,
2.789,0,0,0,0,0,0,0,0,0,0,0,0,0,0,0,0,-0.0261471,0.999542,0.0145962,0,0.99828,0.0268724,-0.0519293,0,-0.0522988,0.0132135,-0.998544,0,0.508823,0.00260145,0.0365749,1,1.01792,-35.9546,0.822641,13.7363,0.456297,1.98927,0.102737,-51.9929,8.47667,-118.916,165.634,6.75395,-8.01422,-16.3193,0.0421589,0.463964,-0.0328912,-2.30427,0.0690995,2.71495,-0.86324,0.000267765,0.325825,-0.000372339,0.46799,-0.000309014,-0.0848619,0.00038417,
2.823,0,0,0,0,0,0,0,0,0,0,0,0,0,0,0,0,-0.0264751,0.999534,0.0145269,0,0.99836,0.0271736,-0.0502027,0,-0.050575,0.0131742,-0.998633,0,0.513779,0.00272898,0.035624,1,0.90684,-36.4782,0.822641,14.1727,0.456297,2.20351,0.0230861,70.8594,-42.6369,67.5103,10.4735,16.9573,42.9946,-54.8378,0.0421896,0.47488,-0.0328757,-2.28749,0.0691064,2.7108,-0.863212,-0.000280412,0.32939,-0.00149875,0.507576,0.000129438,-0.16479,0.00442748,
2.857,0,0,0,0,0,0,0,0,0,0,0,0,0,0,0,0,-0.0267008,0.999527,0.0145941,0,0.998362,0.0274003,-0.0500371,0,-0.0504143,0.0132344,-0.998641,0,0.51869,0.00281434,0.0346272,1,1.31547,-37.1924,1.12416,13.2602,0.444396,1.98195,0.0761866,27.0403,-95.4181,24.5185,8.09084,-1.94115,10.7245,-5.16698,0.0421341,0.486131,-0.032921,-2.26963,0.0691198,2.70434,-0.863203,-0.00632649,0.336431,-0.00129449,0.54587,0.000790452,-0.194588,0.00138381,
2.891,0,0,0,0,0,0,0,0,0,0,0,0,0,0,0,0,-0.0269261,0.999521,0.0146038,0,0.998399,0.0276143,-0.049173,0,-0.0495537,0.0132567,-0.998683,0,0.523852,0.00287895,0.0335246,1,1.20439,-36.9662,1.08448,14.2481,0.474608,1.98195,0.0761866,78.5869,-57.6401,67.0965,-107.721,17.3884,-47.6425,-19.7046,0.0420073,0.497997,-0.0329261,-2.25118,0.0691249,2.69861,-0.863203,-0.00479334,0.325811,-0.00294313,0.520402,-0.00101642,-0.160409,0.00557041,
2.925,0,0,0,0,0,0,0,0,0,0,0,0,0,0,0,0,-0.0272174,0.999512,0.0146746,0,0.998414,0.0279024,-0.0486918,0,-0.0490785,0.0133263,-0.998706,0,0.528887,0.00300081,0.0325442,1,1.0933,-37.117,1.04878,14.5734,0.50482,2.06526,0.162246,110.457,71.5222,240.973,-214.362,1.36421,-68.1872,57.6111,0.0419674,0.509421,-0.0329356,-2.23286,0.0691312,2.69217,-0.863181,-0.00113298,0.323967,-0.00302944,0.5276,-0.000251447,-0.230986,0.00412266,
2.959,0,0,0,0,0,0,0,0,0,0,0,0,0,0,0,0,-0.027414,0.999505,0.014828,0,0.998371,0.0281165,-0.049448,0,-0.0498414,0.0134486,-0.998667,0,0.533431,0.00310608,0.0316148,1,1.16868,-37.4185,1.08448,14.2838,0.444396,2.01674,0.129287,-127.683,-9.90763,1.82683,41.2003,-8.82292,16.2492,-4.01445,0.0419524,0.520098,-0.0330211,-2.21532,0.0691523,2.68453,-0.86313,-0.000523432,0.316089,-0.00309526,0.53353,0.000541402,-0.204976,0.00579756,
2.993,0,0,0,0,0,0,0,0,0,0,0,0,0,0,0,0,-0.0272981,0.999507,0.0149101,0,0.998385,0.028002,-0.0492375,0,-0.0496317,0.0135422,-0.998676,0,0.537895,0.00309971,0.0310317,1,1.39085,-38.0533,1.19953,14.502,0.414183,2.23097,0.148513,0.905363,-17.5586,94.4214,83.9452,10.8885,60.2105,-20.9573,0.0418136,0.529608,-0.0331674,-2.19889,0.0691844,2.6778,-0.862959,-0.00337182,0.265079,-0.005021,0.474156,-0.000785312,-0.208213,0.0031254,
3.027,0,0,0,0,0,0,0,0,0,0,0,0,0,0,0,0,-0.0273845,0.9995,0.0151769,0,0.998344,0.028112,-0.0499969,0,-0.0503995,0.0137829,-0.998634,0,0.542084,0.00312061,0.0307361,1,1.39085,-39.4061,1.12416,15.1249,0.432494,2.2447,0.268447,-33.0662,-90.288,50.9436,-189.27,11.5882,53.3076,35.004,0.0415684,0.538137,-0.0332182,-2.18283,0.0691824,2.66949,-0.86298,-0.00634274,0.238494,-0.000885988,0.458186,-3.05335e-05,-0.262823,-0.00197693,
3.061,0,0,0,0,0,0,0,0,0,0,0,0,0,0,0,0,-0.0272028,0.999503,0.0153291,0,0.998197,0.0279789,-0.0529231,0,-0.0533267,0.0138621,-0.998481,0,0.545168,0.0029193,0.0304457,1,2.02165,-38.7674,2.47303,15.7438,0.48651,2.6457,0.327957,53.6799,-290.099,223.792,-410.343,26.7789,164.236,25.7842,0.0414994,0.545123,-0.0337885,-2.16915,0.0691652,2.65984,-0.863041,0.00251178,0.159722,-0.0331482,0.352039,0.00991619,-0.283683,-0.00893054,
