0.001,0,0,0,0,0,0,0,0,0,0,0,0,0,0,0,0,-0.031861,0.999298,0.0192281,0,0.996553,0.0332336,-0.0758795,0,-0.0764667,0.0167446,-0.996932,0,0.4904,0.00804855,0.0746828,1,-0.545187,-33.4036,-0.637319,15.5256,0.293334,2.62465,0.148513,38.7721,75.2942,96.9273,72.1598,-17.2864,11.56,87.8571,0.0292917,0.334844,-0.0137513,-2.37039,0.0458386,2.62848,-0.842671,0.000538846,-0.000406577,-0.000917582,-0.000948982,0.00555005,1.8043e-05,-0.00256491,
0.035,0,0,0,0,0,0,0,0,0,0,0,0,0,0,0,0,-0.0318522,0.999298,0.0192275,0,0.996553,0.0332248,-0.075884,0,-0.076471,0.0167444,-0.996931,0,0.4904,0.00804894,0.0746804,1,-0.580892,-33.5147,-0.637319,15.4541,0.293334,2.63838,0.069778,-123.038,-113.259,-64.2737,-32.1049,-12.0798,21.6283,-9.95845,0.0292919,0.334852,-0.0137507,-2.37039,0.0458382,2.62848,-0.842661,0.00208484,0.00173092,-0.000639492,0.000606457,0.000195617,-0.000351759,0.00011032,
0.069,0,0,0,0,0,0,0,0,0,0,0,0,0,0,0,0,-0.0318674,0.999297,0.0192291,0,0.996553,0.0332399,-0.0758778,0,-0.0764651,0.0167451,-0.996932,0,0.490401,0.00805131,0.0746835,1,-0.545187,-33.4036,-0.676992,15.4898,0.305235,2.63197,0.148513,4.1555,-80.755,-54.7517,8.86508,11.2053,6.53719,152.662,0.0292918,0.334844,-0.0137463,-2.37039,0.0458369,2.62848,-0.842671,-6.22743e-05,0.000568288,0.000318446,-0.000198181,-9.92857e-05,-0.000296582,-0.00124287,
0.106,0,0,0,0,0,0,0,0,0,0,0,0,0,0,0,0,-0.031859,0.999298,0.0192287,0,0.996553,0.0332316,-0.0758829,0,-0.0764701,0.0167452,-0.996931,0,0.490399,0.00805156,0.0746815,1,-0.545187,-33.4393,-0.637319,15.5256,0.286925,2.63197,0.0825953,-6.04363,42.3478,39.7889,-55.0273,-22.7857,3.49417,14.7402,0.0292947,0.334847,-0.0137484,-2.37039,0.0458389,2.62848,-0.842663,-0.000161206,-0.00111904,-0.000768729,-0.00165132,0.000522434,-0.000234987,0.000455425,
0.14,0,0,0,0,0,0,0,0,0,0,0,0,0,0,0,0,-0.0318528,0.999298,0.0192301,0,0.996553,0.0332257,-0.0758875,0,-0.0764747,0.0167469,-0.996931,0,0.490397,0.00805216,0.0746794,1,-0.505514,-33.479,-0.676992,15.5256,0.299742,2.62465,0.0359034,83.761,-70.6134,47.7209,57.7834,-15.1183,-12.0403,-56.4209,0.0292926,0.33485,-0.0137455,-2.3704,0.0458407,2.62848,-0.842658,-0.000940486,0.000123428,0.00272697,-0.00606845,0.00949164,0.00189221,0.00196129,
0.174,0,0,0,0,0,0,0,0,0,0,0,0,0,0,0,0,-0.0318561,0.999298,0.0192295,0,0.996553,0.0332289,-0.0758897,0,-0.0764769,0.0167459,-0.996931,0,0.490397,0.00805081,0.0746788,1,-0.505514,-33.5147,-0.676992,15.5256,0.293334,2.6457,0.069778,117.744,-168.185,21.6508,-9.14587,-19.7738,21.5499,3.5787,0.0292898,0.334852,-0.0137453,-2.37039,0.0458383,2.62848,-0.842662,-0.00143213,0.000777148,0.000159678,-0.000566122,0.000259958,-0.000335069,0.00128847,
0.208,0,0,0,0,0,0,0,0,0,0,0,0,0,0,0,0,-0.0318662,0.999298,0.0192291,0,0.996553,0.0332388,-0.0758789,0,-0.0764662,0.0167452,-0.996932,0,0.4904,0.00805226,0.0746828,1,-0.545187,-33.4036,-0.676992,15.5256,0.305235,2.61824,0.121963,59.1999,110.866,7.78828,32.5202,22.8378,-9.91876,21.2764,0.0292929,0.334844,-0.0137455,-2.37039,0.0458369,2.62848,-0.842668,0.00261898,-0.00114994,-0.000262916,-0.000369765,-0.00033437,0.000486014,-0.000598832,
0.242,0,0,0,0,0,0,0,0,0,0,0,0,0,0,0,0,-0.031862,0.999298,0.0192297,0,0.996553,0.0332346,-0.0758788,0,-0.0764661,0.0167461,-0.996932,0,0.490401,0.00805542,0.074683,1,-0.545187,-33.4393,-0.676992,15.4541,0.299742,2.63838,0.0359034,13.0264,-22.9635,4.57561,-26.4297,-6.46382,35.6123,-30.9605,0.0292957,0.334847,-0.0137423,-2.37039,0.0458375,2.62848,-0.842658,-0.000474407,4.2191e-05,2.2496e-06,0.000552593,0.000274387,-4.94977e-05,0.00119959,
0.276,0,0,0,0,0,0,0,0,0,0,0,0,0,0,0,0,-0.0318647,0.999298,0.0192302,0,0.996553,0.0332375,-0.075883,0,-0.0764704,0.0167462,-0.996931,0,0.4904,0.00805526,0.074681,1,-0.545187,-33.479,-0.676992,15.4898,0.293334,2.63197,0.069778,-18.925,-16.4749,19.0742,18.0758,16.5752,-28.7628,-26.22,0.0292957,0.334849,-0.0137426,-2.37039,0.0458382,2.62848,-0.842662,0.00022615,0.000332639,0.000121783,-0.00257144,-0.000194514,0.000266827,0.00187116,
0.31,0,0,0,0,0,0,0,0,0,0,0,0,0,0,0,0,-0.0318599,0.999298,0.0192293,0,0.996553,0.0332327,-0.07589,0,-0.0764772,0.0167455,-0.996931,0,0.490397,0.00805076,0.0746794,1,-0.505514,-33.4393,-0.637319,15.5613,0.293334,2.65211,0.109146,19.1397,-57.0695,141.214,117.512,-5.75847,28.0331,51.3987,0.029293,0.334849,-0.0137483,-2.3704,0.0458393,2.62848,-0.842666,-0.000849617,0.000604251,-0.00175614,-0.0039592,0.000154519,-0.00053695,-0.00109573,
0.344,0,0,0,0,0,0,0,0,0,0,0,0,0,0,0,0,-0.0318748,0.999297,0.01923,0,0.996553,0.0332475,-0.075882,0,-0.0764695,0.0167453,-0.996931,0,0.4904,0.0080554,0.074682,1,-0.580892,-33.4393,-0.676992,15.4898,0.299742,2.6457,0.148513,-214.687,126.295,-78.4113,-49.8972,5.182,25.1012,41.1942,0.0292983,0.334847,-0.0137446,-2.37039,0.0458375,2.62848,-0.842671,0.00167006,-0.000943137,0.000349124,4.7377e-05,-5.91601e-05,-2.38653e-05,-0.00173878,
0.378,0,0,0,0,0,0,0,0,0,0,0,0,0,0,0,0,-0.0318641,0.999298,0.0192302,0,0.996553,0.0332368,-0.0758848,0,-0.0764721,0.0167462,-0.996931,0,0.490399,0.00805532,0.0746798,1,-0.545187,-33.479,-0.676992,15.4898,0.293334,2.62465,0.0624537,-82.0637,0.0087451,20.3283,-76.1682,2.70864,-7.06551,10.3408,0.0292957,0.334852,-0.0137424,-2.37039,0.0458382,2.62848,-0.842661,0.00051589,7.75731e-05,0.000912962,0.000544169,0.000175336,0.000293849,0.000401431,
0.412,0,0,0,0,0,0,0,0,0,0,0,0,0,0,0,0,-0.0318562,0.999298,0.0192286,0,0.996553,0.0332289,-0.0758886,0,-0.0764757,0.0167451,-0.996931,0,0.490398,0.00804937,0.0746785,1,-0.469808,-33.5147,-0.637319,15.4898,0.293334,2.63838,0.089004,-32.6665,-44.1819,3.24356,6.365,-0.55947,1.02328,30.6272,0.0292902,0.334854,-0.0137483,-2.37039,0.0458382,2.62848,-0.842664,5.17077e-05,0.000538975,0.00166285,0.000131896,0.00024798,2.12263e-05,-0.00086495,
0.446,0,0,0,0,0,0,0,0,0,0,0,0,0,0,0,0,-0.0318407,0.999298,0.0192263,0,0.996553,0.0332133,-0.0758895,0,-0.0764763,0.016744,-0.996931,0,0.490398,0.00804049,0.0746794,1,-0.434103,-33.479,-0.601614,15.4898,0.305235,2.65211,0.0954127,27.9508,50.8984,-35.8694,6.28741,37.5368,-3.80618,-11.7136,0.0292785,0.334852,-0.013754,-2.37039,0.0458369,2.62848,-0.842665,-0.000424704,-0.000468395,-0.000460367,0.000368885,-0.000613514,-5.61563e-05,-0.00201465,
0.48,0,0,0,0,0,0,0,0,0,0,0,0,0,0,0,0,-0.0318635,0.999298,0.0192296,0,0.996552,0.0332365,-0.0758964,0,-0.0764837,0.0167453,-0.99693,0,0.490395,0.00805033,0.0746753,1,-0.545187,-33.5544,-0.676992,15.5613,0.299742,2.63197,0.135696,-3.53883,-63.1425,-61.1184,180.983,12.8231,-8.87818,48.4176,0.0292894,0.334858,-0.0137456,-2.3704,0.0458375,2.62848,-0.842669,0.00676498,0.000449747,0.000690471,-0.000854518,-3.09265e-05,0.000266168,-0.00244622,
0.514,0,0,0,0,0,0,0,0,0,0,0,0,0,0,0,0,-0.0318698,0.999297,0.0192302,0,0.996552,0.0332428,-0.0758967,0,-0.0764841,0.0167454,-0.99693,0,0.490395,0.00805473,0.0746757,1,-0.580892,-33.5544,-0.676992,15.5256,0.299742,2.65211,0.115554,-3.75252,-50.1561,9.66197,0.175873,25.7636,3.24718,23.3158,0.0292958,0.334858,-0.0137434,-2.37039,0.0458375,2.62848,-0.842667,0.000519811,0.000556187,-0.00034503,-0.00135076,-0.00018375,-0.000224544,-0.000751649,
0.548,0,0,0,0,0,0,0,0,0,0,0,0,0,0,0,0,-0.031867,0.999297,0.0192307,0,0.996553,0.0332398,-0.0758861,0,-0.0764735,0.0167464,-0.996931,0,0.490401,0.0080525,0.0746797,1,-0.505514,-33.5147,-0.712698,15.4145,0.299742,2.63197,0.135696,86.7058,66.8414,-78.888,-237.836,-2.36568,-31.4165,28.527,0.0292898,0.334855,-0.0137423,-2.37038,0.0458375,2.62848,-0.842669,-0.00372272,0.00318602,0.000905216,0.0067232,0.000380455,0.000552786,-0.00128905,
0.582,0,0,0,0,0,0,0,0,0,0,0,0,0,0,0,0,-0.0318907,0.999297,0.0192351,0,0.996551,0.0332639,-0.0758917,0,-0.0764796,0.0167489,-0.99693,0,0.490398,0.00806566,0.0746773,1,-0.580892,-33.5544,-0.788076,15.4541,0.299742,2.65211,0.129287,135.606,80.6506,-154.091,-88.9616,-20.9216,8.96803,105.315,0.0293014,0.334858,-0.0137286,-2.37039,0.0458375,2.62848,-0.842668,-0.00149161,-0.000403853,0.00235886,-0.00119154,0.000330192,-0.000304539,-0.000700857,
0.616,0,0,0,0,0,0,0,0,0,0,0,0,0,0,0,0,-0.0319103,0.999296,0.0192359,0,0.99655,0.0332837,-0.0758995,0,-0.0764878,0.0167479,-0.99693,0,0.490394,0.00807454,0.0746732,1,-0.616598,-33.5901,-0.748403,15.4898,0.305235,2.63197,0.142105,108.044,-71.7432,63.9697,-10.2815,7.19111,0.777523,21.3355,0.0293164,0.334864,-0.0137256,-2.37039,0.0458369,2.62848,-0.84267,-0.00126624,0.00103254,-0.000811556,-0.000294421,-0.000935212,0.00032949,-0.00293317,
0.65,0,0,0,0,0,0,0,0,0,0,0,0,0,0,0,0,-0.0319323,0.999295,0.0192396,0,0.99655,0.0333057,-0.0758876,0,-0.0764764,0.0167503,-0.996931,0,0.490399,0.00808684,0.0746777,1,-0.731649,-33.5544,-0.823782,15.4541,0.305235,2.62465,0.102737,-124.817,-35.2081,56.6092,-117.109,1.88135,27.8775,-46.6998,0.029328,0.334858,-0.0137137,-2.37039,0.0458369,2.62848,-0.842669,0.000896182,0.000202497,0.00168125,0.000629335,-0.00169068,-0.000443596,0.00133131,
0.684,0,0,0,0,0,0,0,0,0,0,0,0,0,0,0,0,-0.0319572,0.999294,0.0192453,0,0.996549,0.033331,-0.0758883,0,-0.0764777,0.016754,-0.996931,0,0.490397,0.00810141,0.0746782,1,-0.767355,-33.479,-0.89916,15.4898,0.293334,2.63197,0.0954127,3.24159,159.996,16.6705,36.9111,-22.7162,-3.19172,9.7788,0.0293401,0.334855,-0.013698,-2.37039,0.0458381,2.62848,-0.842668,0.000289623,-0.00181414,0.00196257,-0.000559042,0.000309491,6.48805e-05,0.00041409,
0.718,0,0,0,0,0,0,0,0,0,0,0,0,0,0,0,0,-0.0320212,0.999292,0.0192558,0,0.996547,0.0333957,-0.0758969,0,-0.0764877,0.0167593,-0.99693,0,0.490396,0.00813487,0.0746729,1,-0.842733,-33.6654,-1.01421,15.4145,0.305235,2.63197,0.0954127,26.8004,1.78519,-84.6911,-118.243,-8.21237,16.2664,-56.0625,0.0293709,0.334869,-0.0136643,-2.37039,0.0458369,2.62848,-0.842668,-7.74125e-05,0.000173438,-1.99384e-06,0.000102139,7.93563e-05,-0.000465867,0.000919176,
0.752,0,0,0,0,0,0,0,0,0,0,0,0,0,0,0,0,-0.0320114,0.999292,0.0192544,0,0.996546,0.033386,-0.0759061,0,-0.0764967,0.0167583,-0.996929,0,0.490394,0.00813011,0.0746685,1,-0.731649,-33.7011,-0.974539,15.4541,0.299742,2.63197,0.0825953,53.3996,-14.7422,-66.0314,45.3204,-10.1033,6.7353,6.95838,0.0293672,0.334877,-0.0136696,-2.37039,0.0458375,2.62848,-0.842668,-0.000797617,4.72884e-05,-0.00057639,-0.00129754,0.000204972,-0.000308715,-8.01812e-05,
0.786,0,0,0,0,0,0,0,0,0,0,0,0,0,0,0,0,-0.0320168,0.999292,0.0192539,0,0.996546,0.0333915,-0.0759128,0,-0.0765035,0.0167572,-0.996928,0,0.490391,0.00813287,0.0746656,1,-0.80306,-33.7011,-0.974539,15.4898,0.317137,2.62465,0.069778,79.712,85.656,-27.7631,121.272,9.31828,-15.6338,-33.9366,0.0293714,0.334881,-0.0136681,-2.37039,0.0458356,2.62848,-0.842666,-0.000392574,-0.000920161,0.000316347,-0.00133732,-0.000214482,7.98585e-05,0.00202557,
0.82,0,0,0,0,0,0,0,0,0,0,0,0,0,0,0,0,-0.0320129,0.999292,0.0192535,0,0.996546,0.0333874,-0.0759043,0,-0.0764948,0.0167575,-0.996929,0,0.490394,0.00812967,0.0746693,1,-0.80306,-33.6654,-0.89916,15.4541,0.293334,2.63197,0.135696,-86.3963,-125.519,104.624,2.55598,-25.0993,-0.754744,52.8013,0.0293706,0.334876,-0.0136735,-2.37039,0.0458382,2.62848,-0.84267,0.00052491,0.000341036,-0.00093225,-0.000262808,0.000552101,0.000154938,-0.0016823,
0.854,0,0,0,0,0,0,0,0,0,0,0,0,0,0,0,0,-0.0320541,0.999291,0.0192667,0,0.996541,0.0334304,-0.0759586,0,-0.0765503,0.0167656,-0.996925,0,0.490388,0.0081524,0.0746523,1,-0.24764,-33.0267,-0.375479,15.0495,0.317137,2.45894,0.0166774,37.1299,87.5751,135.832,-26.7496,18.2661,15.5845,-15.9093,0.0293738,0.334922,-0.0136351,-2.37036,0.0458356,2.62845,-0.84267,-0.00127555,0.00629242,0.0102227,0.00326207,-0.000183775,-0.00554233,-0.000464954,
0.888,0,0,0,0,0,0,0,0,0,0,0,0,0,0,0,0,-0.0323536,0.999278,0.0194373,0,0.996467,0.033756,-0.0767786,0,-0.0773807,0.0168849,-0.996859,0,0.490294,0.00833763,0.0745687,1,-0.283346,-33.5147,-0.339773,15.3788,0.323546,2.25844,0.0954127,-13.094,-68.2835,82.059,65.8921,-26.0031,-20.4461,113.376,0.0293324,0.335155,-0.0132736,-2.37005,0.0458444,2.62754,-0.842679,-0.000103981,0.00390057,0.00989156,0.0085533,0.000310552,-0.0256651,-0.00178737,
0.922,0,0,0,0,0,0,0,0,0,0,0,0,0,0,0,0,-0.0326552,0.999266,0.0195663,0,0.996453,0.0340675,-0.0768207,0,-0.0774323,0.0169886,-0.996853,0,0.490415,0.0085314,0.0745904,1,-0.469808,-33.2885,-0.486563,15.3788,0.372069,2.29323,0.109146,-190.795,-3.41207,-88.3396,22.0487,27.0115,-4.18445,75.9154,0.0293359,0.33535,-0.0129334,-2.3696,0.0458618,2.62724,-0.842666,0.0026137,0.00167347,0.0121816,0.0120161,-0.000698379,-0.0151259,-0.00199446,
0.956,0,0,0,0,0,0,0,0,0,0,0,0,0,0,0,0,-0.0330041,0.999252,0.0196819,0,0.996449,0.0344227,-0.0767212,0,-0.0773427,0.0170802,-0.996858,0,0.490647,0.00873655,0.0746653,1,-0.691976,-33.4393,-0.748403,15.3431,0.383971,2.29323,0.0825953,-48.8293,2.36987,52.0036,-4.26538,25.6026,22.8595,-7.35803,0.0293816,0.335595,-0.0126147,-2.36888,0.0458621,2.62687,-0.842658,0.00105893,0.00936562,0.0134583,0.0300195,-0.000226674,-0.0129353,-0.000215897,
0.99,0,0,0,0,0,0,0,0,0,0,0,0,0,0,0,0,-0.0332337,0.999242,0.0198053,0,0.99645,0.034659,-0.0765932,0,-0.077223,0.0171898,-0.996866,0,0.490921,0.00890755,0.074752,1,-0.434103,-33.3282,-0.411184,15.3788,0.36566,2.27949,0.069778,-129.019,34.7258,-108.651,154.447,15.2835,-14.0277,24.9151,0.0293578,0.335881,-0.0122998,-2.36804,0.0458861,2.62645,-0.842624,-0.000612631,0.00765003,0.00686647,0.0187306,-0.000320174,-0.0143637,0.00425913,
1.024,0,0,0,0,0,0,0,0,0,0,0,0,0,0,0,0,-0.0331244,0.999244,0.0198533,0,0.996455,0.0345535,-0.0765818,0,-0.0772114,0.0172465,-0.996866,0,0.491071,0.00890157,0.074786,1,-0.24764,-33.479,-0.3001,15.4145,0.323546,2.29323,0.00294445,-43.7696,26.1946,-159.83,74.2036,-12.0116,23.3012,-38.0788,0.029289,0.336083,-0.0122625,-2.36754,0.0459525,2.62616,-0.842602,-0.00124325,0.00120736,0.00193493,0.00696109,0.000736455,-0.005671,0.00226012,
1.058,0,0,0,0,0,0,0,0,0,0,0,0,0,0,0,0,-0.0328133,0.999254,0.0198881,0,0.996471,0.0342446,-0.0765052,0,-0.0771307,0.0173078,-0.996871,0,0.491159,0.0088059,0.074783,1,0.16099,-33.479,0.112497,15.3431,0.329039,2.23097,-0.0171971,64.3481,33.0202,20.1351,-31.3713,5.32087,-20.3851,-7.4451,0.0291304,0.336242,-0.0123035,-2.3673,0.0460738,2.62615,-0.842595,-0.00149802,0.00187021,-0.00442692,0.00363311,0.000124262,0.000826402,0.00130493,
1.092,0,0,0,0,0,0,0,0,0,0,0,0,0,0,0,0,-0.0325428,0.999263,0.0198756,0,0.99649,0.0339718,-0.0763826,0,-0.077003,0.0173204,-0.99688,0,0.491246,0.00866637,0.0748135,1,0.125284,-33.479,0.148203,15.2677,0.323546,2.2383,0.056045,75.2413,31.5032,175.493,-40.1344,-0.342515,-13.3292,74.7852,0.0288916,0.3363,-0.0123475,-2.36711,0.0460809,2.62614,-0.842607,-0.00772075,0.00017295,-0.0022179,0.00726895,5.16592e-05,0.000139119,-0.00251613,
1.126,0,0,0,0,0,0,0,0,0,0,0,0,0,0,0,0,-0.0325009,0.999264,0.0198806,0,0.996501,0.0339281,-0.076254,0,-0.0768739,0.0173331,-0.99689,0,0.491367,0.00864652,0.0748473,1,0.0142004,-33.5544,-0.0382594,15.1963,0.323546,2.25203,0.0624537,45.7847,59.3867,-1.46803,-36.1287,-11.5424,-4.10839,-7.64412,0.0288318,0.336418,-0.0123353,-2.36679,0.0460841,2.62607,-0.842612,0.000714065,0.00338228,0.00254301,0.0111442,5.77571e-05,-0.000953162,-0.00129626,
1.16,0,0,0,0,0,0,0,0,0,0,0,0,0,0,0,0,-0.0325831,0.999261,0.0198909,0,0.996516,0.0340069,-0.0760248,0,-0.0766465,0.0173448,-0.996907,0,0.491543,0.00869463,0.074889,1,-0.319052,-33.5147,-0.3001,15.1963,0.341856,2.20351,0.00294445,-109.256,-4.31895,-51.866,-0.942406,-11.4544,-18.7495,-17.2504,0.028874,0.336603,-0.0122914,-2.36636,0.0460868,2.62606,-0.842606,0.00302347,0.00598568,0.00119672,0.0160309,0.000397788,0.000674492,0.00173671,
1.194,0,0,0,0,0,0,0,0,0,0,0,0,0,0,0,0,-0.0327246,0.999256,0.0199219,0,0.99653,0.034146,-0.0757759,0,-0.0764013,0.0173734,-0.996926,0,0.491784,0.00877515,0.074938,1,-0.434103,-33.6258,-0.450857,15.1606,0.34735,2.20991,0.0166774,41.6946,8.50722,97.8914,-72.1023,-37.495,5.96698,-8.35078,0.0289111,0.336891,-0.0121875,-2.36572,0.0460863,2.62595,-0.842603,0.00139311,0.0103838,0.00347689,0.0229248,0.000442713,-0.000413093,0.00213975,
1.228,0,0,0,0,0,0,0,0,0,0,0,0,0,0,0,0,-0.0329385,0.999248,0.0199686,0,0.996549,0.034357,-0.0754374,0,-0.0760682,0.0174152,-0.996951,0,0.492163,0.00889079,0.0749685,1,-0.505514,-33.5901,-0.526235,15.1249,0.377562,2.19618,0.0432277,66.3963,-148.442,76.1225,-20.2011,14.727,-35.2164,21.8235,0.028951,0.337478,-0.0120267,-2.36466,0.046084,2.62581,-0.84261,0.000578176,0.0203917,0.00541257,0.0379456,-0.00026184,-0.0102015,0.000850005,
1.262,0,0,0,0,0,0,0,0,0,0,0,0,0,0,0,0,-0.033098,0.999242,0.020001,0,0.996576,0.0345109,-0.0750039,0,-0.0756387,0.0174504,-0.996983,0,0.492655,0.00898155,0.0749736,1,-0.434103,-33.6258,-0.450857,14.7956,0.372069,2.12019,0.0761866,64.7667,-96.7552,86.9293,-69.4635,-4.64994,12.6173,44.3675,0.0289681,0.338326,-0.0118934,-2.36327,0.0460839,2.62571,-0.842611,0.000628106,0.0280575,-0.000354233,0.0436781,5.88549e-05,0.000204819,-0.000346192,
1.296,0,0,0,0,0,0,0,0,0,0,0,0,0,0,0,0,-0.0332559,0.999237,0.0200217,0,0.996616,0.0346596,-0.0744072,0,-0.0750458,0.0174798,-0.997027,0,0.493324,0.00907252,0.0749406,1,-0.469808,-33.7011,-0.450857,14.9027,0.377562,2.10646,0.0954127,-39.0547,-38.67,0.906624,30.1707,-22.2741,-9.04088,-16.792,0.0289943,0.339581,-0.011772,-2.36137,0.0460877,2.62566,-0.842612,0.00074985,0.0486076,0.00340698,0.066513,0.000272686,-0.0020549,-0.000499946,
1.33,0,0,0,0,0,0,0,0,0,0,0,0,0,0,0,0,-0.0333675,0.999233,0.0200406,0,0.996649,0.0347637,-0.0739181,0,-0.0745595,0.0175073,-0.997063,0,0.494165,0.00914396,0.0748502,1,-0.434103,-33.6654,-0.486563,14.9424,0.372069,2.10005,0.0825953,-36.7931,-1.14233,-107.494,95.6156,-6.8134,-15.116,-61.4269,0.0290036,0.341348,-0.0116814,-2.35877,0.046092,2.62532,-0.842607,-0.00286254,0.0574232,0.00283112,0.0793441,0.000131984,-0.0131928,0.000911318,
1.364,0,0,0,0,0,0,0,0,0,0,0,0,0,0,0,0,-0.0333771,0.999232,0.0200502,0,0.996668,0.0347693,-0.0736537,0,-0.0742957,0.0175254,-0.997082,0,0.495141,0.0091692,0.0746566,1,-0.358724,-33.4393,-0.264395,15.1606,0.353758,2.11378,0.0359034,-123.119,192.966,173.72,119.399,2.51744,-4.84354,-39.1028,0.0289924,0.343694,-0.0116654,-2.35551,0.0461095,2.62467,-0.8426,-0.0013235,0.0760687,-0.00167071,0.107402,0.000357616,-0.0181832,0.00217278,
1.398,0,0,0,0,0,0,0,0,0,0,0,0,0,0,0,0,-0.0333433,0.999233,0.0200465,0,0.996705,0.0347268,-0.0731663,0,-0.0738078,0.0175412,-0.997118,0,0.496409,0.009176,0.0743602,1,-0.061178,-33.5544,-0.149343,14.9781,0.34735,1.99568,0.0761866,155.446,-116.164,-78.4716,205.538,12.019,-9.93551,-33.7258,0.0289494,0.346821,-0.0116605,-2.35136,0.0461424,2.62413,-0.8426,-0.000623102,0.100679,-0.00643087,0.135315,-0.000467934,-0.0155819,0.00227563,
1.432,0,0,0,0,0,0,0,0,0,0,0,0,0,0,0,0,-0.0331409,0.99924,0.0200329,0,0.996786,0.0345064,-0.0721709,0,-0.0728087,0.017577,-0.997191,0,0.498009,0.00912859,0.0740401,1,0.0895788,-33.8916,-0.113638,14.7599,0.311644,1.90596,0.0359034,128.09,71.5235,-165.616,-21.753,-7.51664,-5.54719,-56.1859,0.0288213,0.350534,-0.011684,-2.3464,0.0462381,2.62389,-0.842591,-0.00600497,0.109625,0.00288932,0.152144,0.000249767,-0.0078501,0.00210946,
1.466,0,0,0,0,0,0,0,0,0,0,0,0,0,0,0,0,-0.0328722,0.99925,0.019995,0,0.996867,0.0342182,-0.0711829,0,-0.0718151,0.0175928,-0.997263,0,0.499817,0.00902889,0.0736483,1,0.16099,-33.8162,0.0728246,14.9027,0.305235,1.87117,0.00294445,111.192,54.6618,40.1315,44.2503,7.67717,-14.8587,-57.1837,0.0286316,0.354834,-0.0117527,-2.34069,0.0463095,2.62347,-0.84259,-0.00773033,0.126637,-0.000702167,0.175094,0.00353677,-0.021056,0.00191527,
1.5,0,0,0,0,0,0,0,0,0,0,0,0,0,0,0,0,-0.0327482,0.999255,0.0199617,0,0.996949,0.0340728,-0.0700899,0,-0.0707192,0.0176059,-0.997341,0,0.501834,0.00899536,0.0732406,1,0.0895788,-33.6654,0.0728246,14.8313,0.299742,1.78145,-0.0236058,67.4196,124.732,11.6704,127.563,15.4145,-37.8523,-89.0323,0.0285151,0.359558,-0.0117747,-2.33431,0.0463552,2.6229,-0.842588,-0.00675254,0.146622,-0.00156396,0.192168,0.00048545,-0.0112359,0.00343524,
1.534,0,0,0,0,0,0,0,0,0,0,0,0,0,0,0,0,-0.0326825,0.999257,0.0199332,0,0.997038,0.0339835,-0.0688595,0,-0.0694871,0.017624,-0.997427,0,0.504127,0.00897901,0.0728675,1,0.311747,-34.0027,0.334665,14.5377,0.26953,1.71919,0.069778,-62.9764,93.3204,1.58595,-79.7673,21.3437,-14.0607,32.5422,0.0284069,0.364703,-0.0117864,-2.32705,0.0463861,2.62202,-0.8426,-0.0054064,0.153551,-0.00140521,0.233002,0.0024149,-0.0433422,-0.000187931,
1.568,0,0,0,0,0,0,0,0,0,0,0,0,0,0,0,0,-0.0326275,0.999259,0.019947,0,0.997107,0.0339124,-0.0678898,0,-0.0685173,0.0176746,-0.997493,0,0.506679,0.00897749,0.0725979,1,0.387125,-34.0423,0.334665,14.4306,0.275023,1.69173,0.089004,78.9008,-128.045,23.5428,-112.977,6.20243,-48.5723,74.4236,0.0282922,0.37016,-0.0117927,-2.3187,0.0464106,2.6201,-0.842602,-0.00509144,0.168385,-7.5739e-05,0.256129,-0.000235402,-0.0781664,-0.00765441,
1.602,0,0,0,0,0,0,0,0,0,0,0,0,0,0,0,0,-0.0326544,0.999257,0.0200087,0,0.997134,0.0339361,-0.0674712,0,-0.0681013,0.0177485,-0.997521,0,0.509326,0.00901969,0.0723566,1,0.236368,-34.3795,0.263254,14.3195,0.281432,1.63679,0.0954127,-157.319,99.2712,-97.8339,52.2889,4.04018,8.06517,88.483,0.0282247,0.375869,-0.0117854,-2.3096,0.0464196,2.61712,-0.842602,0.000941604,0.172104,-0.000638285,0.270094,-0.000398661,-0.0945304,-0.00301452,
1.636,0,0,0,0,0,0,0,0,0,0,0,0,0,0,0,0,-0.0327198,0.999253,0.0201101,0,0.997124,0.0340103,-0.0675871,0,-0.0682219,0.0178411,-0.997511,0,0.512066,0.0090842,0.0720903,1,0.200663,-34.3399,0.223581,14.6488,0.299742,1.69173,0.102737,-47.2347,46.3341,152.241,-158.21,22.4013,23.1665,56.3511,0.0281803,0.381962,-0.0117786,-2.29973,0.0464223,2.61322,-0.842605,0.000277005,0.176547,0.00165255,0.300614,-0.00032564,-0.126643,-0.00155469,
1.67,0,0,0,0,0,0,0,0,0,0,0,0,0,0,0,0,-0.0328704,0.999245,0.020228,0,0.997146,0.0341614,-0.0671867,0,-0.0678283,0.0179621,-0.997535,0,0.515221,0.00919712,0.072072,1,0.0895788,-34.8279,0.112497,15.3074,0.299742,1.65053,0.121963,57.5246,-101.895,-0.780579,24.7349,-8.89968,-21.1851,82.961,0.0281844,0.388144,-0.0117536,-2.28882,0.0464271,2.60889,-0.842606,-0.00107928,0.193943,0.00184895,0.337902,4.345e-05,-0.144808,-0.00257062,
1.704,0,0,0,0,0,0,0,0,0,0,0,0,0,0,0,0,-0.0330885,0.999235,0.0203919,0,0.997147,0.0343877,-0.0670494,0,-0.0677006,0.0181155,-0.997541,0,0.518398,0.0093503,0.0721691,1,-0.0968836,-35.5777,-0.113638,15.0138,0.305235,1.76771,0.135696,-62.1644,3.27631,-111.013,-75.2164,-24.8934,27.1618,28.0082,0.0282096,0.394175,-0.0116932,-2.27762,0.0464265,2.60385,-0.842607,0.000300186,0.186565,0.0020347,0.339884,0.000483108,-0.153165,-0.0022278,
1.738,0,0,0,0,0,0,0,0,0,0,0,0,0,0,0,0,-0.0333995,0.999221,0.0205764,0,0.997161,0.0347039,-0.0666873,0,-0.0673507,0.018291,-0.997562,0,0.521854,0.00955762,0.0722732,1,-0.358724,-35.5023,-0.339773,14.9027,0.335448,1.80983,0.188797,131.421,-69.2309,-16.2525,-3.99717,-18.2659,-20.8579,48.3405,0.0282553,0.400712,-0.0115703,-2.26555,0.0464233,2.59867,-0.842608,0.00172106,0.199776,0.00540275,0.361294,0.000197104,-0.154867,-0.00242558,
1.772,0,0,0,0,0,0,0,0,0,0,0,0,0,0,0,0,-0.0336908,0.999207,0.0207828,0,0.99712,0.0350166,-0.0671279,0,-0.0678037,0.0184618,-0.997528,0,0.525214,0.00976678,0.0721257,1,-0.283346,-36.0656,-0.224722,15.1963,0.353758,1.8437,0.148513,6.56093,16.9728,47.5714,-308.677,17.0152,13.4288,48.4625,0.0283223,0.407898,-0.0114711,-2.25307,0.0464244,2.59292,-0.842599,-0.000187117,0.213743,-0.000614196,0.373275,-0.00035697,-0.167956,-0.000732486,
1.806,0,0,0,0,0,0,0,0,0,0,0,0,0,0,0,0,-0.0338884,0.999197,0.0209363,0,0.997113,0.0352241,-0.0671197,0,-0.0678046,0.0186017,-0.997525,0,0.528883,0.00991803,0.0719514,1,-0.136556,-36.2164,-0.113638,15.1606,0.341856,1.76131,0.162246,68.0994,-52.3403,40.2071,29.1717,-33.9644,18.7537,47.7054,0.0283584,0.415676,-0.0114508,-2.23973,0.0464241,2.58737,-0.842586,-0.000826136,0.238238,0.00360592,0.403383,0.000680308,-0.168431,-0.00075836,
1.84,0,0,0,0,0,0,0,0,0,0,0,0,0,0,0,0,-0.0340059,0.99919,0.0210533,0,0.997133,0.0353427,-0.0667683,0,-0.0674596,0.0187227,-0.997546,0,0.532773,0.0100249,0.071655,1,0.0142004,-36.2561,-0.00255384,15.1963,0.359251,1.71278,0.129287,-89.2383,-6.7179,-30.9611,35.5585,16.2973,-29.3529,-72.6895,0.0283362,0.424123,-0.0114536,-2.22575,0.0464253,2.58218,-0.842568,-0.000188882,0.260379,0.000418522,0.413679,-8.19895e-05,-0.128271,0.0021925,
1.874,0,0,0,0,0,0,0,0,0,0,0,0,0,0,0,0,-0.034113,0.999185,0.02114,0,0.997195,0.0354369,-0.0657868,0,-0.0664836,0.0188369,-0.99761,0,0.536958,0.0101375,0.0714343,1,-0.0215052,-37.1924,-0.00255384,15.1606,0.372069,1.62947,0.148513,-137.17,-99.5221,24.0203,295.934,14.3563,38.8703,-5.16309,0.0283258,0.432846,-0.0114631,-2.21112,0.0464243,2.57725,-0.842517,0.0040088,0.271955,-0.000575727,0.442086,-0.000281268,-0.160141,0.00243413,
1.908,0,0,0,0,0,0,0,0,0,0,0,0,0,0,0,0,-0.0341645,0.99918,0.0212845,0,0.997174,0.0355031,-0.066062,0,-0.0667648,0.0189678,-0.997588,0,0.540954,0.0102154,0.0709221,1,0.200663,-37.1924,0.112497,15.3074,0.341856,1.66426,0.162246,27.3388,33.2037,-101.745,-61.5315,12.4323,-23.8337,47.5874,0.0282574,0.442231,-0.0114904,-2.19602,0.0464368,2.57125,-0.842501,-0.00224088,0.280426,0.000177247,0.46345,0.000423144,-0.169147,2.05988e-05,
1.942,0,0,0,0,0,0,0,0,0,0,0,0,0,0,0,0,-0.0341028,0.99918,0.0213991,0,0.997227,0.0354345,-0.0652895,0,-0.0659955,0.0191136,-0.997637,0,0.545534,0.0102658,0.0707308,1,0.16099,-36.7401,0.187876,15.2677,0.341856,1.74757,0.241897,35.6095,133.014,49.4529,-288.761,16.8035,-13.6017,79.4134,0.0281389,0.451808,-0.0115396,-2.17959,0.0464512,2.56517,-0.84241,-0.000392908,0.28573,-0.00259832,0.480849,0.000108905,-0.183738,0.00455131,
1.976,0,0,0,0,0,0,0,0,0,0,0,0,0,0,0,0,-0.0340795,0.999178,0.0215255,0,0.997281,0.0354041,-0.0644894,0,-0.0651997,0.0192695,-0.997686,0,0.5501,0.0103079,0.0705796,1,0.533915,-37.4542,0.485422,15.4145,0.323546,1.68532,0.135696,119.343,20.5893,93.1551,33.7106,6.92729,-14.7703,-54.4417,0.0280096,0.461299,-0.0115943,-2.16314,0.0464808,2.559,-0.84238,-0.00552498,0.279879,-0.00261454,0.487445,0.000726623,-0.177567,0.00176626,
2.01,0,0,0,0,0,0,0,0,0,0,0,0,0,0,0,0,-0.0340232,0.999175,0.0217373,0,0.997236,0.0353753,-0.065183,0,-0.0658995,0.0194599,-0.997636,0,0.55421,0.0103484,0.0701395,1,0.347452,-38.4301,0.334665,15.8548,0.311644,1.72652,0.142105,42.0395,-210.3,80.6175,80.3815,12.734,4.77666,-38.4342,0.0278608,0.47097,-0.011637,-2.147,0.0465439,2.55183,-0.842368,-0.00470356,0.277659,-0.00109888,0.470446,0.00206057,-0.216759,0.000400971,
2.044,0,0,0,0,0,0,0,0,0,0,0,0,0,0,0,0,-0.0339958,0.999171,0.0219836,0,0.997198,0.0353756,-0.0657631,0,-0.0664876,0.0196867,-0.997593,0,0.55843,0.0104172,0.0697953,1,0.276041,-38.1286,0.263254,16.5134,0.305235,1.94075,0.181472,-73.5712,-40.5838,-7.47018,98.0286,-32.3701,76.2346,5.0514,0.027727,0.480665,-0.0116576,-2.13045,0.0466374,2.54438,-0.842363,-0.00166273,0.272531,0.000418569,0.473602,0.00466304,-0.217197,-0.00050478,
2.078,0,0,0,0,0,0,0,0,0,0,0,0,0,0,0,0,-0.0340043,0.999166,0.0221933,0,0.997166,0.0354076,-0.0662414,0,-0.0669732,0.0198783,-0.997557,0,0.562214,0.0104816,0.0694421,1,0.387125,-38.5412,0.410044,15.8548,0.341856,1.74025,0.228164,-77.4083,41.4971,16.8409,-138.742,-23.1405,8.98723,-2.57649,0.0276113,0.489487,-0.0116725,-2.11553,0.0467052,2.53778,-0.842368,-0.00470359,0.27601,-0.00309862,0.439449,3.39295e-05,-0.189139,-0.00130217,
2.112,0,0,0,0,0,0,0,0,0,0,0,0,0,0,0,0,-0.0340439,0.999159,0.0224476,0,0.997102,0.0354825,-0.0671543,0,-0.0678956,0.0200967,-0.99749,0,0.565562,0.0105911,0.0691877,1,0.276041,-39.4061,0.263254,16.1841,0.286925,1.81624,0.234573,69.1909,-99.9263,63.2054,-115.878,-7.41581,12.4203,123.053,0.0275574,0.497339,-0.0116636,-2.10186,0.0467953,2.53104,-0.842351,-0.00166706,0.216191,0.000493171,0.378181,0.0019459,-0.214928,-0.00271928,
2.146,0,0,0,0,0,0,0,0,0,0,0,0,0,0,0,0,-0.0339292,0.999156,0.0227171,0,0.997037,0.0354067,-0.0681508,0,-0.068899,0.0203379,-0.997416,0,0.568388,0.0106459,0.0689473,1,0.276041,-38.7317,0.223581,16.5491,0.311644,1.86476,0.195205,49.6601,-3.674,-28.4543,4.21252,-5.67367,-31.63,-22.0388,0.0274501,0.504119,-0.0116732,-2.09006,0.0469619,2.52502,-0.842339,-0.00505653,0.175239,-0.000178527,0.312386,0.00533526,-0.142927,-0.000643481,
2.18,0,0,0,0,0,0,0,0,0,0,0,0,0,0,0,0,-0.0339574,0.999152,0.0228721,0,0.997016,0.0354514,-0.0684364,0,-0.0691905,0.0204803,-0.997393,0,0.570767,0.0106965,0.0689804,1,0.311747,-39.295,0.148203,16.9895,0.299742,1.96821,0.148513,-6.52454,42.5269,-224.858,-42.3388,0.162756,2.80152,-38.4854,0.0273713,0.509164,-0.0116711,-2.08062,0.0469875,2.52033,-0.84233,-0.00395652,0.139297,0.00307643,0.246056,-0.000185611,-0.133976,0.00140812,
2.214,0,0,0,0,0,0,0,0,0,0,0,0,0,0,0,0,-0.0339684,0.999148,0.0230395,0,0.996927,0.0354999,-0.0696898,0,-0.0704497,0.0206019,-0.997303,0,0.572196,0.0107295,0.068923,1,0.387125,-39.7076,0.29896,16.7673,0.281432,1.90596,0.234573,101.67,-68.3852,18.7828,206.494,8.715,-35.3901,51.0149,0.0273141,0.512698,-0.0116823,-2.07402,0.047014,2.51599,-0.84234,-0.00419173,0.0858514,0.00312306,0.159857,-0.000171091,-0.118659,-0.00222549,
2.248,0,0,0,0,0,0,0,0,0,0,0,0,0,0,0,0,-0.0339725,0.999144,0.0231821,0,0.996828,0.0355429,-0.0710799,0,-0.0718444,0.0206942,-0.997201,0,0.572834,0.0107546,0.0688847,1,0.049906,-39.3307,0.0728246,16.8427,0.299742,1.90596,0.234573,100.108,-87.3436,119.262,-16.4189,-7.47002,26.5118,23.5334,0.0272624,0.514558,-0.0116676,-2.07038,0.0470212,2.51281,-0.84234,0.000439281,0.0222466,-0.00108487,0.0652832,9.0163e-05,-0.0793426,-0.00875784,
2.282,0,0,0,0,0,0,0,0,0,0,0,0,0,0,0,0,-0.0339645,0.999142,0.0232785,0,0.996732,0.0355691,-0.0723892,0,-0.0731565,0.0207442,-0.997105,0,0.572718,0.0107639,0.0689015,1,0.125284,-38.6166,0.112497,17.1323,0.299742,1.99568,0.228164,39.3945,142.059,36.6249,-118.819,10.2893,24.5623,15.3637,0.0272428,0.514669,-0.0116623,-2.06976,0.0470216,2.51099,-0.842339,-0.0060361,-0.00867412,0.00285469,-0.00412955,5.11341e-05,-0.0336426,-0.00124901,
2.316,0,0,0,0,0,0,0,0,0,0,0,0,0,0,0,0,-0.0339243,0.999142,0.0233364,0,0.99666,0.0355539,-0.07338,0,-0.0741482,0.0207695,-0.997031,0,0.572316,0.010755,0.068959,1,0.236368,-38.8824,0.29896,17.0966,0.281432,2.01674,0.148513,68.53,-194.644,145.579,-111.917,-0.228263,20.06,-18.7029,0.0272276,0.513987,-0.0116666,-2.07054,0.0470236,2.51009,-0.84233,-0.00228625,-0.0224494,-0.00246974,-0.0367852,0.000242518,-0.0199822,0.00159465,
2.35,0,0,0,0,0,0,0,0,0,0,0,0,0,0,0,0,-0.0338031,0.999146,0.0233663,0,0.996597,0.0354541,-0.0742835,0,-0.0750499,0.0207762,-0.996963,0,0.571633,0.0106941,0.0689919,1,0.200663,-38.9181,0.0728246,17.2434,0.281432,2.05794,0.155838,253.808,-95.425,-124.219,-67.0133,5.64989,8.91521,31.8485,0.0271587,0.512731,-0.0116854,-2.07248,0.0470284,2.50987,-0.842326,-0.00662932,-0.0443007,0.00258028,-0.072083,-0.000153905,-0.000480674,-0.000285622,
2.384,0,0,0,0,0,0,0,0,0,0,0,0,0,0,0,0,-0.0336082,0.999152,0.023386,0,0.996539,0.0352792,-0.075147,0,-0.0759098,0.0207799,-0.996898,0,0.570786,0.010591,0.0690916,1,0.347452,-38.8824,0.374338,17.1323,0.256712,2.05794,0.135696,-96.7096,17.7987,-54.7851,-60.3062,-2.13912,-4.93763,34.8228,0.0270399,0.510967,-0.0117185,-2.07512,0.0470359,2.50988,-0.842321,-0.00461414,-0.0533468,0.000805332,-0.0850316,8.17853e-05,0.00310134,-0.000537712,
2.416,0,0,0,0,0,0,0,0,0,0,0,0,0,0,0,0,-0.033458,0.999156,0.0234245,0,0.99647,0.0351523,-0.0761038,0,-0.0768645,0.020796,-0.996825,0,0.569867,0.0105167,0.0691752,1,0.200663,-38.6563,0.223581,17.537,0.263121,2.10646,0.0624537,49.5636,-98.5818,-12.5991,132.327,-20.1557,-17.2481,-22.7357,0.0269281,0.509117,-0.0117098,-2.07795,0.0470368,2.5099,-0.842314,-0.00171128,-0.0578743,0.000688542,-0.0885712,0.00192999,0.00146642,0.00280567,
2.454,0,0,0,0,0,0,0,0,0,0,0,0,0,0,0,0,-0.0334059,0.999157,0.0234704,0,0.996396,0.0351244,-0.0770898,0,-0.0778507,0.020811,-0.996748,0,0.568803,0.0104902,0.0693398,1,0.200663,-38.9181,0.0728246,17.6838,0.256712,2.20991,0.168655,84.2766,24.5924,-121.165,16.4646,-11.713,13.9841,22.1135,0.0268966,0.506792,-0.0116932,-2.08133,0.0470364,2.50997,-0.842323,-0.000673007,-0.0602165,0.00171838,-0.0822989,0.000501378,0.0051427,-0.00204147,
2.488,0,0,0,0,0,0,0,0,0,0,0,0,0,0,0,0,-0.0333777,0.999157,0.0235001,0,0.996335,0.035115,-0.0778735,0,-0.0786346,0.0208151,-0.996686,0,0.567948,0.0104868,0.0694021,1,0.125284,-38.6563,0.0728246,17.4259,0.251219,2.22365,0.115554,87.7962,-119.113,24.6065,211.539,-29.2391,6.73692,-81.6044,0.026903,0.505076,-0.0116773,-2.08404,0.0470367,2.51017,-0.842312,0.000814828,-0.0449122,0.00261341,-0.088237,0.000293728,0.0138866,0.000630667,
2.522,0,0,0,0,0,0,0,0,0,0,0,0,0,0,0,0,-0.0333324,0.999158,0.0235142,0,0.996276,0.035087,-0.0786424,0,-0.0794027,0.0208056,-0.996625,0,0.567051,0.0104749,0.0693598,1,0.16099,-38.7317,0.148203,17.5727,0.251219,2.29323,0.069778,-72.7287,-87.6292,-38.1025,-187.868,14.3511,-6.01579,-31.2874,0.0269071,0.503501,-0.0116666,-2.08687,0.0470378,2.51066,-0.842298,-0.000180162,-0.0508165,0.000420755,-0.0896174,-0.000105386,0.0192533,0.00125182,
2.556,0,0,0,0,0,0,0,0,0,0,0,0,0,0,0,0,-0.0332617,0.99916,0.0235214,0,0.996224,0.0350311,-0.0793127,0,-0.0800716,0.0207949,-0.996572,0,0.566125,0.0104383,0.069328,1,0.236368,-38.6563,0.187876,17.6441,0.244811,2.34816,0.162246,50.7049,-69.093,19.2107,-43.4619,15.7428,11.4927,22.4966,0.0268824,0.501814,-0.0116661,-2.08989,0.0470468,2.51132,-0.842304,-0.000492456,-0.0479376,-9.27684e-05,-0.0905901,-0.00012675,0.0196898,-0.00285187,
2.59,0,0,0,0,0,0,0,0,0,0,0,0,0,0,0,0,-0.033228,0.999161,0.0235493,0,0.996168,0.0350147,-0.0800302,0,-0.0807892,0.0208002,-0.996514,0,0.565205,0.010436,0.0693613,1,-0.0215052,-38.7317,0.037119,17.7552,0.2265,2.43788,0.0432277,-45.6708,-22.3292,73.5084,-130.567,-11.5196,17.8537,-48.901,0.0268839,0.50001,-0.0116383,-2.09288,0.0470537,2.51179,-0.842293,0.00134388,-0.054249,-0.00229282,-0.0856616,0.000423355,0.0132431,0.00240293,
2.624,0,0,0,0,0,0,0,0,0,0,0,0,0,0,0,0,-0.033253,0.999159,0.0236061,0,0.996086,0.0350649,-0.0810205,0,-0.0817816,0.0208199,-0.996433,0,0.564108,0.0104621,0.0694717,1,-0.0968836,-39.0689,0.037119,17.8663,0.2265,2.54225,0.069778,-108.217,-129.345,215.122,-24.9242,-6.3557,-0.606521,6.36026,0.0269134,0.497749,-0.0115898,-2.09634,0.0470577,2.51199,-0.842296,0.00219797,-0.0717362,0.00365929,-0.118663,0.000396193,0.00672909,0.000559009,
2.658,0,0,0,0,0,0,0,0,0,0,0,0,0,0,0,0,-0.0332771,0.999156,0.0236612,0,0.996017,0.0351106,-0.0818413,0,-0.0826046,0.0208439,-0.996364,0,0.562824,0.0104941,0.06957,1,-0.172262,-38.8427,-0.189016,17.7552,0.239317,2.50014,0.069778,0.669398,40.8227,48.1159,18.7378,-0.379233,-10.1254,-20.1382,0.0269197,0.495071,-0.0114952,-2.10065,0.0470618,2.5128,-0.842293,0.000333824,-0.0834159,0.0020308,-0.136598,-0.000264475,0.0425027,0.00156493,
2.692,0,0,0,0,0,0,0,0,0,0,0,0,0,0,0,0,-0.0333418,0.999154,0.0236604,0,0.99601,0.0351763,-0.0819011,0,-0.0826657,0.0208357,-0.99636,0,0.56149,0.0105371,0.069593,1,-0.319052,-38.204,-0.224722,17.8266,0.256712,2.42415,0.129287,-73.5658,21.5372,1.00793,55.8718,30.6004,-32.9639,44.2558,0.0269428,0.492229,-0.0113719,-2.10574,0.0470599,2.51499,-0.842294,0.00215167,-0.0826056,0.00649495,-0.153196,-0.00268333,0.0733059,-0.00111911,
2.726,0,0,0,0,0,0,0,0,0,0,0,0,0,0,0,0,-0.0333418,0.999155,0.0236395,0,0.996007,0.0351752,-0.0819306,0,-0.0826945,0.0208138,-0.996358,0,0.560026,0.0105459,0.0696652,1,-0.207968,-38.5809,-0.264395,17.6084,0.221007,2.43147,0.162246,17.3637,41.2502,54.3536,38.5736,-9.34713,-13.419,62.0401,0.0269596,0.489,-0.0112925,-2.11135,0.0470681,2.51734,-0.84229,0.000424302,-0.0910926,0.000462386,-0.174381,-7.14611e-05,0.0750113,-0.00226311,
2.76,0,0,0,0,0,0,0,0,0,0,0,0,0,0,0,0,-0.0333902,0.999154,0.023608,0,0.996003,0.0352216,-0.0819687,0,-0.0827325,0.020777,-0.996355,0,0.558393,0.0105793,0.0695898,1,-0.283346,-38.5412,-0.375479,17.7195,0.2265,2.51478,0.129287,76.4589,-3.61009,-197.681,2.48434,-5.06595,-35.9198,-11.9669,0.0270003,0.485758,-0.0111786,-2.11753,0.047068,2.52025,-0.842285,-0.00168039,-0.107448,0.00793054,-0.190506,0.000260594,0.0945655,-0.00169474,
2.794,0,0,0,0,0,0,0,0,0,0,0,0,0,0,0,0,-0.0334503,0.999152,0.0236057,0,0.995957,0.0352923,-0.082497,0,-0.0832617,0.0207511,-0.996312,0,0.556486,0.0106193,0.06943,1,-0.505514,-37.9818,-0.411184,17.6838,0.2265,2.56972,0.155838,25.4699,116.326,125.317,109.589,-12.6187,-19.1557,30.3935,0.0270266,0.482287,-0.0110339,-2.12432,0.047068,2.52304,-0.842292,-0.00217631,-0.109421,-0.00098374,-0.213652,7.9427e-05,0.0775092,-0.00156206,
2.828,0,0,0,0,0,0,0,0,0,0,0,0,0,0,0,0,-0.0334281,0.999153,0.0235793,0,0.995876,0.0352882,-0.0834679,0,-0.0842309,0.0206923,-0.996231,0,0.554171,0.0106128,0.0691775,1,-0.319052,-37.9818,-0.375479,17.902,0.209105,2.49373,0.148513,81.4806,-69.0484,-55.4138,-65.0412,-4.49418,-13.448,108.705,0.0270588,0.478321,-0.0109544,-2.13224,0.0470748,2.52602,-0.842292,0.000322955,-0.113484,0.00152115,-0.241383,-6.39039e-05,0.110159,-0.0027489,
2.862,0,0,0,0,0,0,0,0,0,0,0,0,0,0,0,0,-0.033302,0.999161,0.0234524,0,0.995895,0.0351482,-0.0832931,0,-0.0840491,0.0205827,-0.996249,0,0.551955,0.0105423,0.0689231,1,-0.207968,-37.9422,-0.224722,17.5727,0.209105,2.43788,0.089004,31.8182,194.896,75.0701,-17.4929,-1.79477,-7.16545,-3.579,0.0270522,0.474245,-0.0109206,-2.14068,0.0470881,2.53057,-0.842277,0.000738775,-0.120202,-0.000482141,-0.251819,-0.000145247,0.13618,-0.000356979,
2.896,0,0,0,0,0,0,0,0,0,0,0,0,0,0,0,0,-0.0332318,0.999165,0.0233707,0,0.995866,0.0350792,-0.0836694,0,-0.084421,0.020494,-0.996219,0,0.549489,0.0104905,0.0687797,1,-0.358724,-37.8668,-0.486563,17.3902,0.221007,2.55598,0.0825953,-71.1893,-167.726,-113.632,-91.1905,9.39732,-0.943957,-4.84763,0.0270499,0.469579,-0.0108636,-2.14963,0.0470878,2.53448,-0.842284,0.00113772,-0.1484,-0.00198544,-0.274281,-1.25631e-05,0.0998525,0.000874196,
2.93,0,0,0,0,0,0,0,0,0,0,0,0,0,0,0,0,-0.0331943,0.999167,0.0233192,0,0.995782,0.0350581,-0.0846794,0,-0.085428,0.0204103,-0.996135,0,0.54664,0.0104686,0.0685612,1,-0.616598,-37.6407,-0.676992,17.8266,0.214598,2.56239,0.0954127,118.746,-24.5944,59.9959,118.74,-20.3915,-26.4569,24.9584,0.0270909,0.464503,-0.0107884,-2.15944,0.0470919,2.53821,-0.842282,0.00514935,-0.142397,0.00360713,-0.294115,0.00025241,0.135493,-0.000262204,
2.964,0,0,0,0,0,0,0,0,0,0,0,0,0,0,0,0,-0.0331027,0.999175,0.023118,0,0.995861,0.0349317,-0.0837969,0,-0.0845369,0.0202488,-0.996215,0,0.543927,0.0103947,0.0682342,1,-0.172262,-37.2677,-0.224722,17.3545,0.221007,2.32802,0.115554,10.8461,76.6163,80.9271,36.401,11.4608,7.86059,33.6755,0.0271032,0.459438,-0.010727,-2.17017,0.0471022,2.54477,-0.842284,-0.00390005,-0.153698,-0.000533577,-0.32113,-0.000578968,0.211582,-0.00209466,
2.998,0,0,0,0,0,0,0,0,0,0,0,0,0,0,0,0,-0.032988,0.999183,0.0229455,0,0.995882,0.0347989,-0.0836028,0,-0.0843346,0.0200935,-0.996235,0,0.540922,0.0103115,0.0679009,1,-0.24764,-37.0059,-0.375479,17.1323,0.196288,2.34816,0.0230861,55.9724,237.206,26.4678,-76.2472,27.1094,-35.4687,-64.389,0.0271048,0.454023,-0.0106719,-2.18138,0.047105,2.55077,-0.842278,0.00187316,-0.165067,0.000742988,-0.333844,-0.000256766,0.159305,0.00168504,
3.032,0,0,0,0,0,0,0,0,0,0,0,0,0,0,0,0,-0.0328719,0.99919,0.0227738,0,0.99589,0.0346678,-0.0835598,0,-0.0842833,0.0199339,-0.996242,0,0.537797,0.0102275,0.0674043,1,-0.319052,-36.5933,-0.3001,17.0609,0.172484,2.45253,0.089004,-87.6447,-105.505,65.5666,6.95326,-2.78356,-30.2415,17.5339,0.0271007,0.448827,-0.0106047,-2.19279,0.0471218,2.55704,-0.842285,0.00221447,-0.158747,0.00109579,-0.345268,0.000608804,0.197733,-0.000802264,
3.066,0,0,0,0,0,0,0,0,0,0,0,0,0,0,0,0,-0.0328102,0.999197,0.0225783,0,0.995954,0.0345754,-0.0828273,0,-0.083543,0.0197698,-0.996308,0,0.534712,0.0101728,0.0670632,1,-0.505514,-36.4029,-0.601614,16.6602,0.196288,2.20351,0.0166774,-9.86363,-69.9864,-13.7961,-60.1834,-26.4234,-58.0671,-48.9811,0.0271199,0.4432,-0.0104991,-2.2046,0.04713,2.56396,-0.842277,0.00138883,-0.177799,0.00436742,-0.359122,0.000532769,0.190907,0.00192881,
3.1,0,0,0,0,0,0,0,0,0,0,0,0,0,0,0,0,-0.0327799,0.999201,0.0224327,0,0.995978,0.0345277,-0.0825595,0,-0.0832697,0.0196366,-0.996334,0,0.531384,0.0101432,0.0667078,1,-0.283346,-36.0299,-0.375479,16.8427,0.196288,2.17604,0.0432277,163.584,-20.7639,7.47115,130.5,25.0113,-50.4568,1.10336,0.0271291,0.437286,-0.0103407,-2.21686,0.0471524,2.57059,-0.84228,-0.00214018,-0.16744,0.00527976,-0.35506,0.000488233,0.200669,-0.00259342,
