0.001,0,0,0,0,0,0,0,0,0,0,0,0,0,0,0,0,-0.0293833,0.999427,0.0161991,0,0.997691,0.0303146,-0.0606098,0,-0.0610673,0.0143811,-0.99803,0,0.486499,0.00535467,0.060362,1,-0.319052,-33.7408,-0.788076,15.7438,0.286925,2.58345,0.102737,-5.80602,90.5227,-10.9207,-9.52024,7.6646,-6.86671,133.588,0.0588378,0.362162,-0.0438509,-2.38869,0.0708253,2.68868,-0.862574,0.000230149,-0.000530763,0.000878022,-0.000558732,-9.12608e-05,-0.00012533,-0.00243791,
0.035,0,0,0,0,0,0,0,0,0,0,0,0,0,0,0,0,-0.0293741,0.999428,0.0161995,0,0.997692,0.0303055,-0.0606122,0,-0.0610696,0.014382,-0.99803,0,0.486497,0.00535242,0.0603615,1,-0.283346,-33.7408,-0.712698,15.7438,0.281432,2.60451,0.089004,49.8323,-9.40389,72.5815,-18.7327,-12.6395,28.7645,72.9539,0.0588364,0.362162,-0.0438538,-2.38869,0.0708291,2.68868,-0.862572,0.00587681,-0.000349921,-0.000423143,0.000817082,0.0001747,-0.000605187,-0.00182849,
0.069,0,0,0,0,0,0,0,0,0,0,0,0,0,0,0,0,-0.0293706,0.999428,0.0161988,0,0.997691,0.0303022,-0.0606209,0,-0.0610783,0.0143812,-0.998029,0,0.486496,0.0053506,0.0603555,1,-0.283346,-33.9273,-0.712698,15.7438,0.281432,2.59077,0.089004,-137.837,-171.852,-42.0591,-42.15,-20.6579,3.66853,18.438,0.0588331,0.362176,-0.0438538,-2.38869,0.0708291,2.68868,-0.862572,-0.000579219,0.00156224,-3.82895e-05,9.24954e-05,0.00959508,-0.000334207,-0.00279142,
0.103,0,0,0,0,0,0,0,0,0,0,0,0,0,0,0,0,-0.0293291,0.999429,0.0161932,0,0.997694,0.03026,-0.0605995,0,-0.0610561,0.0143788,-0.998031,0,0.486503,0.00533109,0.0603632,1,-0.0968836,-33.7765,-0.637319,15.6723,0.281432,2.56972,0.0496363,87.1404,-174.872,18.9326,-84.8995,-11.7012,5.32303,-20.1267,0.0588094,0.362165,-0.0438687,-2.38868,0.0708291,2.68869,-0.862568,-0.00112984,0.00070533,-0.000152219,0.000516316,7.14203e-05,-0.000186045,-0.000117104,
0.137,0,0,0,0,0,0,0,0,0,0,0,0,0,0,0,0,-0.029335,0.999429,0.0161933,0,0.997694,0.0302659,-0.0605983,0,-0.061055,0.0143786,-0.998031,0,0.486503,0.00533068,0.0603631,1,-0.0968836,-33.8162,-0.676992,15.6723,0.281432,2.55598,0.109146,144.962,-65.7705,-95.7661,-119.411,9.9337,-12.4516,46.1385,0.0588091,0.362165,-0.0438691,-2.38869,0.0708291,2.68869,-0.862574,-0.00131854,0.000623846,0.00169831,0.000273846,3.3612e-05,0.000298476,-0.00253883,
0.171,0,0,0,0,0,0,0,0,0,0,0,0,0,0,0,0,-0.0293365,0.999429,0.0161916,0,0.997693,0.0302674,-0.0606043,0,-0.061061,0.0143767,-0.99803,0,0.486501,0.00533193,0.0603609,1,-0.207968,-33.8162,-0.637319,15.708,0.293334,2.55598,0.0825953,-101.958,36.4622,-56.852,27.15,17.4762,-0.669343,60.4332,0.0588151,0.362168,-0.0438719,-2.38869,0.0708277,2.68869,-0.862571,0.0015834,-0.00137485,-0.00017854,0.000128616,-0.000168798,-9.15985e-05,-0.000938279,
0.205,0,0,0,0,0,0,0,0,0,0,0,0,0,0,0,0,-0.0293359,0.999429,0.0161921,0,0.997694,0.0302667,-0.0605903,0,-0.0610469,0.0143776,-0.998031,0,0.486506,0.00533499,0.0603656,1,-0.207968,-33.7408,-0.676992,15.6723,0.293334,2.54225,0.0230861,25.8567,-115.701,41.824,181.187,14.8051,25.7072,1.66294,0.0588179,0.362162,-0.0438691,-2.38868,0.0708277,2.68869,-0.862565,-7.4429e-05,0.00111907,0.000727795,-0.00121306,-0.000351758,-0.000261991,0.000533294,
0.239,0,0,0,0,0,0,0,0,0,0,0,0,0,0,0,0,-0.0293393,0.999429,0.0161927,0,0.997694,0.03027,-0.060587,0,-0.0610437,0.0143781,-0.998032,0,0.486507,0.00533467,0.0603662,1,-0.207968,-33.7765,-0.637319,15.6366,0.263121,2.56239,0.0825953,-49.8592,-55.7105,51.3498,-100.366,-38.5792,37.3642,32.9139,0.0588203,0.362162,-0.0438719,-2.38868,0.0708311,2.68869,-0.862572,0.00048684,0.000811717,-0.000153879,0.00300123,0.00212898,-0.00034639,-0.00172541,
0.273,0,0,0,0,0,0,0,0,0,0,0,0,0,0,0,0,-0.0293412,0.999429,0.0161931,0,0.997695,0.0302719,-0.0605798,0,-0.0610365,0.0143785,-0.998032,0,0.486508,0.00533865,0.0603689,1,-0.207968,-33.6654,-0.712698,15.708,0.286925,2.52119,0.0166774,22.3991,85.8813,-12.0812,133.46,-1.96476,-35.5841,-9.05193,0.0588225,0.362155,-0.0438666,-2.38869,0.0708284,2.6887,-0.862564,0.00248021,-0.00501319,0.000780525,0.000288102,-0.000117059,0.000719163,0.0010069,
0.307,0,0,0,0,0,0,0,0,0,0,0,0,0,0,0,0,-0.0293544,0.999428,0.0161949,0,0.997693,0.0302853,-0.0605915,0,-0.0610485,0.0143792,-0.998031,0,0.486504,0.00534182,0.0603664,1,-0.24764,-33.7011,-0.712698,15.7438,0.286925,2.55598,0.0825953,-23.197,-9.56756,-117.177,135.788,3.44111,23.3261,16.8956,0.0588263,0.362157,-0.0438641,-2.38869,0.0708284,2.68869,-0.862571,-0.000709154,0.000196926,0.000997036,-0.00130462,-0.000214456,-0.000421736,-0.00113288,
0.341,0,0,0,0,0,0,0,0,0,0,0,0,0,0,0,0,-0.0293483,0.999428,0.0161941,0,0.997693,0.0302792,-0.0605987,0,-0.0610556,0.0143785,-0.998031,0,0.486503,0.00533798,0.0603639,1,-0.207968,-33.7765,-0.712698,15.708,0.293334,2.57612,0.089004,0.411041,120.468,-162.25,-6.70924,3.70054,-10.2294,36.8766,0.0588204,0.362163,-0.0438659,-2.38869,0.0708277,2.68869,-0.862572,-0.00110435,-0.000105956,0.000582262,0.00044301,-0.000590632,9.05291e-06,-0.00125633,
0.375,0,0,0,0,0,0,0,0,0,0,0,0,0,0,0,0,-0.0293391,0.999429,0.0161914,0,0.997694,0.0302698,-0.060595,0,-0.0610517,0.0143765,-0.998031,0,0.486505,0.00533327,0.0603645,1,-0.207968,-33.7765,-0.601614,15.6366,0.281432,2.57612,0.089004,-37.2334,3.46828,129.017,-43.9097,-5.22648,-16.5321,62.7042,0.0588204,0.362165,-0.0438745,-2.38868,0.0708291,2.68869,-0.862572,0.000373997,-0.000493217,0.000112016,-0.000936452,0.000192851,-4.07354e-05,-0.00151136,
0.409,0,0,0,0,0,0,0,0,0,0,0,0,0,0,0,0,-0.0293599,0.999428,0.0161968,0,0.997693,0.030291,-0.0605981,0,-0.0610553,0.0143805,-0.998031,0,0.486503,0.00534372,0.0603652,1,-0.24764,-33.7408,-0.748403,15.708,0.281432,2.59718,0.0761866,-16.3036,-5.57726,-115.135,-121.133,-19.4323,22.4545,43.1426,0.0588264,0.36216,-0.0438609,-2.38869,0.0708291,2.68868,-0.862574,-0.000417409,-0.00135053,0.00112897,0.00284731,0.0112489,-0.00099627,-0.00172904,
0.443,0,0,0,0,0,0,0,0,0,0,0,0,0,0,0,0,-0.0293235,0.999429,0.0161921,0,0.997693,0.0302547,-0.0606213,0,-0.0610778,0.0143774,-0.998029,0,0.486495,0.005328,0.0603563,1,-0.061178,-33.9273,-0.637319,15.7795,0.286925,2.61824,0.0166774,122.471,-194.138,-52.6172,60.4387,7.13505,20.1684,-68.8198,0.058807,0.362174,-0.0438718,-2.38869,0.0708284,2.68868,-0.862567,-0.00173777,0.00215042,-0.000120179,-0.00108769,-0.000104584,-4.29349e-05,0.0012013,
0.477,0,0,0,0,0,0,0,0,0,0,0,0,0,0,0,0,-0.0293033,0.99943,0.0161858,0,0.997693,0.0302341,-0.060623,0,-0.061079,0.0143723,-0.998029,0,0.486494,0.00531386,0.0603554,1,-0.0968836,-33.8916,-0.486563,15.8191,0.281432,2.59718,0.0954127,-198.545,-94.3307,66.0239,99.3914,14.6713,16.2046,34.4435,0.0587999,0.362173,-0.043891,-2.3887,0.0708291,2.68868,-0.862573,0.0018575,0.000301913,-0.00105061,-0.00143251,-0.000135406,-0.000273474,-0.00217194,
0.511,0,0,0,0,0,0,0,0,0,0,0,0,0,0,0,0,-0.0292886,0.99943,0.0161856,0,0.997694,0.0302192,-0.060608,0,-0.0610637,0.0143735,-0.99803,0,0.486499,0.00531178,0.06036,1,-0.061178,-33.8162,-0.561941,15.7438,0.275023,2.56972,0.00935314,-88.6896,32.705,-39.0489,13.0473,-14.8112,13.7766,-40.8097,0.0587941,0.362168,-0.0438899,-2.38869,0.0708298,2.68869,-0.862563,0.00311629,0.000121847,0.00131884,-0.000399152,0.000652685,-0.00106429,0.00165492,
0.545,0,0,0,0,0,0,0,0,0,0,0,0,0,0,0,0,-0.0292842,0.99943,0.0161855,0,0.997694,0.0302149,-0.0606121,0,-0.0610678,0.0143735,-0.99803,0,0.486499,0.00530651,0.0603589,1,0.0142004,-33.8519,-0.526235,15.7438,0.281432,2.58345,0.0761866,106.299,-53.6565,-17.8302,14.109,10.896,-18.6308,8.63135,0.0587885,0.362171,-0.0438946,-2.38869,0.0708322,2.68869,-0.862571,-0.00142348,0.000843882,0.000866786,-0.000930828,4.99327e-05,-0.000236527,-0.00173091,
0.579,0,0,0,0,0,0,0,0,0,0,0,0,0,0,0,0,-0.0292823,0.999431,0.0161834,0,0.997694,0.0302129,-0.0606173,0,-0.0610729,0.0143713,-0.99803,0,0.486497,0.00530711,0.0603572,1,-0.061178,-33.8916,-0.486563,15.7438,0.286925,2.59718,0.0166774,6.09122,-88.259,63.9174,-13.7036,11.2397,8.31689,-59.3663,0.0587909,0.362174,-0.0438955,-2.38869,0.0708284,2.68868,-0.862564,-0.000430425,0.00484363,-0.000798719,0.000344839,-0.000120826,0.000663038,0.00180354,
0.613,0,0,0,0,0,0,0,0,0,0,0,0,0,0,0,0,-0.0292949,0.99943,0.0161845,0,0.997693,0.0302256,-0.0606225,0,-0.0610783,0.0143715,-0.99803,0,0.486495,0.00530992,0.0603544,1,-0.0968836,-33.9669,-0.486563,15.7438,0.26953,2.59077,0.0954127,-166.359,-15.0644,65.7957,-2.81006,-14.3265,-3.75868,59.1741,0.0587966,0.362179,-0.0438952,-2.38869,0.0708304,2.68868,-0.862573,0.000762098,0.000692095,3.15214e-05,0.000498858,0.000201005,-0.000220083,-0.00134841,
0.647,0,0,0,0,0,0,0,0,0,0,0,0,0,0,0,0,-0.0292861,0.99943,0.0161835,0,0.997694,0.0302167,-0.0606165,0,-0.0610722,0.0143712,-0.99803,0,0.486497,0.00530999,0.060357,1,-0.0968836,-33.8916,-0.486563,15.7438,0.281432,2.58345,-0.00987293,40.7657,-16.5103,136.003,23.1086,0.736368,-5.61543,-60.3531,0.0587966,0.362174,-0.0438952,-2.38869,0.0708291,2.68869,-0.862563,0.00027897,0.000520927,-0.00129319,-0.00433714,-2.25755e-05,-0.000397943,0.00263611,
0.681,0,0,0,0,0,0,0,0,0,0,0,0,0,0,0,0,-0.0293234,0.999429,0.0161883,0,0.997693,0.0302543,-0.0606147,0,-0.0610711,0.0143738,-0.99803,0,0.486497,0.00532889,0.0603584,1,-0.24764,-33.8519,-0.601614,15.7438,0.293334,2.59718,-0.00346424,-5.28175,91.9541,96.2104,-37.7105,21.4369,19.7911,-16.9774,0.058819,0.362171,-0.0438808,-2.38869,0.0708277,2.68868,-0.862563,0.00141727,-0.00108106,-0.00130889,-0.000783331,7.39529e-05,-0.00250717,0.00155906,
0.715,0,0,0,0,0,0,0,0,0,0,0,0,0,0,0,0,-0.0293023,0.99943,0.0161868,0,0.997691,0.0302337,-0.0606555,0,-0.0611115,0.0143724,-0.998027,0,0.486486,0.00531617,0.0603382,1,-0.061178,-34.1891,-0.561941,15.7438,0.275023,2.59077,0.056045,-35.659,-22.8,-66.1215,17.532,-6.06638,-9.89544,26.5063,0.0587984,0.362213,-0.0438845,-2.38869,0.0708298,2.68868,-0.862568,-0.000460884,0.000994139,0.000300937,-0.00192109,-4.30508e-05,-7.53567e-05,-0.00178923,
0.749,0,0,0,0,0,0,0,0,0,0,0,0,0,0,0,0,-0.029289,0.99943,0.0161839,0,0.997688,0.030221,-0.0607077,0,-0.0611634,0.0143687,-0.998024,0,0.486474,0.00531344,0.0603125,1,-0.0968836,-34.3042,-0.561941,15.6723,0.275023,2.60451,0.00294445,11.078,2.49509,25.3056,-130.405,3.7104,-16.9839,-36.9231,0.058797,0.362268,-0.0438867,-2.38869,0.0708298,2.68868,-0.862559,0.000288682,0.00342462,0.00615306,0.000602105,-5.20443e-05,-2.24012e-06,0.00040753,
0.783,0,0,0,0,0,0,0,0,0,0,0,0,0,0,0,0,-0.0293136,0.999429,0.0161991,0,0.997673,0.0302499,-0.0609499,0,-0.0614063,0.014375,-0.998009,0,0.48641,0.0053304,0.060227,1,-0.0968836,-33.4393,-0.450857,14.5734,0.275023,2.20351,-0.0236058,-57.747,-39.1672,-19.5142,72.678,-9.06891,18.2731,-34.0752,0.0587961,0.362429,-0.0438521,-2.38869,0.0708342,2.68861,-0.86256,0.000502368,0.00884551,0.00331681,0.00512679,0.000227339,-0.00635795,0.0073314,
0.817,0,0,0,0,0,0,0,0,0,0,0,0,0,0,0,0,-0.0295063,0.999422,0.0162902,0,0.997634,0.0304555,-0.0614757,0,-0.0619375,0.014438,-0.997976,0,0.486249,0.00545473,0.0600712,1,-0.207968,-33.8162,-0.676992,14.7956,0.275023,2.2447,0.0432277,108.449,-99.3389,-154.771,77.2314,-4.59822,-16.1079,12.2354,0.0588019,0.362652,-0.0436267,-2.38879,0.0708392,2.68841,-0.862548,8.84848e-05,0.0163612,0.00704753,-0.00100055,6.03435e-06,8.23657e-05,-0.00113628,
0.851,0,0,0,0,0,0,0,0,0,0,0,0,0,0,0,0,-0.0295874,0.999419,0.01636,0,0.997607,0.0305466,-0.0618765,0,-0.0623415,0.0144904,-0.99795,0,0.486143,0.00558983,0.0598677,1,-0.24764,-33.7765,-0.486563,14.6845,0.239317,2.23097,-0.00346424,-144.616,-56.6781,-3.29633,73.6277,-0.252786,17.6164,41.897,0.0588105,0.363082,-0.0433773,-2.38877,0.0708497,2.68842,-0.862403,-0.00508511,0.01612,0.0031964,-0.000377729,-0.000276604,0.000751901,0.00626003,
0.885,0,0,0,0,0,0,0,0,0,0,0,0,0,0,0,0,-0.0293296,0.999427,0.0163316,0,0.997586,0.030294,-0.0623241,0,-0.0627843,0.0144645,-0.997922,0,0.486078,0.00552442,0.0596007,1,0.347452,-33.8162,-0.073965,14.4663,0.202696,2.2383,0.00294445,75.8341,142.171,-88.2361,-23.1195,-6.34446,12.7822,49.0852,0.0586893,0.363767,-0.0433744,-2.38856,0.070857,2.68844,-0.862275,-0.0044617,0.0248615,0.000431013,0.012839,0.000194396,-0.000104463,-0.00225396,
0.919,0,0,0,0,0,0,0,0,0,0,0,0,0,0,0,0,-0.0289461,0.999439,0.0162701,0,0.997574,0.029913,-0.0627098,0,-0.0631626,0.0144157,-0.997899,0,0.486128,0.00531271,0.0592627,1,0.573588,-33.7408,0.223581,14.6488,0.184386,2.20991,0.00294445,-16.4453,160.276,133.027,-74.391,6.4772,10.048,15.6791,0.0583336,0.364841,-0.0434273,-2.38796,0.0708601,2.68853,-0.862297,-0.0102061,0.0343126,-0.00275755,0.0233937,5.33442e-05,0.00267781,-0.000934631,
0.953,0,0,0,0,0,0,0,0,0,0,0,0,0,0,0,0,-0.0287201,0.999446,0.0162097,0,0.997576,0.0296845,-0.0627758,0,-0.0632235,0.0143678,-0.997896,0,0.486299,0.00509713,0.0589238,1,0.644999,-33.8916,0.334665,14.6131,0.172484,2.25203,-0.0565648,24.026,50.9702,61.6267,62.6522,1.02744,4.80798,-13.7987,0.0579098,0.366079,-0.0434213,-2.38717,0.0708603,2.68891,-0.862483,-0.0102442,0.0323987,0.000502538,0.0253557,0.0012182,0.00611981,-0.00771196,
0.987,0,0,0,0,0,0,0,0,0,0,0,0,0,0,0,0,-0.0285361,0.999452,0.0161758,0,0.997579,0.0294993,-0.0628176,0,-0.0632616,0.0143444,-0.997894,0,0.486601,0.00497199,0.0586837,1,0.458536,-34.0027,0.29896,14.6131,0.172484,2.32069,-0.0767064,6.22864,-193.849,216.916,90.4717,0.48246,9.99523,3.43052,0.057625,0.367287,-0.0433922,-2.386,0.0708603,2.6889,-0.862539,-0.00843111,0.0339966,-0.00197158,0.0383277,0.000124698,-0.00083207,0.00115329,
1.021,0,0,0,0,0,0,0,0,0,0,0,0,0,0,0,0,-0.0282997,0.99946,0.0161384,0,0.997595,0.0292589,-0.0626776,0,-0.0631171,0.0143261,-0.997903,0,0.487027,0.00483622,0.058544,1,0.609293,-33.8916,0.29896,14.6131,0.184386,2.35548,-0.0959325,69.073,23.1335,-8.9459,72.5534,6.93448,-4.30871,-28.7993,0.0573418,0.368416,-0.0433946,-2.38458,0.070859,2.68875,-0.862561,-0.0101396,0.0355341,0.00268113,0.0430903,-0.00322234,-0.0126577,0.000897442,
1.055,0,0,0,0,0,0,0,0,0,0,0,0,0,0,0,0,-0.0282952,0.99946,0.0161357,0,0.997598,0.0292537,-0.0626336,0,-0.063073,0.014325,-0.997906,0,0.487534,0.00472025,0.0584179,1,0.756083,-33.8519,0.525095,14.7956,0.166991,2.33443,-0.116074,-83.6911,25.4783,-131.677,-99.7614,20.0496,-12.2787,5.79762,0.0570716,0.369678,-0.0433835,-2.38282,0.0708605,2.68829,-0.862784,-0.00552548,0.0397865,0.00380757,0.0539955,-0.000134748,-0.00694528,-0.00333483,
1.089,0,0,0,0,0,0,0,0,0,0,0,0,0,0,0,0,-0.0281305,0.999465,0.016101,0,0.997614,0.0290846,-0.0624587,0,-0.0628948,0.0143059,-0.997918,0,0.488126,0.0045937,0.0582639,1,0.795756,-33.8162,0.485422,14.6845,0.160582,2.36189,-0.0767064,106.799,-79.7391,18.9827,3.59432,-9.99578,17.5302,-29.8452,0.0567921,0.371145,-0.0433796,-2.38084,0.0708574,2.68795,-0.862855,-0.0112914,0.0463485,-0.00145915,0.0635109,0.000350987,-0.0168219,-0.00204269,
1.123,0,0,0,0,0,0,0,0,0,0,0,0,0,0,0,0,-0.0281385,0.999465,0.01607,0,0.997617,0.0290898,-0.0624059,0,-0.0628413,0.014276,-0.997921,0,0.48874,0.00451958,0.0580306,1,0.720377,-33.8162,0.449717,14.6845,0.184386,2.32802,-0.0300145,69.9387,-13.7886,-12.4926,75.9223,5.17959,-3.91918,22.4157,0.0566033,0.372891,-0.0433588,-2.37866,0.0708543,2.68757,-0.86299,-0.00922048,0.0506079,0.00192387,0.0663167,-0.000191439,-0.007159,-0.00175271,
1.157,0,0,0,0,0,0,0,0,0,0,0,0,0,0,0,0,-0.0281269,0.999467,0.0159984,0,0.99763,0.029071,-0.0622108,0,-0.0626439,0.014211,-0.997935,0,0.489439,0.00448887,0.0577132,1,0.795756,-34.0027,0.560801,14.3909,0.184386,2.27949,-0.142624,-166.664,71.4682,-59.7396,-138.631,-4.30235,-6.91263,-72.4862,0.0565176,0.374988,-0.0433408,-2.37625,0.0708543,2.68745,-0.863005,0.000539946,0.0602895,0.000316125,0.0760559,-0.000117226,0.000219419,0.00298651,
1.191,0,0,0,0,0,0,0,0,0,0,0,0,0,0,0,0,-0.0281597,0.999467,0.0159195,0,0.997643,0.0290958,-0.0619964,0,-0.0624278,0.0141364,-0.997949,0,0.490166,0.00447533,0.0573425,1,0.573588,-34.1891,0.374338,14.5734,0.196288,2.29964,-0.0501561,-172.273,-47.7974,-17.4804,-135.984,4.48287,-2.16458,-12.6155,0.0564531,0.377274,-0.0433061,-2.37372,0.0708544,2.68742,-0.863026,0.00268289,0.0716224,0.00100467,0.0805551,0.000233864,-0.00176671,0.000223572,
1.225,0,0,0,0,0,0,0,0,0,0,0,0,0,0,0,0,-0.0281491,0.999469,0.0158255,0,0.997659,0.0290758,-0.0617435,0,-0.062172,0.0140507,-0.997967,0,0.490947,0.00444789,0.0569754,1,0.795756,-34.3399,0.560801,14.6488,0.196288,2.32069,-0.116074,1.58799,22.4725,-22.0272,5.36948,9.77191,18.0371,-53.1656,0.0563959,0.379641,-0.043305,-2.37104,0.0708541,2.68736,-0.863024,-0.00157041,0.0730799,0.000744553,0.0817411,0.000293543,-0.0115827,0.00146478,
1.259,0,0,0,0,0,0,0,0,0,0,0,0,0,0,0,0,-0.0281618,0.99947,0.0157356,0,0.99768,0.0290781,-0.0614049,0,-0.0618311,0.0139701,-0.997989,0,0.491839,0.00442359,0.0566246,1,0.90684,-34.1137,0.600474,14.7202,0.190794,2.25844,-0.103257,153.329,-42.8844,6.97033,44.1441,-5.51278,4.84469,-36.0503,0.0563274,0.38215,-0.043294,-2.36804,0.070854,2.68721,-0.863039,-0.0015759,0.0764922,0.000806852,0.0918841,0.000246835,-0.00297146,0.00181451,
1.293,0,0,0,0,0,0,0,0,0,0,0,0,0,0,0,0,-0.0281615,0.999471,0.0156583,0,0.997693,0.0290701,-0.0611981,0,-0.0616221,0.013899,-0.998003,0,0.49277,0.00439552,0.0562636,1,0.871134,-34.3795,0.600474,14.5377,0.196288,2.29323,-0.0300145,89.564,49.0205,-88.0523,-170.219,-1.96704,19.666,30.0262,0.0562422,0.384782,-0.0432823,-2.3648,0.0708529,2.68681,-0.863052,-0.00328564,0.0836638,0.00334757,0.098075,0.000317216,-0.0125717,-0.00118112,
1.327,0,0,0,0,0,0,0,0,0,0,0,0,0,0,0,0,-0.0282184,0.999471,0.0155743,0,0.9977,0.0291198,-0.0610509,0,-0.0614733,0.013816,-0.998013,0,0.493745,0.00439697,0.0558444,1,0.871134,-34.3042,0.671885,14.4663,0.209105,2.22365,-0.0693822,12.6173,73.5401,64.7228,-68.3232,2.55636,-8.76642,9.58977,0.0562178,0.38766,-0.0432711,-2.36134,0.0708519,2.68637,-0.863059,-0.00202043,0.0947659,-0.0015178,0.108186,0.00010366,-0.0124763,-0.000712207,
1.361,0,0,0,0,0,0,0,0,0,0,0,0,0,0,0,0,-0.0282968,0.99947,0.015487,0,0.997719,0.0291878,-0.0607018,0,-0.0611228,0.0137343,-0.998036,0,0.494849,0.00440509,0.0554441,1,0.720377,-34.6771,0.449717,14.5377,0.232909,2.23097,0.00294445,55.6159,-46.7609,-0.0855585,-14.8161,-13.9771,2.69977,51.2202,0.0561849,0.390682,-0.0432429,-2.35757,0.0708536,2.68598,-0.863074,0.00571195,0.0935504,0.000671018,0.12159,0.000199919,-0.0180321,-0.00236093,
1.395,0,0,0,0,0,0,0,0,0,0,0,0,0,0,0,0,-0.0284345,0.999466,0.0154596,0,0.997723,0.0293219,-0.0605835,0,-0.0610057,0.013702,-0.998043,0,0.496006,0.00445759,0.055158,1,0.720377,-34.7525,0.525095,14.6131,0.244811,2.34175,-0.0171971,-114.016,-69.3242,-122.057,-0.753509,-2.73979,5.5171,48.686,0.0561853,0.393543,-0.0431911,-2.35352,0.0708476,2.68489,-0.863078,0.00388183,0.077933,0.000231771,0.120857,0.000208881,-0.0371002,-0.00189066,
1.429,0,0,0,0,0,0,0,0,0,0,0,0,0,0,0,0,-0.0285021,0.999465,0.0154351,0,0.997729,0.029386,-0.0604429,0,-0.0608653,0.0136776,-0.998052,0,0.497222,0.00447917,0.0549552,1,0.795756,-34.4906,0.636179,14.5377,0.263121,2.32069,-0.00346424,-159.591,-52.5486,-4.23537,60.7973,16.1441,13.7266,54.4613,0.0561656,0.396287,-0.0431888,-2.34931,0.0708455,2.68357,-0.863075,-0.00245189,0.0819289,0.000396364,0.130579,-0.000360542,-0.0419274,-0.00235497,
1.463,0,0,0,0,0,0,0,0,0,0,0,0,0,0,0,0,-0.0284846,0.999466,0.0154041,0,0.99775,0.0293622,-0.0601151,0,-0.0605365,0.0136574,-0.998073,0,0.498611,0.00445527,0.0547878,1,1.0933,-34.5263,0.747263,14.5377,0.251219,2.31428,0.00935314,177.261,83.2902,-26.8465,-32.3398,-7.31765,-4.41899,23.52,0.0560561,0.399218,-0.0431955,-2.34465,0.0708468,2.68216,-0.863076,-0.00532216,0.0880356,-0.00213178,0.145872,-0.000172429,-0.0415637,-0.00174781,
1.497,0,0,0,0,0,0,0,0,0,0,0,0,0,0,0,0,-0.0285701,0.999464,0.0153936,0,0.997761,0.0294438,-0.059882,0,-0.0603043,0.0136486,-0.998087,0,0.500126,0.00448818,0.0546034,1,0.90684,-35.0897,0.671885,14.5377,0.275023,2.29964,0.00294445,218.343,121.503,-14.4113,41.1427,3.58594,-21.4029,25.9354,0.0560129,0.402446,-0.0431713,-2.33947,0.0708442,2.68044,-0.863071,-0.00156611,0.0959369,0.00016001,0.155572,-6.2259e-05,-0.0519767,-0.00196767,
1.531,0,0,0,0,0,0,0,0,0,0,0,0,0,0,0,0,-0.0287151,0.99946,0.0153629,0,0.997773,0.0295832,-0.059628,0,-0.0600515,0.0136167,-0.998102,0,0.501781,0.00454305,0.0543095,1,0.795756,-35.1651,0.600474,14.6131,0.275023,2.31428,0.0166774,113.862,-21.5847,-21.5555,-110.931,4.30922,-38.635,18.4034,0.0560101,0.406218,-0.0431424,-2.33374,0.0708434,2.67874,-0.863072,-0.00154179,0.111048,0.00749483,0.178629,-0.00685899,-0.0402172,-0.00132718,
1.565,0,0,0,0,0,0,0,0,0,0,0,0,0,0,0,0,-0.0288599,0.999457,0.0152961,0,0.99781,0.0297144,-0.0589369,0,-0.0593606,0.0135619,-0.998144,0,0.503751,0.00460529,0.0539802,1,0.982218,-34.9389,0.711558,14.5377,0.286925,2.27949,-0.0171971,-13.2882,-8.39566,-80.6742,86.3871,-11.807,-64.5552,5.03678,0.0559999,0.410576,-0.0430948,-2.32721,0.070843,2.67724,-0.863045,0.000264568,0.146516,0.00326208,0.211717,-2.42654e-05,-0.0511069,-0.00104839,
1.599,0,0,0,0,0,0,0,0,0,0,0,0,0,0,0,0,-0.0289621,0.999454,0.0152528,0,0.997826,0.0298095,-0.0586156,0,-0.0590394,0.0135222,-0.998164,0,0.505973,0.00464721,0.053626,1,1.01792,-35.4666,0.747263,14.6131,0.299742,2.16231,-0.0501561,-26.0624,113.686,33.6086,-35.6275,-3.18335,-23.51,-40.3117,0.0559694,0.415539,-0.0430966,-2.3195,0.0708451,2.67481,-0.863017,-0.00204849,0.153958,-0.000468314,0.234113,0.000222586,-0.0768931,0.000865393,
1.633,0,0,0,0,0,0,0,0,0,0,0,0,0,0,0,0,-0.0290283,0.999453,0.0152253,0,0.997838,0.0298707,-0.0583784,0,-0.0588024,0.013498,-0.998178,0,0.508347,0.0046647,0.0533052,1,1.05363,-35.7681,0.822641,14.3552,0.311644,2.25844,-0.0171971,17.6202,-151.489,-62.9948,-97.5604,-1.79224,0.730482,-3.37194,0.0558856,0.420719,-0.0431125,-2.31119,0.0708417,2.67191,-0.862998,-0.00139617,0.151957,0.00433281,0.248228,-0.000213844,-0.0972004,-0.00139688,
1.667,0,0,0,0,0,0,0,0,0,0,0,0,0,0,0,0,-0.029166,0.999449,0.0152291,0,0.997842,0.0300066,-0.0582438,0,-0.0586698,0.0134978,-0.998186,0,0.511043,0.00472225,0.0529599,1,0.942545,-35.5023,0.747263,14.7956,0.323546,2.22365,-0.0629735,-117.864,-55.2738,-35.2418,-75.9327,-2.66696,-28.1419,-99.5046,0.0558189,0.426585,-0.0431,-2.30164,0.0708435,2.66835,-0.862984,0.000365479,0.183649,0.0032716,0.3003,2.20358e-05,-0.118721,0.00528883,
1.701,0,0,0,0,0,0,0,0,0,0,0,0,0,0,0,0,-0.0293529,0.999443,0.0152354,0,0.99787,0.0301857,-0.0576611,0,-0.05809,0.0135107,-0.99822,0,0.514286,0.00482493,0.0527515,1,0.942545,-36.3275,0.786936,15.1606,0.317137,2.32802,0.00935314,-106.64,53.9934,-132.122,161.005,-16.6115,30.7649,4.52097,0.0558045,0.433035,-0.043091,-2.29051,0.0708443,2.66425,-0.862925,-0.00141218,0.205499,-0.000882155,0.343341,0.000134276,-0.120849,0.00351118,
1.735,0,0,0,0,0,0,0,0,0,0,0,0,0,0,0,0,-0.0294484,0.999441,0.0152045,0,0.997896,0.0302725,-0.0571672,0,-0.0575967,0.0134892,-0.998249,0,0.517645,0.00489913,0.0523563,1,0.90684,-36.5179,0.711558,14.502,0.335448,2.14125,-0.0236058,20.9973,-128.028,20.9057,21.682,5.98009,-36.3822,-52.4671,0.0557514,0.440212,-0.0430941,-2.27877,0.0708438,2.66017,-0.862811,-0.000169584,0.239487,9.61543e-05,0.360674,-3.34471e-05,-0.109462,0.00440702,
1.769,0,0,0,0,0,0,0,0,0,0,0,0,0,0,0,0,-0.0296448,0.999436,0.0151599,0,0.99793,0.0304566,-0.0564617,0,-0.0568927,0.013455,-0.99829,0,0.52132,0.00499575,0.0518864,1,1.01792,-36.6687,0.711558,14.6845,0.329039,2.17604,0.0294947,48.6623,72.8429,-120.915,-37.8887,-27.5122,-29.4423,-41.0189,0.0557176,0.448141,-0.0430874,-2.26596,0.0708525,2.65598,-0.86275,-0.00109263,0.22768,0.0018368,0.385607,-0.00884689,-0.139449,0.00193474,
1.803,0,0,0,0,0,0,0,0,0,0,0,0,0,0,0,0,-0.0297197,0.999433,0.0151727,0,0.997899,0.0305389,-0.0569684,0,-0.0574006,0.013448,-0.998261,0,0.524815,0.00503321,0.0512719,1,1.05363,-37.3431,0.862314,15.1963,0.34735,2.27217,0.102737,81.1858,-67.4889,143.39,73.3409,-6.94382,6.51846,25.9894,0.0556176,0.456367,-0.04315,-2.25277,0.0708604,2.6505,-0.862689,-0.0101529,0.236695,0.00298485,0.377377,0.00212152,-0.158739,-0.00143938,
1.837,0,0,0,0,0,0,0,0,0,0,0,0,0,0,0,0,-0.0298506,0.999429,0.0151995,0,0.997872,0.0306767,-0.0573769,0,-0.0578115,0.0134547,-0.998237,0,0.528412,0.00506851,0.0505516,1,1.24009,-37.0416,0.89802,15.4541,0.359251,2.27949,0.0954127,233.251,-98.9765,-100.04,-54.3741,10.3748,-32.5194,-20.781,0.0554148,0.465046,-0.0431231,-2.23916,0.0708625,2.64514,-0.862688,-0.00320718,0.261585,0.00112424,0.405598,-0.000144936,-0.149419,-0.00070581,
1.871,0,0,0,0,0,0,0,0,0,0,0,0,0,0,0,0,-0.0299555,0.999427,0.0151441,0,0.997883,0.0307748,-0.0571202,0,-0.0575546,0.0134013,-0.998252,0,0.531956,0.00510147,0.0498029,1,1.42655,-37.6407,1.23524,15.3431,0.341856,2.25844,0.0166774,43.7104,50.8086,122.01,127.037,-7.94439,-18.2916,-31.2179,0.0552797,0.473561,-0.043131,-2.22615,0.0708829,2.64089,-0.86265,-0.00459965,0.246451,-0.00284138,0.370135,0.00511882,-0.113697,0.0029137,
1.905,0,0,0,0,0,0,0,0,0,0,0,0,0,0,0,0,-0.0301413,0.999422,0.0150868,0,0.99791,0.0309493,-0.0565508,0,-0.0569862,0.013351,-0.998286,0,0.535438,0.00516231,0.049127,1,1.16868,-37.9818,0.937693,15.1963,0.377562,2.13393,0.056045,-106.102,-51.4119,79.6428,25.3039,-4.96254,-3.72868,-25.7981,0.0551798,0.481721,-0.0431174,-2.21356,0.0709046,2.63702,-0.862644,-0.00140114,0.231353,-0.00175704,0.362841,0.00220751,-0.113281,0.001688,
1.939,0,0,0,0,0,0,0,0,0,0,0,0,0,0,0,0,-0.0303106,0.999417,0.0150607,0,0.997878,0.0311233,-0.0570261,0,-0.0574627,0.0133005,-0.998259,0,0.538434,0.00526641,0.0481679,1,1.0933,-37.9422,0.89802,15.3788,0.395873,2.21724,0.109146,-106.611,-21.6284,73.3922,-57.465,7.11639,-9.33714,40.2016,0.055172,0.489895,-0.0431011,-2.20175,0.0709351,2.6329,-0.86256,-5.70744e-05,0.234737,-0.00162529,0.334447,0.000385968,-0.118566,0.00842904,
1.973,0,0,0,0,0,0,0,0,0,0,0,0,0,0,0,0,-0.0303623,0.999416,0.01506,0,0.997839,0.0311835,-0.0576738,0,-0.0581108,0.0132766,-0.998222,0,0.541142,0.00531229,0.0473462,1,1.24009,-38.3548,1.04878,15.3074,0.402281,2.22365,0.089004,-67.2769,-152.925,71.6358,135.975,-34.4325,-10.8123,25.8618,0.0551177,0.497227,-0.0431415,-2.19089,0.0709912,2.6287,-0.862495,-0.00274808,0.199291,-0.00218381,0.304785,0.00163918,-0.128507,0.000400906,
2.007,0,0,0,0,0,0,0,0,0,0,0,0,0,0,0,0,-0.0302427,0.999418,0.0151448,0,0.997805,0.0310775,-0.058312,0,-0.0587499,0.0133484,-0.998183,0,0.543511,0.00531115,0.0466604,1,1.61302,-37.7914,1.31062,15.6366,0.437987,2.32802,0.0954127,51.3117,19.9152,148.816,-203.045,-23.287,-19.625,16.4338,0.0549743,0.503585,-0.0431742,-2.1813,0.0711855,2.62482,-0.862492,-0.00897935,0.164945,-0.00677837,0.257541,0.000403089,-0.0970734,0.000284519,
2.041,0,0,0,0,0,0,0,0,0,0,0,0,0,0,0,0,-0.0303116,0.999416,0.0151353,0,0.997804,0.0311456,-0.0582984,0,-0.0587369,0.0133352,-0.998184,0,0.545433,0.00531435,0.0461274,1,1.20439,-38.204,0.937693,15.708,0.449889,2.16231,0.181472,-119.999,-94.7738,133.382,-114.758,17.1081,-0.904633,32.9161,0.054815,0.508564,-0.0431311,-2.17392,0.0711938,2.62243,-0.86251,-0.00292644,0.135306,0.00171556,0.188335,-0.000666476,-0.0590319,-0.00204107,
2.075,0,0,0,0,0,0,0,0,0,0,0,0,0,0,0,0,-0.0304186,0.999413,0.0151184,0,0.997795,0.0312527,-0.0583928,0,-0.0588322,0.0133091,-0.998179,0,0.546762,0.00536178,0.0456699,1,1.16868,-38.6563,0.937693,15.708,0.468199,2.15498,0.135696,-147.7,-175.124,108.546,28.6097,-12.5417,4.6329,-34.6055,0.054806,0.512252,-0.043116,-2.16866,0.071211,2.62076,-0.862502,-0.000542398,0.0877977,-0.000214321,0.125881,-1.84911e-05,-0.0464522,0.000684748,
2.109,0,0,0,0,0,0,0,0,0,0,0,0,0,0,0,0,-0.0303758,0.999415,0.0151115,0,0.997766,0.0312163,-0.0589002,0,-0.0593386,0.0132889,-0.998149,0,0.547384,0.00532567,0.0453603,1,1.35118,-38.1286,1.19953,15.7795,0.462706,2.17604,0.0954127,-210.066,104.442,-80.6929,-95.6112,25.5638,4.48143,-35.5355,0.0547412,0.514317,-0.0431609,-2.1658,0.0712164,2.61945,-0.862501,-0.00205957,0.0330771,-0.00174005,0.0534293,9.73705e-06,-0.0328319,0.00168485,
2.143,0,0,0,0,0,0,0,0,0,0,0,0,0,0,0,0,-0.0301655,0.99942,0.0151488,0,0.997747,0.0310142,-0.0593235,0,-0.0597601,0.0133254,-0.998124,0,0.547405,0.00521667,0.0453163,1,1.53764,-37.9065,1.15986,15.8905,0.407774,2.14766,0.121963,-78.0859,159.024,-172.808,149.454,-18.4754,8.04202,57.2753,0.0545341,0.514559,-0.0431695,-2.16538,0.0712303,2.61884,-0.862509,-0.00376675,-0.00505594,0.0034599,-0.00709291,0.00487984,-0.0030425,-0.000915356,
2.177,0,0,0,0,0,0,0,0,0,0,0,0,0,0,0,0,-0.0300905,0.999422,0.0152028,0,0.997748,0.030943,-0.0593529,0,-0.0597902,0.0133828,-0.998121,0,0.547359,0.00518953,0.0453999,1,1.24009,-37.6049,0.937693,15.8905,0.426085,2.16231,0.155838,-160.945,-109.095,120.418,223.199,7.41335,6.70889,44.1859,0.0544025,0.514274,-0.0431013,-2.16558,0.0712338,2.61873,-0.862512,-0.00288228,-0.00921366,0.000143354,-0.0107134,0.000115712,-0.00419916,-0.00220983,
2.211,0,0,0,0,0,0,0,0,0,0,0,0,0,0,0,0,-0.0301976,0.999418,0.0152564,0,0.99774,0.031054,-0.0594189,0,-0.0598593,0.0134279,-0.998117,0,0.547278,0.00527562,0.0454301,1,0.756083,-37.5296,0.485422,15.7795,0.456297,2.11378,0.0954127,-80.685,42.7063,-100.407,-126.191,21.3126,-2.25478,16.173,0.0544601,0.51406,-0.0430121,-2.16584,0.0712363,2.61871,-0.862493,0.00361908,-0.00798117,0.00339188,-0.00513228,-0.000366199,-0.000230929,-0.000154436,
2.245,0,0,0,0,0,0,0,0,0,0,0,0,0,0,0,0,-0.0302052,0.999417,0.0152778,0,0.997741,0.0310625,-0.0593954,0,-0.0598365,0.0134495,-0.998118,0,0.547256,0.00532366,0.0454636,1,1.05363,-37.5692,0.89802,15.8191,0.432494,2.09273,0.0761866,-86.3592,-4.89341,144.981,8.79167,7.26056,8.94349,-15.4657,0.054507,0.513933,-0.0429764,-2.16596,0.0712448,2.61872,-0.862432,-4.81485e-05,-3.60561e-05,-0.00151762,-0.00387291,-9.56255e-05,-0.000201093,0.00456522,
2.279,0,0,0,0,0,0,0,0,0,0,0,0,0,0,0,0,-0.0301538,0.999419,0.0152975,0,0.997738,0.0310134,-0.059474,0,-0.059915,0.0134698,-0.998113,0,0.547174,0.00531364,0.0454631,1,1.20439,-37.4939,0.822641,15.8548,0.407774,2.01674,0.102737,104.282,-41.9662,19.3131,-25.8318,1.2081,5.41968,16.0764,0.0544714,0.513793,-0.0429586,-2.1662,0.0712607,2.61875,-0.862422,-0.000676124,-0.00534776,-0.000738676,-0.0132077,0.00257461,0.00054995,-0.000160873,
2.313,0,0,0,0,0,0,0,0,0,0,0,0,0,0,0,0,-0.0300869,0.99942,0.0153373,0,0.997741,0.0309489,-0.0594605,0,-0.0599018,0.013514,-0.998113,0,0.546989,0.00534386,0.045515,1,1.16868,-37.4939,0.822641,15.8191,0.383971,1.97554,0.0825953,75.0803,-18.951,-61.0173,84.7074,15.7038,-8.41271,-13.5004,0.0544764,0.513307,-0.0429053,-2.16693,0.0712965,2.61901,-0.862353,0.00157942,-0.0159286,0.00155184,-0.0283951,-0.000239711,0.0118312,0.00202378,
2.347,0,0,0,0,0,0,0,0,0,0,0,0,0,0,0,0,-0.0301309,0.999418,0.0154049,0,0.997736,0.0309977,-0.0595286,0,-0.0599726,0.0135767,-0.998108,0,0.546684,0.00544357,0.0455685,1,0.756083,-37.5296,0.485422,16.1087,0.414183,1.96181,0.148513,-59.5487,85.3638,47.7789,234.054,-1.98192,-12.0008,12.7793,0.0545233,0.512606,-0.0427691,-2.16803,0.0712985,2.61934,-0.862261,0.00222908,-0.02038,0.00586175,-0.0457611,-9.07334e-05,0.0105552,-0.000897432,
2.381,0,0,0,0,0,0,0,0,0,0,0,0,0,0,0,0,-0.0303723,0.999408,0.0155244,0,0.997734,0.0312445,-0.0594286,0,-0.0598797,0.0136845,-0.998112,0,0.546221,0.00563584,0.0456146,1,0.573588,-37.4939,0.334665,15.9659,0.444396,1.79518,0.0825953,25.2903,70.7722,90.978,-148.798,45.9009,-27.5244,-4.70717,0.0545917,0.511577,-0.0424824,-2.16984,0.0712999,2.62023,-0.862232,0.00415322,-0.0405757,0.0083704,-0.0665224,-0.00064298,0.033874,0.0014557,
2.415,0,0,0,0,0,0,0,0,0,0,0,0,0,0,0,0,-0.0305846,0.999401,0.0155996,0,0.99774,0.0314581,-0.0592198,0,-0.0596762,0.0137534,-0.998123,0,0.545516,0.00581513,0.0456317,1,0.498209,-37.2677,0.223581,16.073,0.437987,1.69905,0.089004,107.456,59.1593,114.19,-47.4519,5.39383,-29.0789,5.4724,0.0546999,0.51013,-0.0422261,-2.17261,0.0713006,2.62177,-0.862184,0.00201721,-0.046271,0.00623209,-0.0896391,-0.000260273,0.0612599,0.00178293,
2.449,0,0,0,0,0,0,0,0,0,0,0,0,0,0,0,0,-0.0307047,0.999397,0.0156034,0,0.997784,0.031567,-0.0584046,0,-0.0588631,0.0137758,-0.998171,0,0.544737,0.00598035,0.0455626,1,0.387125,-36.9305,0.0728246,15.4541,0.432494,1.47749,0.0761866,90.4511,57.1509,26.3731,-42.1639,5.08018,3.60641,-1.31725,0.0547845,0.508612,-0.0419341,-2.17606,0.0713009,2.62453,-0.862053,0.000579178,-0.0444372,0.0113566,-0.117651,3.36484e-05,0.100153,0.00262404,
2.483,0,0,0,0,0,0,0,0,0,0,0,0,0,0,0,0,-0.0305464,0.999403,0.0155385,0,0.997854,0.0313898,-0.0572895,0,-0.0577441,0.0137554,-0.998237,0,0.543732,0.00609247,0.045361,1,0.347452,-36.7044,0.0728246,15.1963,0.383971,1.23579,0.0496363,25.8464,-92.4211,-53.1246,17.4224,-11.3564,20.3793,24.9874,0.0547967,0.506917,-0.0416234,-2.18049,0.0713066,2.62841,-0.861731,-0.000467311,-0.055409,0.00467651,-0.137308,0.000184737,0.121686,0.0027158,
2.517,0,0,0,0,0,0,0,0,0,0,0,0,0,0,0,0,-0.0304981,0.999406,0.0154104,0,0.997943,0.0313134,-0.0557733,0,-0.0562238,0.0136779,-0.998324,0,0.54262,0.00618861,0.0450844,1,0.276041,-35.9903,0.0728246,15.3431,0.359251,1.04262,0.0166774,-172.192,-17.3504,-85.6677,-8.4661,-24.8441,14.1921,17.9662,0.0548299,0.50512,-0.0413261,-2.18557,0.0713094,2.63322,-0.861524,0.00410016,-0.0520763,0.00426404,-0.154458,0.000386428,0.148004,0.0134818,
2.551,0,0,0,0,0,0,0,0,0,0,0,0,0,0,0,0,-0.0302732,0.999416,0.015245,0,0.998033,0.0310593,-0.0542792,0,-0.054722,0.013572,-0.998409,0,0.541287,0.00624304,0.0446785,1,0.498209,-35.9546,0.187876,14.9781,0.335448,1.07649,0.0496363,128.554,43.5236,131.525,15.4751,2.71701,6.64413,31.1792,0.0548111,0.50324,-0.0410234,-2.19135,0.0713167,2.63864,-0.861211,-0.000285497,-0.0574413,0.00209033,-0.195184,-0.00343695,0.184341,0.00787022,
2.585,0,0,0,0,0,0,0,0,0,0,0,0,0,0,0,0,-0.0301876,0.999422,0.0150198,0,0.998128,0.0309387,-0.0525814,0,-0.0530167,0.0134046,-0.998504,0,0.53979,0.0062508,0.0442028,1,0.311747,-35.7681,-0.00255384,14.6131,0.323546,0.703871,0.0432277,-10.423,6.4188,-20.3848,-119.385,-8.52822,-30.1999,55.5998,0.0547974,0.501196,-0.0407741,-2.19782,0.0713229,2.64479,-0.861095,-0.00116258,-0.0636828,0.0045065,-0.189097,5.69278e-05,0.174156,0.00436186,
2.619,0,0,0,0,0,0,0,0,0,0,0,0,0,0,0,0,-0.030108,0.999426,0.0148821,0,0.998186,0.0308377,-0.0515123,0,-0.0519427,0.0133045,-0.998561,0,0.538132,0.00632651,0.0438053,1,0.16099,-35.7681,-0.149343,14.502,0.323546,0.74507,-0.0428319,-59.0239,-52.2236,39.6459,115.095,2.30645,-24.0206,-19.8288,0.0548374,0.498817,-0.0404796,-2.20444,0.0713277,2.65012,-0.860892,-0.00474003,-0.0770991,0.00611872,-0.207215,0.000118999,0.153649,0.00415462,
2.653,0,0,0,0,0,0,0,0,0,0,0,0,0,0,0,0,-0.0300121,0.99943,0.014818,0,0.998203,0.030735,-0.0512454,0,-0.0516727,0.0132537,-0.998576,0,0.53609,0.00637906,0.0434845,1,0.200663,-35.4269,-0.00255384,14.9027,0.335448,0.828383,0.0359034,11.2383,-27.7135,110.466,-69.8827,32.2319,86.9133,27.9572,0.054835,0.495719,-0.0401932,-2.21188,0.0713264,2.65475,-0.860735,4.64007e-05,-0.103135,0.00883392,-0.231253,-0.000687661,0.132205,0.00307985,
2.687,0,0,0,0,0,0,0,0,0,0,0,0,0,0,0,0,-0.029849,0.999437,0.0147046,0,0.998195,0.0305698,-0.0515133,0,-0.0519348,0.0131407,-0.998564,0,0.533567,0.0063241,0.0431137,1,0.311747,-35.1294,0.148203,14.2481,0.275023,0.855849,-0.0300145,54.7391,-91.2305,50.1098,-104.253,-15.443,20.5102,-25.0815,0.0548389,0.491984,-0.0400688,-2.22061,0.0713333,2.6595,-0.860686,0.000415745,-0.110071,0.000748121,-0.269007,0.00058218,0.152534,0.00166747,
2.721,0,0,0,0,0,0,0,0,0,0,0,0,0,0,0,0,-0.0296172,0.999445,0.0146353,0,0.998142,0.0303496,-0.0526535,0,-0.0530694,0.0130489,-0.998506,0,0.530524,0.00621763,0.0427574,1,0.684672,-35.3912,0.334665,14.5734,0.256712,0.883315,-0.122483,81.9549,46.9663,60.6276,-28.7675,-12.0675,-45.4424,-43.2111,0.0548002,0.487456,-0.0399885,-2.23057,0.0713352,2.6638,-0.860674,-0.0032148,-0.148263,0.00242711,-0.318689,0.000119346,0.132437,0.00187635,
2.755,0,0,0,0,0,0,0,0,0,0,0,0,0,0,0,0,-0.0293576,0.999454,0.0145068,0,0.998112,0.0300927,-0.0533633,0,-0.0537718,0.012913,-0.99847,0,0.527241,0.00608588,0.0424437,1,0.533915,-34.8675,0.374338,14.5377,0.232909,0.966628,-0.155442,-70.1244,124.052,129.271,73.8806,-31.4083,26.1871,-98.9709,0.0547869,0.482325,-0.0399418,-2.24168,0.0713474,2.66908,-0.86067,-0.00243122,-0.161496,-0.00314008,-0.348812,-0.000120089,0.160588,0.00286929,
2.789,0,0,0,0,0,0,0,0,0,0,0,0,0,0,0,0,-0.029053,0.999465,0.014385,0,0.998067,0.0297948,-0.0543617,0,-0.0547623,0.0127781,-0.998418,0,0.523616,0.0059267,0.0421542,1,0.795756,-34.7168,0.525095,14.867,0.214598,1.33284,-0.136216,-39.01,-74.01,-55.4916,-267.019,0.65861,-39.007,14.296,0.0547532,0.476602,-0.0399128,-2.25376,0.0713546,2.67445,-0.860673,0.000378398,-0.172647,0.00163767,-0.359522,6.70382e-05,0.142784,-0.000175129,
2.823,0,0,0,0,0,0,0,0,0,0,0,0,0,0,0,0,-0.02871,0.999476,0.0142786,0,0.998016,0.0294606,-0.055477,0,-0.0558697,0.0126578,-0.998358,0,0.519544,0.00574764,0.041955,1,0.795756,-34.7921,0.485422,14.3909,0.172484,1.13875,-0.0895238,40.5082,-45.8649,2.5469,-54.5874,-11.3655,-27.7117,29.3179,0.0546881,0.469899,-0.0398714,-2.26735,0.0713633,2.68023,-0.860688,-0.00231316,-0.195279,-0.000441113,-0.411747,0.000129872,0.185429,-0.00188054,
2.857,0,0,0,0,0,0,0,0,0,0,0,0,0,0,0,0,-0.0283853,0.999487,0.0141417,0,0.997971,0.0291408,-0.0564389,0,-0.0568231,0.0125112,-0.998306,0,0.51522,0.00556574,0.0417726,1,0.795756,-34.4906,0.485422,14.3195,0.178893,1.12501,-0.103257,52.1144,-98.8524,47.5165,-25.8379,10.503,-7.04502,-21.5121,0.0546449,0.462719,-0.0398344,-2.28186,0.071363,2.68662,-0.86071,-0.00395745,-0.222209,0.00199928,-0.429797,-0.000372962,0.17481,-0.000716489,
2.891,0,0,0,0,0,0,0,0,0,0,0,0,0,0,0,0,-0.0280884,0.999497,0.014039,0,0.997889,0.028858,-0.0580104,0,-0.0583875,0.0123802,-0.998217,0,0.510392,0.00540503,0.0415343,1,0.831461,-34.1534,0.449717,13.9902,0.123961,1.17354,-0.222275,170.3,-21.636,-59.8369,-31.9366,8.14287,26.5453,-50.8541,0.0546396,0.454948,-0.0397815,-2.2976,0.0713691,2.69303,-0.860738,0.00333299,-0.237725,0.00615656,-0.484213,0.00230581,0.225228,0.00248528,
2.925,0,0,0,0,0,0,0,0,0,0,0,0,0,0,0,0,-0.0278605,0.999507,0.013823,0,0.997894,0.0286183,-0.0580465,0,-0.0584146,0.0121769,-0.998218,0,0.505664,0.00525239,0.0414049,1,0.644999,-33.6654,0.449717,14.3552,0.142272,1.34657,-0.0959325,-66.2862,-113.026,-106.256,140.146,-4.06,2.12788,71.9608,0.0546464,0.44685,-0.0396832,-2.31403,0.071367,2.70136,-0.860777,0.000246217,-0.249777,0.00011628,-0.489572,-9.80976e-05,0.237333,-0.00654947,
2.959,0,0,0,0,0,0,0,0,0,0,0,0,0,0,0,0,-0.0275575,0.999517,0.013678,0,0.997856,0.028317,-0.0588484,0,-0.0592084,0.0120272,-0.998173,0,0.500528,0.00509556,0.041328,1,0.831461,-33.5544,0.600474,14.3909,0.106566,1.33925,-0.248826,162.763,-33.1765,174.88,88.9249,12.0565,50.3989,-31.2654,0.054627,0.438098,-0.0395808,-2.33127,0.071371,2.70906,-0.86078,-0.000742946,-0.254925,-0.000349082,-0.502593,-0.000244153,0.238187,0.00109187,
2.993,0,0,0,0,0,0,0,0,0,0,0,0,0,0,0,0,-0.0274312,0.999523,0.0135243,0,0.997819,0.0281897,-0.0595175,0,-0.0598715,0.0118624,-0.998136,0,0.495188,0.00493783,0.0413031,1,0.871134,-33.2885,0.600474,13.9188,0.118468,1.63679,-0.248826,141.938,-123.765,-0.859575,-201.643,13.449,-7.82212,-24.9565,0.0546268,0.428891,-0.0394862,-2.34923,0.0713696,2.71717,-0.860948,-0.00477495,-0.266273,0.00314329,-0.553568,-0.000538814,0.237725,-0.00256704,
3.027,0,0,0,0,0,0,0,0,0,0,0,0,0,0,0,0,-0.0271685,0.999532,0.0133537,0,0.99779,0.0279246,-0.0601366,0,-0.0604825,0.0116906,-0.998101,0,0.489674,0.00474962,0.0413523,1,0.871134,-33.0267,0.711558,14.1727,0.0699449,1.47108,-0.308335,0.603172,-180.553,-32.7195,49.5564,-3.28766,53.1437,-11.1445,0.0546137,0.419242,-0.0394325,-2.36774,0.071374,2.72543,-0.861036,-0.00273007,-0.300982,0.00285175,-0.550993,-0.00010203,0.223688,0.00150784,
3.061,0,0,0,0,0,0,0,0,0,0,0,0,0,0,0,0,-0.0269095,0.99954,0.0132642,0,0.997708,0.0276775,-0.0615884,0,-0.0619284,0.0115767,-0.998013,0,0.483905,0.00455537,0.0414566,1,0.90684,-32.4276,0.671885,13.9902,0.0635362,1.53334,-0.321152,50.6166,99.191,-115.066,-20.4622,7.0545,-50.4933,-7.23202,0.0545717,0.409205,-0.039395,-2.38646,0.0713706,2.73268,-0.86116,0.00219676,-0.297419,0.000490581,-0.544162,-0.000234514,0.23779,-0.00105264,
3.095,0,0,0,0,0,0,0,0,0,0,0,0,0,0,0,0,-0.0266041,0.99955,0.0131174,0,0.997662,0.0273736,-0.0624649,0,-0.0627971,0.0114251,-0.997961,0,0.47803,0.00438323,0.0415424,1,0.982218,-31.7532,0.747263,13.5141,0.0278306,1.77504,-0.261643,-47.6567,-13.0776,-28.7281,62.3867,-27.76,-4.42894,82.1989,0.0545583,0.399007,-0.039316,-2.4058,0.0713748,2.74097,-0.86118,-0.000188986,-0.305473,0.00321106,-0.567068,0.000146782,0.243366,-0.00317452,
