0.001,0,0,0,0,0,0,0,0,0,0,0,0,0,0,0,0,0.0157087,0.999699,0.0183368,0,0.996532,-0.0141571,-0.081879,0,-0.0815963,0.0195598,-0.996474,0,0.445227,-0.0114594,0.0593368,1,0.498209,-28.75,0.374338,13.0024,0.0818467,1.91328,-0.129807,92.535,39.5143,-45.9643,82.3977,8.02732,-7.00521,21.1515,-0.0368596,0.293784,0.00944074,-2.51173,0.035827,2.72305,-0.831485,-0.00287237,7.27582e-05,-0.00160411,-0.000720284,-3.4844e-06,9.89397e-05,-0.00016996,
0.035,0,0,0,0,0,0,0,0,0,0,0,0,0,0,0,0,0.01606,0.999694,0.018289,0,0.996525,-0.0145107,-0.0819045,0,-0.0816156,0.0195412,-0.996472,0,0.445215,-0.0116279,0.0593272,1,0.684672,-28.9761,0.671885,13.0381,0.0818467,1.94075,-0.155442,-208.013,-119.119,-21.3952,-32.5429,2.75882,12.5746,2.06974,-0.0370529,0.293803,0.00927696,-2.51173,0.0358248,2.72305,-0.831482,-0.00233675,0.00141855,-0.00452972,0.000715124,-5.94334e-05,-0.000280823,0.00132245,
0.069,0,0,0,0,0,0,0,0,0,0,0,0,0,0,0,0,0.0160949,0.999694,0.0182669,0,0.996524,-0.0145472,-0.0819117,0,-0.0816225,0.0195221,-0.996472,0,0.445206,-0.0116508,0.0593304,1,0.311747,-28.6746,0.374338,13.0777,0.0763536,1.94807,-0.0959325,-87.368,96.6574,-123.602,-7.97133,-10.2024,23.9101,-17.9572,-0.0370157,0.293779,0.00919851,-2.51175,0.0358255,2.72304,-0.831485,0.00592759,-0.00041913,0.00696815,-0.00113344,0.000394766,-0.000375343,-0.000924681,
0.103,0,0,0,0,0,0,0,0,0,0,0,0,0,0,0,0,0.0155776,0.999701,0.0183499,0,0.996532,-0.0140249,-0.0818995,0,-0.0816192,0.0195624,-0.996472,0,0.445219,-0.0113991,0.0593305,1,0.0142004,-28.8253,0.037119,12.9309,0.0882554,1.88582,-0.103257,56.1947,-12.3244,-59.1041,-135.977,16.0672,-11.0416,-33.3038,-0.0367791,0.293789,0.00948863,-2.51174,0.0358232,2.72305,-0.831486,0.00493788,0.00499169,0.0107957,0.000272106,-0.000457921,-5.88131e-05,-0.000190297,
0.137,0,0,0,0,0,0,0,0,0,0,0,0,0,0,0,0,0.0155354,0.999701,0.0183655,0,0.996533,-0.0139817,-0.0818987,0,-0.081619,0.0195746,-0.996471,0,0.445219,-0.0113765,0.059331,1,0.200663,-28.75,0.263254,13.0024,0.0763536,1.88582,-0.0831151,-115.307,15.6211,86.3943,52.9167,-13.5937,-17.5359,23.3548,-0.0367876,0.293787,0.00954062,-2.51174,0.0358245,2.72305,-0.831488,0.000830627,-0.00148302,0.000380575,-0.00066998,0.000274575,0.000252953,-0.00243289,
0.171,0,0,0,0,0,0,0,0,0,0,0,0,0,0,0,0,0.015609,0.9997,0.018358,0,0.996532,-0.0140558,-0.0818913,0,-0.0816103,0.019573,-0.996472,0,0.445221,-0.0114107,0.0593349,1,0.236368,-28.7143,0.223581,12.9309,0.0763536,1.91328,-0.0767064,42.9306,-191.862,-21.8518,-160.038,-2.5791,20.4729,56.0299,-0.0368304,0.29378,0.00951087,-2.51174,0.0358279,2.72304,-0.831489,-0.0013181,0.00267589,0.000343027,0.000804458,7.1139e-05,-0.000141607,-0.00148074,
0.205,0,0,0,0,0,0,0,0,0,0,0,0,0,0,0,0,0.01567,0.999699,0.0183533,0,0.996529,-0.0141164,-0.081918,0,-0.0816358,0.0195736,-0.99647,0,0.44521,-0.0114349,0.0593251,1,0.458536,-28.8611,0.374338,13.0777,0.0763536,1.91969,-0.122483,38.3735,-58.2364,-115.372,255.796,-0.847404,5.52265,28.5375,-0.0368674,0.293795,0.00949507,-2.51175,0.035828,2.72304,-0.831481,-0.00430415,0.000978112,0.000550627,-0.00161418,9.64143e-05,-0.000270693,0.000543661,
0.239,0,0,0,0,0,0,0,0,0,0,0,0,0,0,0,0,0.0157875,0.999698,0.0183254,0,0.996528,-0.0142359,-0.0819145,0,-0.0816305,0.0195554,-0.996471,0,0.445211,-0.0114953,0.0593272,1,0.387125,-28.8253,0.410044,13.0024,0.0882554,1.94075,-0.116074,-1.17503,43.7332,30.1624,-11.0823,23.4082,-3.69451,19.8523,-0.0368938,0.293792,0.00939882,-2.51175,0.0358278,2.72304,-0.831481,0.000815883,-0.000619718,-0.000840339,0.00197451,-0.000265491,-5.98523e-05,-0.000649915,
0.273,0,0,0,0,0,0,0,0,0,0,0,0,0,0,0,0,0.0157048,0.999699,0.0183346,0,0.996529,-0.0141527,-0.0819147,0,-0.0816321,0.0195578,-0.996471,0,0.445212,-0.0114548,0.0593271,1,0.125284,-28.8253,0.223581,12.9667,0.0882554,1.94075,-0.169175,-146.496,-21.8495,80.3794,-171.424,8.40326,33.3364,-33.205,-0.0368467,0.293792,0.00943743,-2.51175,0.035823,2.72304,-0.831476,0.00319174,-0.000233812,-0.000907479,-0.00493174,-0.000346418,-0.000183236,0.00216492,
0.307,0,0,0,0,0,0,0,0,0,0,0,0,0,0,0,0,0.0157674,0.999698,0.0183292,0,0.996528,-0.0142155,-0.081916,0,-0.0816322,0.0195575,-0.996471,0,0.44521,-0.0114993,0.0593256,1,0.609293,-28.8611,0.449717,13.0381,0.112059,1.91328,0.0954127,80.672,-17.5852,-21.818,72.2327,6.94624,15.7961,76.4592,-0.0369121,0.293795,0.00940709,-2.51175,0.0358251,2.72304,-0.83151,-0.00653592,-0.00053946,-0.00150292,-0.00125021,-0.000805586,0.000447843,-0.0051664,
0.341,0,0,0,0,0,0,0,0,0,0,0,0,0,0,0,0,0.0160637,0.999694,0.0182709,0,0.996528,-0.0145167,-0.0818625,0,-0.0815738,0.0195229,-0.996476,0,0.445235,-0.0116597,0.0593401,1,0.756083,-28.8611,0.671885,12.8199,0.106566,1.91328,-0.00987293,163.343,62.4325,14.6593,-44.461,-2.912,24.5491,32.0518,-0.0370427,0.293795,0.00920632,-2.51169,0.0358213,2.72305,-0.831532,-0.00405499,0.000673072,-0.00216015,-0.00299469,-4.76938e-05,-0.000704402,-4.02551e-05,
0.375,0,0,0,0,0,0,0,0,0,0,0,0,0,0,0,0,0.0161065,0.999694,0.0182619,0,0.996526,-0.0145598,-0.0818774,0,-0.081588,0.0195176,-0.996475,0,0.445227,-0.0116826,0.0593355,1,0.609293,-28.9007,0.636179,12.8952,0.100157,1.90596,0.0230861,-246.264,-91.3991,28.2258,11.4492,-3.95757,-7.71426,35.5174,-0.0370564,0.293798,0.00917276,-2.51171,0.0358217,2.72305,-0.831535,0.0026978,0.000148515,0.000898392,-0.000405873,-0.000106542,0.000320578,-0.00178977,
0.411,0,0,0,0,0,0,0,0,0,0,0,0,0,0,0,0,0.016013,0.999695,0.0182759,0,0.996527,-0.0144652,-0.0818872,0,-0.0815995,0.019524,-0.996474,0,0.445221,-0.0116354,0.0593356,1,0.458536,-28.75,0.560801,13.0024,0.100157,1.94807,-0.00346424,94.1519,200.076,188.772,-20.6745,-1.6795,-24.6757,-9.78781,-0.0370055,0.293787,0.00922086,-2.51172,0.0358221,2.72304,-0.831532,0.000957298,-0.00199748,0.00112439,-0.000296077,-0.000177966,-6.85925e-05,0.000205659,
0.445,0,0,0,0,0,0,0,0,0,0,0,0,0,0,0,0,0.0158137,0.999698,0.0183029,0,0.996529,-0.0142642,-0.0818927,0,-0.0816084,0.0195348,-0.996473,0,0.445223,-0.0115394,0.0593312,1,0.276041,-28.9364,0.334665,12.8952,0.0937486,1.91969,0.00294445,-5.83977,-153.585,34.3455,-217.299,-10.8734,8.36719,42.7818,-0.0368951,0.2938,0.00931352,-2.51172,0.0358224,2.72304,-0.831533,0.00489489,0.00148065,0.000646674,0.00157865,6.66147e-05,-1.814e-05,-0.00105983,
0.479,0,0,0,0,0,0,0,0,0,0,0,0,0,0,0,0,0.015665,0.999699,0.0183414,0,0.99653,-0.0141125,-0.0819123,0,-0.0816304,0.0195612,-0.996471,0,0.445217,-0.0114495,0.0593266,1,0.200663,-28.9364,0.223581,13.0381,0.0882554,1.96821,-0.162766,29.8684,-34.945,76.4617,-10.0048,-1.15228,27.3524,-50.1329,-0.0368491,0.293802,0.00945028,-2.51173,0.0358241,2.72304,-0.831507,0.000152617,8.59017e-05,0.00134343,-0.000369524,0.000153107,-0.000930941,0.00355873,
0.513,0,0,0,0,0,0,0,0,0,0,0,0,0,0,0,0,0.0157153,0.999699,0.0183361,0,0.996521,-0.0141612,-0.0820075,0,-0.0817247,0.0195615,-0.996463,0,0.44517,-0.0114683,0.0593026,1,0.311747,-28.9364,0.334665,13.0024,0.0937486,1.96821,-0.142624,3.23446,82.347,-35.6171,2.01611,14.8778,-17.9325,-10.7766,-0.0368726,0.293806,0.00943075,-2.51181,0.0358224,2.72302,-0.831498,0.000913041,-0.000279812,0.000304966,-0.00186321,-0.000286476,9.94066e-06,0.00132391,
0.547,0,0,0,0,0,0,0,0,0,0,0,0,0,0,0,0,0.0156915,0.999699,0.0183409,0,0.996515,-0.0141354,-0.0820938,0,-0.0818114,0.0195655,-0.996456,0,0.445127,-0.0114591,0.059275,1,0.236368,-29.1626,0.187876,13.2245,0.0937486,1.96181,-0.0629735,29.1482,-70.7339,-47.46,31.231,-13.1307,4.85147,4.90787,-0.0368652,0.293827,0.00943996,-2.51188,0.0358228,2.72303,-0.831508,0.000557472,0.000901758,0.00128141,-0.000958791,-4.69941e-05,6.24075e-05,-0.000823668,
0.581,0,0,0,0,0,0,0,0,0,0,0,0,0,0,0,0,0.0155795,0.9997,0.0183607,0,0.996517,-0.0140224,-0.0820815,0,-0.081801,0.0195759,-0.996456,0,0.445134,-0.0113998,0.0592767,1,0.236368,-29.1269,0.112497,13.1491,0.0882554,1.93342,-0.136216,172.371,124.935,-33.9402,65.7142,-5.47286,-14.2336,-47.1156,-0.0368113,0.293829,0.00951032,-2.51187,0.0358241,2.72303,-0.831499,-0.00108545,-0.00104017,0.00620316,0.00199841,0.000272527,0.000372016,0.00146913,
0.615,0,0,0,0,0,0,0,0,0,0,0,0,0,0,0,0,0.0153724,0.999703,0.018393,0,0.99652,-0.0138131,-0.0820899,0,-0.081813,0.0195913,-0.996455,0,0.445135,-0.0113015,0.0592712,1,-0.0215052,-29.2737,-0.0382594,13.1134,0.0882554,1.92702,-0.0767064,-75.0564,-82.4585,3.89245,69.6121,-16.9855,-1.30528,7.64965,-0.0367157,0.293845,0.00962051,-2.51186,0.0358234,2.72303,-0.831505,0.00612081,0.00075327,0.000385409,-0.00103342,0.00024855,-0.000112501,-0.000533811,
0.649,0,0,0,0,0,0,0,0,0,0,0,0,0,0,0,0,0.0152378,0.999705,0.0184151,0,0.996522,-0.0136773,-0.0820838,0,-0.0818093,0.0196022,-0.996455,0,0.44514,-0.0112362,0.0592753,1,-0.24764,-29.1626,-0.224722,13.1134,0.100157,1.97554,-0.0767064,-236.588,-34.2747,1.43906,-130.953,-9.66452,-6.90293,33.4777,-0.0366576,0.293838,0.00969863,-2.51186,0.0358217,2.72303,-0.831505,0.00134618,6.56344e-05,0.000682641,2.1672e-05,-0.000123512,0.000148284,-0.00110119,
0.683,0,0,0,0,0,0,0,0,0,0,0,0,0,0,0,0,0.0151223,0.999706,0.0184371,0,0.996522,-0.01356,-0.0821019,0,-0.0818293,0.0196149,-0.996453,0,0.445135,-0.0111797,0.0592707,1,-0.319052,-29.2379,-0.264395,13.1491,0.0937486,1.99568,-0.0895238,-113.492,21.6371,-42.7227,59.5713,5.19762,17.2502,37.509,-0.0366132,0.293844,0.00977096,-2.51186,0.0358225,2.72302,-0.831508,0.00249614,-0.000113079,0.00205252,-0.000371958,0.000154997,-0.000186026,-0.000980332,
0.717,0,0,0,0,0,0,0,0,0,0,0,0,0,0,0,0,0.0152054,0.999705,0.0184273,0,0.996522,-0.013644,-0.0820844,0,-0.0818103,0.0196117,-0.996455,0,0.445141,-0.0112183,0.0592766,1,0.049906,-29.1269,-0.00255384,13.0777,0.100157,1.96821,-0.122483,39.6229,-7.29346,-54.0304,-216.509,8.70186,-11.7066,-4.11393,-0.0366645,0.293836,0.00974003,-2.51186,0.0358217,2.72302,-0.831505,-0.000794549,0.000445133,-0.00057604,-0.000352847,-2.04081e-05,0.000266835,0.00165201,
0.751,0,0,0,0,0,0,0,0,0,0,0,0,0,0,0,0,0.0153186,0.999703,0.0184182,0,0.996519,-0.0137572,-0.0821004,0,-0.0818242,0.0196122,-0.996454,0,0.445134,-0.0112751,0.0592714,1,0.049906,-29.2379,0.037119,13.1491,0.100157,1.97554,-0.0236058,-29.4337,-86.7542,161.237,55.8877,13.8461,29.7455,-13.4116,-0.036748,0.293843,0.00970089,-2.51186,0.0358249,2.72302,-0.831516,-0.000941201,0.00105924,-0.00115815,-0.000558856,-0.00013097,-0.000314943,-0.000150073,
0.784,0,0,0,0,0,0,0,0,0,0,0,0,0,0,0,0,0.0152636,0.999704,0.0184224,0,0.996519,-0.0137018,-0.0821132,0,-0.081838,0.019612,-0.996453,0,0.445129,-0.0112513,0.0592676,1,-0.061178,-29.2737,-0.149343,13.1849,0.100157,1.98195,-0.0171971,-70.0962,-21.4479,-155.462,-48.3763,10.3427,-15.7297,74.6203,-0.0367133,0.293847,0.00971708,-2.51187,0.0358219,2.72302,-0.831518,0.00233088,0.000677508,0.00256142,9.20519e-05,-9.9993e-05,0.000410873,-0.00155631,
0.819,0,0,0,0,0,0,0,0,0,0,0,0,0,0,0,0,0.0151786,0.999705,0.0184288,0,0.996522,-0.0136168,-0.0820986,0,-0.0818251,0.0196112,-0.996454,0,0.445135,-0.0112091,0.0592689,1,-0.172262,-29.2379,-0.224722,13.1134,0.0937486,1.91969,-0.0831151,-26.8515,76.0799,73.6573,-13.1432,-28.3746,24.034,12.7881,-0.0366448,0.293849,0.00974056,-2.51186,0.0358235,2.72303,-0.831513,0.00137545,-0.000722698,0.00148141,0.000614084,0.000409621,-0.000336256,0.00106969,
0.853,0,0,0,0,0,0,0,0,0,0,0,0,0,0,0,0,0.0150183,0.999707,0.0184551,0,0.996528,-0.0134559,-0.0820493,0,-0.0817785,0.0196237,-0.996457,0,0.445156,-0.0111402,0.0592831,1,-0.358724,-29.0515,-0.375479,12.9309,0.13037,1.87849,0.0432277,-139.6,277.147,7.60778,-121.021,18.5428,-4.11321,53.0315,-0.0365926,0.293834,0.00983228,-2.51184,0.0358216,2.72304,-0.831531,0.00232364,-0.00226945,0.000517388,0.0028896,-0.000458972,-8.09526e-05,-0.00180076,
0.887,0,0,0,0,0,0,0,0,0,0,0,0,0,0,0,0,0.0148536,0.999709,0.018479,0,0.99653,-0.0132898,-0.082047,0,-0.0817792,0.0196339,-0.996457,0,0.445159,-0.011062,0.0592808,1,-0.434103,-29.1626,-0.486563,13.0024,0.13037,1.85103,0.0359034,-155.791,-6.30785,-48.1122,64.8466,-8.05053,-6.95861,27.8115,-0.0365147,0.293842,0.00991869,-2.51184,0.0358183,2.72305,-0.831532,0.00411333,-0.000832176,0.000537554,-0.000330368,5.20114e-05,0.00054247,-0.00289169,
0.921,0,0,0,0,0,0,0,0,0,0,0,0,0,0,0,0,0.0147747,0.99971,0.0184931,0,0.996531,-0.0132099,-0.0820535,0,-0.081787,0.0196416,-0.996456,0,0.445158,-0.0110222,0.0592795,1,-0.469808,-29.1983,-0.561941,13.0024,0.136778,1.89223,-0.0236058,-40.4006,-74.732,-74.7026,39.7439,-2.55847,18.5675,18.5009,-0.0364822,0.293844,0.00996852,-2.51184,0.0358172,2.72304,-0.83153,0.000456274,0.000649947,0.00354949,-0.00513003,0.000180004,-0.000476744,-7.7964e-05,
0.955,0,0,0,0,0,0,0,0,0,0,0,0,0,0,0,0,0.0147587,0.99971,0.0184982,0,0.996529,-0.0131929,-0.0820827,0,-0.0818164,0.0196458,-0.996454,0,0.445146,-0.0110115,0.0592722,1,-0.469808,-29.2379,-0.526235,13.1491,0.136778,1.91969,-0.0767064,42.629,103.796,-20.029,103.263,-2.92508,-22.4632,-22.9858,-0.0364818,0.293849,0.00998863,-2.51185,0.0358144,2.72303,-0.831524,-0.000240029,-0.000700258,-0.000513327,-0.000648536,-1.2694e-05,0.000195186,0.00115036,
0.989,0,0,0,0,0,0,0,0,0,0,0,0,0,0,0,0,0.0148085,0.99971,0.0184948,0,0.996528,-0.0132428,-0.0820846,0,-0.0818174,0.0196465,-0.996454,0,0.445146,-0.0110379,0.0592723,1,-0.207968,-29.2737,-0.375479,13.1134,0.123961,1.95448,0.00935314,192.426,20.5706,97.6938,55.3377,-8.85006,2.79154,56.9804,-0.0365196,0.29385,0.00996961,-2.51185,0.035818,2.72303,-0.831534,-0.00181174,4.36366e-05,-0.00410905,0.000344219,0.00034215,-0.000373627,-0.00102956,
1.023,0,0,0,0,0,0,0,0,0,0,0,0,0,0,0,0,0.0148424,0.999709,0.0184887,0,0.996525,-0.0132766,-0.0821116,0,-0.0818438,0.0196436,-0.996452,0,0.445138,-0.011054,0.0592626,1,-0.172262,-29.4641,-0.339773,13.1134,0.142272,1.96181,-0.00346424,83.8147,24.5519,-4.98286,-75.4916,26.0225,17.0076,56.1608,-0.0365318,0.29387,0.00994785,-2.51185,0.0358169,2.72302,-0.831532,-0.00129898,0.00139521,0.000139815,0.000355914,-0.000579613,-0.000269612,0.00170757,
1.057,0,0,0,0,0,0,0,0,0,0,0,0,0,0,0,0,0.0148716,0.999709,0.018484,0,0.996527,-0.0133067,-0.0820794,0,-0.0818112,0.0196408,-0.996454,0,0.445149,-0.0110663,0.059271,1,-0.172262,-29.2379,-0.3001,12.9667,0.123961,1.90596,-0.0565648,-4.62242,249.497,-15.2681,-128.814,-17.8326,9.28485,-7.52935,-0.0365464,0.29386,0.00993737,-2.51184,0.0358158,2.72304,-0.831526,-0.00214553,-0.00176612,-0.00198571,0.00180426,0.000346165,2.51032e-05,0.000603935,
1.091,0,0,0,0,0,0,0,0,0,0,0,0,0,0,0,0,0.0148744,0.999709,0.0184841,0,0.996528,-0.0133098,-0.082065,0,-0.0817967,0.019641,-0.996455,0,0.445156,-0.0110655,0.0592762,1,-0.283346,-29.1983,-0.339773,12.9667,0.13037,1.91328,-0.0565648,-92.3965,95.2714,49.7178,4.55332,-5.22114,20.7366,-34.6266,-0.0365432,0.293854,0.00993648,-2.51183,0.0358183,2.72303,-0.831523,-0.00322322,-0.000898202,0.000586809,-0.000248794,-3.02727e-05,-0.000410124,0.000225931,
1.125,0,0,0,0,0,0,0,0,0,0,0,0,0,0,0,0,0.0148462,0.999709,0.0184857,0,0.996527,-0.013281,-0.0820879,0,-0.0818201,0.0196406,-0.996454,0,0.44515,-0.0110578,0.0592652,1,-0.283346,-29.4641,-0.375479,12.9667,0.136778,1.89955,0.00935314,-23.2799,16.5422,-13.4474,-26.8275,7.99787,8.37657,44.0665,-0.0365304,0.293879,0.00994003,-2.51183,0.0358162,2.72304,-0.831534,-0.00169324,-0.000993728,0.000471364,0.00111784,-0.00013371,0.00933061,-0.00163331,
1.159,0,0,0,0,0,0,0,0,0,0,0,0,0,0,0,0,0.0148596,0.999709,0.0184849,0,0.996528,-0.0132948,-0.0820705,0,-0.0818025,0.0196406,-0.996455,0,0.445155,-0.0110606,0.059272,1,-0.24764,-29.2737,-0.375479,12.9309,0.142272,1.88582,-0.0565648,41.9305,-52.7648,-8.75215,-77.1947,27.563,-7.36393,2.11006,-0.0365359,0.293865,0.0099397,-2.51183,0.0358169,2.72304,-0.831526,-1.49117e-05,0.000526738,1.09362e-05,0.00271282,-0.000451058,7.7782e-05,0.000480985,
1.193,0,0,0,0,0,0,0,0,0,0,0,0,0,0,0,0,0.0148136,0.99971,0.0184907,0,0.99653,-0.0132488,-0.0820539,0,-0.0817866,0.0196425,-0.996456,0,0.445162,-0.0110395,0.0592743,1,-0.434103,-29.3133,-0.486563,12.8952,0.13037,1.8437,-0.0300145,-17.9726,35.7741,12.5312,26.6367,-6.80153,-27.138,32.6788,-0.0365102,0.293867,0.00995919,-2.51182,0.0358183,2.72305,-0.831529,0.00150073,0.000514314,0.000743866,-0.000794046,0.000199478,0.000375592,-0.00122115,
1.227,0,0,0,0,0,0,0,0,0,0,0,0,0,0,0,0,0.0147889,0.99971,0.0184949,0,0.996533,-0.0132244,-0.0820277,0,-0.0817609,0.0196442,-0.996458,0,0.445176,-0.0110281,0.0592817,1,-0.39443,-29.2737,-0.526235,12.8199,0.13037,1.83729,0.00294445,73.4747,90.9032,-15.7849,93.7293,-14.4759,-5.39595,21.6389,-0.0365013,0.293864,0.00997477,-2.5118,0.0358183,2.72305,-0.83153,-4.25804e-05,-0.00135639,0.00096304,-0.000216607,0.000215463,-5.50516e-05,-0.000650417,
1.261,0,0,0,0,0,0,0,0,0,0,0,0,0,0,0,0,0.0147697,0.99971,0.0184959,0,0.996539,-0.0132066,-0.081955,0,-0.0816886,0.0196427,-0.996464,0,0.44522,-0.0110209,0.0592982,1,-0.505514,-29.4998,-0.561941,12.9667,0.13037,1.8437,-0.0236058,-105.606,-204.078,-51.2452,-49.9549,-15.6533,1.33871,12.6986,-0.0364903,0.293881,0.00998163,-2.51171,0.035818,2.72305,-0.83153,0.00145049,0.00192636,0.000525277,0.00582197,0.000340176,-0.000373861,-0.00104124,
1.295,0,0,0,0,0,0,0,0,0,0,0,0,0,0,0,0,0.0146989,0.999711,0.0185062,0,0.996549,-0.0131373,-0.081844,0,-0.0815788,0.0196458,-0.996473,0,0.445273,-0.0109901,0.0593285,1,-0.580892,-29.3133,-0.712698,12.566,0.123961,1.78877,-0.00346424,9.07512,-9.67956,-183.615,62.0333,-33.3515,-3.91462,9.16935,-0.0364681,0.293865,0.0100264,-2.51163,0.0358155,2.72307,-0.831532,-0.00677206,-0.000250127,0.00454944,0.00358873,0.000618241,0.000315579,-0.00116273,
1.329,0,0,0,0,0,0,0,0,0,0,0,0,0,0,0,0,0.0146613,0.999711,0.0185139,0,0.996558,-0.0131013,-0.0817434,0,-0.0814788,0.019649,-0.996481,0,0.445334,-0.0109711,0.0593501,1,-0.580892,-29.6148,-0.637319,12.4549,0.136778,1.77504,-0.0364232,13.8472,-95.5777,147.122,-96.418,20.9376,-2.76208,-73.3393,-0.0364552,0.293893,0.0100561,-2.51151,0.0358172,2.72307,-0.831528,0.00300103,0.00142278,0.00148456,0.00599628,6.72014e-06,-2.82785e-05,0.000394278,
1.363,0,0,0,0,0,0,0,0,0,0,0,0,0,0,0,0,0.0146576,0.999712,0.0185118,0,0.996563,-0.013099,-0.0816792,0,-0.0814148,0.0196458,-0.996487,0,0.445371,-0.0109737,0.0593643,1,-0.505514,-29.5752,-0.601614,12.3835,0.142272,1.76131,-0.00987293,15.4099,-4.91241,122.907,-31.0857,16.9042,8.09943,-22.886,-0.0364573,0.293906,0.0100549,-2.51144,0.0358138,2.72308,-0.831531,-0.00130262,-0.000142903,-0.000463935,-0.0009753,-0.000207192,4.43628e-05,-7.91451e-05,
1.397,0,0,0,0,0,0,0,0,0,0,0,0,0,0,0,0,0.0147063,0.999711,0.0185069,0,0.996564,-0.0131482,-0.0816637,0,-0.0813984,0.0196446,-0.996488,0,0.445376,-0.0109934,0.0593674,1,-0.358724,-29.5395,-0.561941,12.3081,0.142272,1.73292,-0.0693822,14.8655,24.809,-229.165,44.0497,3.94038,-23.5773,-21.0913,-0.0364867,0.293903,0.0100423,-2.51143,0.0358134,2.72309,-0.831523,-0.00315175,0.000435186,-0.000567343,0.000444633,-8.86855e-05,0.000427971,0.00163029,
1.431,0,0,0,0,0,0,0,0,0,0,0,0,0,0,0,0,0.0147589,0.99971,0.0185015,0,0.99657,-0.0132028,-0.0815785,0,-0.0813121,0.0196424,-0.996495,0,0.445433,-0.0110205,0.0593597,1,0.0142004,-29.9521,-0.00255384,13.1491,0.154173,1.92702,0.00935314,-80.6104,-199.75,24.1479,39.3109,0.113998,25.3804,40.6211,-0.0365212,0.294015,0.0100226,-2.5113,0.0358189,2.72315,-0.831529,4.58075e-05,0.0146163,0.00497967,0.0137885,0.00905694,0.00674658,-0.00030407,
1.465,0,0,0,0,0,0,0,0,0,0,0,0,0,0,0,0,0.0146993,0.999711,0.0185272,0,0.996606,-0.0131498,-0.0811444,0,-0.0808789,0.0196574,-0.99653,0,0.445835,-0.0109893,0.0593738,1,0.049906,-30.6265,0.112497,13.5498,0.154173,2.11378,-0.0300145,-96.9999,-89.4867,-118.084,35.6109,-4.37796,-4.43582,-16.1891,-0.0365411,0.294614,0.010122,-2.51028,0.0358157,2.72317,-0.831505,0.000803101,0.025725,0.00288169,0.0405311,0.000247593,-0.00514578,0.00319802,
1.499,0,0,0,0,0,0,0,0,0,0,0,0,0,0,0,0,0.0146979,0.99971,0.0185454,0,0.996646,-0.0131568,-0.0806468,0,-0.080381,0.019669,-0.99657,0,0.446395,-0.0110031,0.0593502,1,0.422831,-30.44,0.374338,13.3673,0.14868,2.0442,0.0230861,26.4458,-96.6628,-9.00424,-13.9472,4.11571,-22.5885,43.4776,-0.0365927,0.295596,0.0101668,-2.50877,0.0358163,2.72313,-0.831511,-0.00205257,0.0283744,0.0017314,0.0490357,-2.04336e-06,-0.00549548,-0.000135812,
1.533,0,0,0,0,0,0,0,0,0,0,0,0,0,0,0,0,0.0148001,0.999709,0.0185544,0,0.996698,-0.0132709,-0.0799908,0,-0.0797228,0.0196774,-0.996623,0,0.447184,-0.0110719,0.059292,1,0.573588,-30.6265,0.525095,13.3673,0.142272,2.01674,0.0496363,109.337,121.863,67.2899,-51.3468,-10.9875,3.75774,43.227,-0.036706,0.297063,0.0101677,-2.50659,0.035817,2.72308,-0.831515,-0.00587536,0.0486907,-0.000326873,0.0631737,-7.87038e-05,-0.000328829,-0.00850942,
1.567,0,0,0,0,0,0,0,0,0,0,0,0,0,0,0,0,0.0148805,0.999707,0.0185711,0,0.996749,-0.0133628,-0.079328,0,-0.0790582,0.0196916,-0.996675,0,0.448157,-0.0111685,0.0592096,1,0.609293,-30.6265,0.636179,13.2602,0.184386,1.98195,0.109146,56.5123,-145.622,31.0058,-118.413,-13.0035,-2.72993,51.6267,-0.0368603,0.298932,0.010156,-2.50379,0.0358044,2.72281,-0.831581,-0.00561833,0.054749,0.000784237,0.0936871,-4.33887e-05,-0.0096268,-0.00532367,
1.601,0,0,0,0,0,0,0,0,0,0,0,0,0,0,0,0,0.0147827,0.999708,0.0186075,0,0.99682,-0.0132799,-0.0784464,0,-0.0781779,0.0197083,-0.996745,0,0.449386,-0.011202,0.0591878,1,0.347452,-30.7019,0.449717,13.407,0.221007,1.91328,0.0761866,9.54624,94.3351,34.1409,48.639,-0.669339,21.8277,-47.1207,-0.0368943,0.301041,0.0101726,-2.50032,0.0357988,2.72233,-0.831679,0.000876408,0.0624006,-0.00047566,0.118606,2.053e-05,-0.0157061,0.00125121,
1.634,0,0,0,0,0,0,0,0,0,0,0,0,0,0,0,0,0.0147893,0.999707,0.0186468,0,0.996882,-0.0132991,-0.0776506,0,-0.0773813,0.0197375,-0.996806,0,0.450816,-0.0112481,0.0591779,1,0.276041,-30.6622,0.449717,13.1849,0.214598,1.85744,0.0761866,-40.8738,-107.54,144.213,-32.2698,11.3232,-3.15631,-13.8745,-0.0369116,0.303493,0.0101525,-2.49614,0.0357961,2.7214,-0.83169,0.00543112,0.0804317,-0.0021874,0.138961,8.13404e-06,-0.0333274,0.00114117,
1.668,0,0,0,0,0,0,0,0,0,0,0,0,0,0,0,0,0.0148289,0.999706,0.0186826,0,0.996955,-0.0133547,-0.0767011,0,-0.0764305,0.0197635,-0.996879,0,0.452489,-0.0113373,0.0590733,1,0.644999,-30.7773,0.862314,13.1491,0.214598,1.74757,0.0761866,-162.157,-22.7585,67.3762,-14.3465,-11.858,-10.3881,-11.6107,-0.0369775,0.30663,0.0101039,-2.4912,0.0357934,2.72055,-0.831744,-0.00306751,0.10104,-0.00164742,0.155032,0.000121429,-0.0230335,-0.00832358,
1.702,0,0,0,0,0,0,0,0,0,0,0,0,0,0,0,0,0.0149091,0.999704,0.0187177,0,0.997046,-0.0134559,-0.0754976,0,-0.0752249,0.0197884,-0.99697,0,0.45445,-0.0115008,0.0588052,1,0.795756,-30.9994,0.89802,13.2602,0.209105,1.69173,0.0230861,133.165,-1.87382,-61.6158,-81.0199,-9.59098,-17.1658,-39.3569,-0.0371758,0.310713,0.0100461,-2.48539,0.0357903,2.72003,-0.831902,-0.0050308,0.136612,0.000256446,0.187381,-6.85174e-05,-0.01348,-0.00244571,
1.736,0,0,0,0,0,0,0,0,0,0,0,0,0,0,0,0,0.0150377,0.999701,0.0187506,0,0.997145,-0.0136086,-0.0741406,0,-0.0738648,0.0198124,-0.997071,0,0.456813,-0.0116775,0.0584052,1,0.90684,-31.0748,1.04878,12.7842,0.190794,1.55348,0.0432277,29.4979,-49.5439,-32.5796,-128.583,-6.38935,-2.1457,-90.7928,-0.0373438,0.315867,0.00995567,-2.47827,0.0357909,2.71942,-0.832016,-0.00404223,0.172256,-0.00464751,0.22664,-0.000118485,-0.0132789,-0.00364973,
1.77,0,0,0,0,0,0,0,0,0,0,0,0,0,0,0,0,0.0148195,0.999703,0.0188369,0,0.997249,-0.0134119,-0.072771,0,-0.0724982,0.0198639,-0.997171,0,0.459627,-0.0118064,0.0578162,1,0.795756,-30.6622,0.89802,12.7842,0.232909,1.47108,0.109146,21.1902,17.1103,-76.2653,-23.2152,-10.8883,-1.87521,-31.394,-0.0374582,0.322361,0.00992845,-2.46955,0.035783,2.71856,-0.832356,-0.00384019,0.207597,-0.00498435,0.265499,-0.00013985,-0.0327383,-0.0149713,
1.804,0,0,0,0,0,0,0,0,0,0,0,0,0,0,0,0,0.0146629,0.999704,0.0189232,0,0.99736,-0.0132798,-0.0712534,0,-0.0709823,0.0199184,-0.997279,0,0.462721,-0.0118839,0.0570747,1,0.609293,-31.0391,0.862314,13.0777,0.232909,1.46376,0.102737,-32.6526,5.24311,5.64709,-171.992,-18.0684,0.2802,-56.1514,-0.0374753,0.329747,0.00992954,-2.45991,0.035783,2.71782,-0.83252,0.00126137,0.231599,0.000981999,0.30055,0.000571019,-0.0203997,-0.00117968,
1.838,0,0,0,0,0,0,0,0,0,0,0,0,0,0,0,0,0.0145956,0.999703,0.0190166,0,0.997488,-0.0132422,-0.069451,0,-0.0691799,0.0199828,-0.997404,0,0.466291,-0.0119504,0.0563036,1,0.422831,-31.6024,0.636179,12.4549,0.239317,1.33925,0.175064,30.9141,31.3397,-100.835,66.1517,-26.816,29.7309,29.4757,-0.0374599,0.338003,0.00994225,-2.44882,0.0357822,2.71679,-0.832545,0.00143665,0.258776,0.00276636,0.35179,0.00039698,-0.0358211,-0.00251401,
1.872,0,0,0,0,0,0,0,0,0,0,0,0,0,0,0,0,0.0145324,0.999701,0.0191716,0,0.99756,-0.0131893,-0.0684102,0,-0.0681382,0.0201194,-0.997473,0,0.470003,-0.0119942,0.0554419,1,0.573588,-31.2652,0.747263,12.6731,0.239317,1.16621,0.0825953,90.6589,-34.0944,0.125267,-11.8647,18.3144,-7.8819,-43.8911,-0.0374342,0.346886,0.00997586,-2.43665,0.0357818,2.71454,-0.832535,0.00120236,0.256092,0.00218466,0.360983,-0.00032132,-0.0642858,0.00101622,
1.906,0,0,0,0,0,0,0,0,0,0,0,0,0,0,0,0,0.0145726,0.999697,0.0193243,0,0.997639,-0.0132428,-0.0672398,0,-0.0669648,0.020259,-0.99755,0,0.473987,-0.0121038,0.054722,1,0.756083,-31.9,0.973398,12.566,0.221007,1.01424,0.056045,-31.5412,-167.539,42.8946,31.6912,3.19763,7.08492,-36.264,-0.0374691,0.355826,0.00994663,-2.42367,0.0357795,2.71167,-0.832531,-0.00143457,0.262715,0.00318726,0.403425,0.00025634,-0.089707,0.002118,
1.94,0,0,0,0,0,0,0,0,0,0,0,0,0,0,0,0,0.0146137,0.999693,0.0195223,0,0.997675,-0.0132816,-0.0667039,0,-0.0664254,0.0204521,-0.997582,0,0.478052,-0.0122144,0.0540466,1,0.795756,-32.1658,1.12416,12.9309,0.232909,1.13875,0.0825953,-13.3868,94.483,175.505,72.6789,10.1368,-5.24207,-109.389,-0.0375005,0.364896,0.00990008,-2.40994,0.0357782,2.70755,-0.832534,-0.00169224,0.245904,-0.00160084,0.395384,-0.000338881,-0.134918,0.00233153,
1.974,0,0,0,0,0,0,0,0,0,0,0,0,0,0,0,0,0.0145878,0.999689,0.0197487,0,0.997741,-0.0132614,-0.065705,0,-0.0654239,0.020663,-0.997644,0,0.482525,-0.012309,0.0537134,1,0.720377,-31.7532,0.937693,12.7127,0.2265,0.994094,0.175064,103.936,-27.2939,-41.3607,-22.2096,-14.0187,-12.4501,48.5686,-0.037519,0.373677,0.00988594,-2.39528,0.0357789,2.70265,-0.832544,-0.000400599,0.254296,-0.000944091,0.446658,0.00017184,-0.143219,-0.00193466,
2.008,0,0,0,0,0,0,0,0,0,0,0,0,0,0,0,0,0.0145388,0.999684,0.0200131,0,0.997778,-0.0132066,-0.065161,0,-0.0648774,0.0209164,-0.997674,0,0.487076,-0.0123843,0.0535018,1,0.795756,-33.0664,1.15986,13.0777,0.221007,1.23579,0.0954127,-46.8262,-19.8983,-92.6117,-17.1282,-9.07612,17.7841,-40.2839,-0.0375077,0.382372,0.00987032,-2.38002,0.0357735,2.69663,-0.832535,-1.92509e-05,0.26901,-5.08045e-05,0.461992,0.000423535,-0.194428,0.00179881,
2.042,0,0,0,0,0,0,0,0,0,0,0,0,0,0,0,0,0.0145568,0.999678,0.0203222,0,0.997771,-0.0132023,-0.065265,0,-0.064977,0.0212274,-0.997661,0,0.491696,-0.0124836,0.0533604,1,0.831461,-33.6258,1.15986,13.3316,0.221007,1.12501,0.0294947,-116.649,0.730521,-75.5674,116.14,12.7656,11.1308,-16.0136,-0.0375386,0.391162,0.00983551,-2.36402,0.035771,2.6893,-0.832514,0.000302804,0.267923,-0.00285059,0.471228,-0.00024297,-0.233004,0.00195239,
2.076,0,0,0,0,0,0,0,0,0,0,0,0,0,0,0,0,0.0145619,0.999671,0.0206412,0,0.997762,-0.0131834,-0.065411,0,-0.0651186,0.0215479,-0.997645,0,0.496571,-0.0126007,0.0532822,1,0.982218,-32.9156,1.27491,12.8952,0.239317,1.18727,0.148513,94.425,-23.4757,13.1049,47.3025,14.3555,15.2585,24.4429,-0.0375545,0.400301,0.00976179,-2.34705,0.0357668,2.68132,-0.832518,-0.00726062,0.264097,-0.0035883,0.522172,-0.000588401,-0.236975,-0.00104896,
2.11,0,0,0,0,0,0,0,0,0,0,0,0,0,0,0,0,0.0146395,0.999664,0.0209255,0,0.997752,-0.0132394,-0.0655508,0,-0.065253,0.0218385,-0.99763,0,0.501502,-0.0127706,0.0532263,1,1.16868,-34.3399,1.46137,13.5141,0.214598,1.22847,0.129287,101.638,-161.271,229.578,176.982,-0.64036,-47.8715,-7.48146,-0.0375674,0.409537,0.00959657,-2.32979,0.0357563,2.67315,-0.832519,-0.000346263,0.28678,-0.00475252,0.509967,0.000259142,-0.247429,-0.000110579,
2.144,0,0,0,0,0,0,0,0,0,0,0,0,0,0,0,0,0.0147189,0.999657,0.0212321,0,0.997697,-0.0132803,-0.0663729,0,-0.0660694,0.0221605,-0.997569,0,0.506399,-0.0129433,0.0528932,1,1.0933,-34.9389,1.53675,13.6966,0.202696,1.45003,0.102737,-146.824,-12.2584,94.9424,-264.943,8.09399,-47.9316,-68.1881,-0.0375885,0.419626,0.00942811,-2.31191,0.0357338,2.66451,-0.832525,0.00266082,0.295022,-0.0132059,0.515636,0.000790287,-0.262423,0.00198839,
2.178,0,0,0,0,0,0,0,0,0,0,0,0,0,0,0,0,0.014763,0.999651,0.021459,0,0.997724,-0.0133188,-0.0659501,0,-0.0656425,0.0223843,-0.997592,0,0.511573,-0.0131639,0.0525731,1,1.27976,-34.566,1.57246,13.2602,0.244811,1.09755,0.201614,116.549,14.4308,116.541,101.949,2.38022,-19.0116,35.2354,-0.0376254,0.429981,0.00922906,-2.29383,0.0356938,2.65721,-0.83259,-0.00167401,0.296378,-0.00535208,0.539576,-0.00275538,-0.194226,-0.00374876,
2.212,0,0,0,0,0,0,0,0,0,0,0,0,0,0,0,0,0.0147235,0.999645,0.0217513,0,0.997688,-0.0132474,-0.0665141,0,-0.0662036,0.0226807,-0.997548,0,0.51652,-0.0133151,0.0521208,1,1.20439,-35.3158,1.49708,14.3552,0.26953,1.39509,0.201614,-6.90247,-83.5738,-71.9683,-87.176,4.30486,-0.380475,26.3833,-0.0376237,0.440504,0.00909556,-2.27566,0.0356495,2.64898,-0.832639,0.000302008,0.313592,-0.00278236,0.524636,-0.000689227,-0.24618,-0.00188091,
2.246,0,0,0,0,0,0,0,0,0,0,0,0,0,0,0,0,0.0146466,0.99964,0.0220435,0,0.997673,-0.0131457,-0.0667573,0,-0.0664448,0.0229704,-0.997526,0,0.521392,-0.0134468,0.0517505,1,1.16868,-35.2404,1.57246,13.6609,0.26953,1.42256,0.287673,-95.2638,195.486,95.1218,-153.362,-9.23464,19.911,111.502,-0.0376273,0.450656,0.00900518,-2.2579,0.0356161,2.64112,-0.832699,0.000467168,0.300127,-0.00422254,0.516676,-0.000794567,-0.219249,-0.00305897,
2.28,0,0,0,0,0,0,0,0,0,0,0,0,0,0,0,0,0.014487,0.999636,0.0223202,0,0.997675,-0.0129677,-0.066769,0,-0.0664565,0.0232361,-0.997519,0,0.526115,-0.0135503,0.0514357,1,1.12901,-36.3275,1.49708,14.0259,0.293334,1.22206,0.228164,-95.5709,-38.4669,-11.4778,115.248,-16.781,-19.0776,20.2781,-0.0376337,0.460382,0.00896827,-2.24076,0.0355462,2.63368,-0.832761,1.51e-05,0.269764,-0.00434933,0.501469,-0.000915165,-0.235275,-0.000274325,
2.314,0,0,0,0,0,0,0,0,0,0,0,0,0,0,0,0,0.0144812,0.999629,0.0226324,0,0.997577,-0.0129068,-0.0682257,0,-0.0679096,0.023566,-0.997413,0,0.530184,-0.0136565,0.0508871,1,1.05363,-36.7044,1.386,14.7202,0.26953,1.62306,0.241897,-71.873,48.8034,3.84013,200.726,-7.17536,32.9851,73.7533,-0.0376304,0.469817,0.00887516,-2.22468,0.0355345,2.62556,-0.832777,0.00103591,0.257915,-0.00382404,0.448713,-5.83628e-05,-0.230175,-0.00181569,
2.348,0,0,0,0,0,0,0,0,0,0,0,0,0,0,0,0,0.0145577,0.999622,0.0228899,0,0.997487,-0.0129345,-0.0695275,0,-0.0692065,0.023845,-0.997317,0,0.533772,-0.0137943,0.0504469,1,1.53764,-36.2164,1.68354,15.2677,0.256712,1.65053,0.234573,102.775,-77.1036,-174.429,125.241,4.57667,-81.0014,29.8087,-0.0376485,0.478071,0.00873815,-2.21041,0.0355354,2.61823,-0.832786,-0.001495,0.220678,-0.00765573,0.38251,-3.96242e-05,-0.197143,-0.00134698,
2.382,0,0,0,0,0,0,0,0,0,0,0,0,0,0,0,0,0.0146562,0.999616,0.0231074,0,0.997344,-0.0129692,-0.0715372,0,-0.0712114,0.024095,-0.99717,0,0.536408,-0.013951,0.0501438,1,1.16868,-37.5692,1.53675,15.4541,0.305235,1.65053,0.287673,-20.2881,44.8073,-151.699,62.2562,-15.7123,158.201,68.3775,-0.037697,0.484362,0.00855768,-2.19908,0.0355198,2.61117,-0.832835,0.000474513,0.174952,-0.00907496,0.308395,-0.000602199,-0.192291,-0.00481455,
2.416,0,0,0,0,0,0,0,0,0,0,0,0,0,0,0,0,0.0147403,0.99961,0.0232967,0,0.997209,-0.0129946,-0.0733842,0,-0.0730543,0.0243138,-0.997032,0,0.538339,-0.0140631,0.0500979,1,1.20439,-37.6407,1.53675,15.1963,0.244811,1.87849,0.142105,-310.397,68.5098,-7.17329,22.7738,-9.90704,119.587,-35.5343,-0.0377211,0.488653,0.00840972,-2.19056,0.0355231,2.60508,-0.832865,0.00507958,0.103185,-0.0024629,0.213786,-0.00019556,-0.141733,0.00176711,
2.45,0,0,0,0,0,0,0,0,0,0,0,0,0,0,0,0,0.0146806,0.999608,0.023451,0,0.997052,-0.0128714,-0.0755189,0,-0.0751889,0.024491,-0.996869,0,0.53922,-0.0141465,0.0501231,1,1.42655,-37.3431,1.79859,16.073,0.323546,2.0442,0.201614,-29.7643,-31.6041,90.9617,8.16365,36.1773,25.8862,-45.7143,-0.03776,0.490828,0.0082883,-2.18569,0.0355128,2.60024,-0.833035,-0.0057039,0.0275091,-0.000784814,0.0877626,-0.000473427,-0.131836,-0.00944514,
2.484,0,0,0,0,0,0,0,0,0,0,0,0,0,0,0,0,0.0147052,0.999605,0.0235342,0,0.996923,-0.012848,-0.0772063,0,-0.076875,0.0245976,-0.996737,0,0.539138,-0.0141951,0.05029,1,1.24009,-36.5179,1.4217,15.8905,0.299742,1.83729,0.162246,107.046,-58.0413,-42.6644,73.5988,-3.39059,0.459397,-60.1822,-0.0378049,0.490688,0.00820894,-2.18478,0.0355162,2.59749,-0.833118,0.0049481,-0.0145576,-0.00197615,-0.00735002,5.23976e-05,-0.0430918,0.00212341,
2.518,0,0,0,0,0,0,0,0,0,0,0,0,0,0,0,0,0.0146916,0.999604,0.0235743,0,0.99688,-0.0128176,-0.0777643,0,-0.0774329,0.0246437,-0.996693,0,0.538766,-0.014087,0.0504431,1,0.684672,-36.9305,1.12416,16.1087,0.256712,1.76771,0.0294947,-134.825,73.1084,143.152,82.4516,-8.92449,-7.39406,-44.9478,-0.0377074,0.489732,0.00827592,-2.18582,0.0355215,2.59701,-0.832979,0.00351368,-0.0281658,-0.000134517,-0.0462109,0.00514438,0.0025198,0.0136402,
2.552,0,0,0,0,0,0,0,0,0,0,0,0,0,0,0,0,0.0151491,0.999598,0.0235571,0,0.996836,-0.0132631,-0.0782533,0,-0.0779109,0.0246685,-0.996655,0,0.538082,-0.0139764,0.050416,1,0.871134,-36.6687,1.08448,15.7795,0.142272,1.58827,-0.0236058,153.706,71.5669,75.9515,173.059,10.7213,-19.3477,-4.49604,-0.0376208,0.488584,0.00835237,-2.18797,0.0355436,2.59754,-0.832399,0.00321878,-0.0354,0.00316627,-0.073125,0.00144162,0.0347656,0.0206491,
2.586,0,0,0,0,0,0,0,0,0,0,0,0,0,0,0,0,0.0157662,0.999589,0.0235324,0,0.996855,-0.0138892,-0.0778944,0,-0.077537,0.0246869,-0.996684,0,0.537437,-0.0137832,0.0502769,1,0.533915,-36.4425,0.636179,15.5613,0.0516343,1.58095,-0.0959325,-107.564,-157.787,-2.51112,-16.8176,-0.641589,-25.2235,-7.09758,-0.0375464,0.487566,0.00859672,-2.19058,0.0355555,2.59952,-0.831519,0.00272118,-0.0198324,0.00562659,-0.0777713,0.000567522,0.0668303,0.0277306,
2.62,0,0,0,0,0,0,0,0,0,0,0,0,0,0,0,0,0.0161019,0.999583,0.0235765,0,0.996868,-0.0142261,-0.0776744,0,-0.0773081,0.0247538,-0.9967,0,0.536688,-0.0134667,0.0500791,1,0.347452,-36.4425,0.560801,15.5613,-0.0261855,1.49123,-0.129807,-110.974,-171.208,-16.5637,-45.1784,-0.0104218,15.8334,35.7015,-0.0373919,0.486525,0.00896937,-2.19344,0.035572,2.60157,-0.830736,0.00396698,-0.0350439,0.0113511,-0.0882182,0.00050284,0.0630896,0.0301223,
2.654,0,0,0,0,0,0,0,0,0,0,0,0,0,0,0,0,0.0167602,0.999573,0.0235327,0,0.996901,-0.0148998,-0.0771224,0,-0.0767403,0.0247528,-0.996744,0,0.535849,-0.0131182,0.0499584,1,0.125284,-36.3275,0.334665,15.4898,-0.0811171,1.38136,-0.175583,-166.932,-61.181,-147.462,81.6489,-31.8461,11.7502,4.31093,-0.0371131,0.485039,0.00929005,-2.19693,0.0355746,2.60416,-0.829537,0.0104535,-0.0467866,0.0109415,-0.106306,0.000287225,0.0638682,0.034355,
2.688,0,0,0,0,0,0,0,0,0,0,0,0,0,0,0,0,0.0170332,0.99957,0.0234472,0,0.996924,-0.0151874,-0.0767642,0,-0.0763765,0.0246831,-0.996773,0,0.534875,-0.0128901,0.0498373,1,0.276041,-35.8038,0.410044,15.3074,-0.0628066,1.29805,-0.228684,54.4054,78.5667,107.287,35.3403,30.9323,15.295,-12.4906,-0.0368497,0.483357,0.00941971,-2.20074,0.0355756,2.60666,-0.82891,0.00517512,-0.0553529,0.000995247,-0.114258,-0.000595019,0.0612188,0.01532,
2.722,0,0,0,0,0,0,0,0,0,0,0,0,0,0,0,0,0.0171984,0.999568,0.0234117,0,0.996855,-0.0153336,-0.0776225,0,-0.0772315,0.0246736,-0.996708,0,0.533405,-0.0127245,0.049641,1,0.347452,-36.141,0.485422,15.3431,-0.147035,1.62306,-0.261643,-81.4602,-33.6758,-45.9957,-243.944,19.6953,162.93,1.11638,-0.0367135,0.481209,0.00952407,-2.20538,0.0355855,2.6083,-0.828557,0.00206263,-0.0738552,0.00255259,-0.15534,-0.000227349,0.0499233,0.012908,
2.756,0,0,0,0,0,0,0,0,0,0,0,0,0,0,0,0,0.0174869,0.999564,0.0233675,0,0.996767,-0.0155981,-0.078701,0,-0.0783037,0.0246686,-0.996624,0,0.53148,-0.0125709,0.0492975,1,0.573588,-35.653,0.747263,15.9262,-0.189149,1.33284,-0.380662,79.0163,-11.46,12.6519,105.928,-7.35317,49.9078,-105.208,-0.0366721,0.478611,0.00968123,-2.21143,0.0355916,2.61069,-0.828137,-0.000973945,-0.0807551,0.0019186,-0.188883,0.000415991,0.0890662,0.0133848,
2.79,0,0,0,0,0,0,0,0,0,0,0,0,0,0,0,0,0.0178632,0.99956,0.0232593,0,0.996699,-0.0159627,-0.0794759,0,-0.0790712,0.0246027,-0.996565,0,0.529128,-0.0124476,0.0487068,1,0.609293,-35.6927,0.822641,15.6723,-0.232179,1.14607,-0.400803,-17.4192,-113.848,166.483,9.77271,30.4399,17.3547,29.8163,-0.0366738,0.475752,0.00982778,-2.21911,0.035604,2.61474,-0.827707,0.00475792,-0.0928659,-7.20055e-06,-0.249778,-0.00195904,0.144387,0.011771,
2.824,0,0,0,0,0,0,0,0,0,0,0,0,0,0,0,0,0.0182584,0.999557,0.0230768,0,0.996659,-0.0163607,-0.0799053,0,-0.0794939,0.0244591,-0.996535,0,0.526261,-0.0123409,0.0480726,1,0.276041,-35.5023,0.525095,15.1249,-0.177248,2.07167,-0.314744,-98.6215,85.454,164.481,99.8479,-24.1576,-18.9326,-62.5416,-0.0366741,0.471969,0.00994255,-2.22885,0.0356165,2.62029,-0.827295,-0.00013779,-0.130064,0.000957749,-0.32008,-0.0050182,0.157491,0.00971591,
2.858,0,0,0,0,0,0,0,0,0,0,0,0,0,0,0,0,0.0184435,0.999558,0.0228979,0,0.996511,-0.0165159,-0.0816928,0,-0.08128,0.0243251,-0.996394,0,0.522412,-0.0122342,0.0471289,1,0.422831,-35.653,0.560801,16.0016,-0.298097,1.71278,-0.466721,-74.95,197.857,76.3453,29.9822,9.03777,-206.681,-1.33943,-0.0366715,0.46747,0.0100108,-2.2409,0.0356395,2.62605,-0.827167,0.000986695,-0.14199,0.00395363,-0.384749,0.000449345,0.18852,0.0156989,
2.892,0,0,0,0,0,0,0,0,0,0,0,0,0,0,0,0,0.0186559,0.99956,0.0226468,0,0.996365,-0.0167062,-0.0834198,0,-0.0830063,0.0241212,-0.996257,0,0.517875,-0.0121309,0.0460691,1,0.458536,-35.2404,0.671885,15.6366,-0.291688,1.67158,-0.453904,43.0253,-19.3655,29.1102,-46.0404,-11.6216,-126.16,-40.6257,-0.0366719,0.462037,0.0100658,-2.25532,0.035649,2.63331,-0.827029,-0.00316133,-0.168155,-9.88999e-05,-0.44665,-0.000217804,0.239116,0.000674334,
2.926,0,0,0,0,0,0,0,0,0,0,0,0,0,0,0,0,0.0188513,0.999562,0.0223852,0,0.99623,-0.0168854,-0.0849766,0,-0.084563,0.0239032,-0.996131,0,0.512628,-0.0119375,0.0449073,1,0.422831,-34.9786,0.525095,15.0852,-0.340211,1.85103,-0.500596,-50.0077,56.2825,-17.9651,-27.0888,13.7454,-30.6521,-37.9952,-0.0366763,0.455608,0.0102689,-2.27223,0.0356592,2.64225,-0.826793,-0.000374594,-0.189103,0.0100083,-0.536041,0.000508339,0.306002,0.0228068,
2.96,0,0,0,0,0,0,0,0,0,0,0,0,0,0,0,0,0.0190978,0.999565,0.0220387,0,0.996137,-0.0171359,-0.0860145,0,-0.0856011,0.0235967,-0.99605,0,0.506938,-0.011764,0.0436167,1,0.422831,-34.7525,0.560801,16.1087,-0.321901,2.01674,-0.519822,45.0834,-27.4014,-9.01926,266.05,16.4567,-8.91906,-36.4473,-0.0366851,0.448718,0.0104496,-2.29088,0.0356667,2.65298,-0.826538,-0.00276413,-0.210817,0.00622144,-0.578614,-0.000419966,0.322369,0.00260809,
2.994,0,0,0,0,0,0,0,0,0,0,0,0,0,0,0,0,0.0192461,0.999571,0.0216375,0,0.996158,-0.0173247,-0.0857278,0,-0.0853178,0.0232047,-0.996084,0,0.500935,-0.0115629,0.0424418,1,0.311747,-34.0423,0.485422,14.2084,-0.321901,1.32551,-0.519822,-8.51489,-41.5891,90.7408,-195.058,-23.7594,18.0066,-39.5797,-0.0366789,0.440846,0.0106878,-2.31147,0.0357152,2.66601,-0.826351,-0.000739836,-0.234681,0.0033209,-0.616475,0.00602666,0.408042,0.00352264,
3.028,0,0,0,0,0,0,0,0,0,0,0,0,0,0,0,0,0.0191881,0.999581,0.0212433,0,0.996163,-0.0173015,-0.0856826,0,-0.0852808,0.0228063,-0.996096,0,0.49468,-0.011364,0.0415663,1,0.347452,-34.2645,0.374338,14.5377,-0.309999,1.8437,-0.500596,126.734,-139.406,-53.3185,161.244,-2.07554,-74.6438,-11.2708,-0.0366838,0.431964,0.010923,-2.33276,0.0357341,2.67847,-0.826343,-0.00214739,-0.272978,0.00655158,-0.630026,0.00448529,0.373638,0.000721438,
3.062,0,0,0,0,0,0,0,0,0,0,0,0,0,0,0,0,0.0191268,0.99959,0.0208602,0,0.996086,-0.0172531,-0.0865768,0,-0.086183,0.0224349,-0.996027,0,0.487986,-0.0111609,0.0406102,1,0.387125,-32.6141,0.449717,14.2481,-0.298097,1.89955,-0.527146,-28.8223,4.15974,-93.4649,0.426348,-3.97671,0.722912,-71.2755,-0.0366994,0.422882,0.0111536,-2.35465,0.0357413,2.69039,-0.826344,-0.00147541,-0.299044,0.00490588,-0.647174,0.000146528,0.336433,0.00163495,
