0.001,0,0,0,0,0,0,0,0,0,0,0,0,0,0,0,0,-0.0315959,0.999264,0.0212935,0,0.996333,0.0331811,-0.078737,0,-0.0793872,0.0187281,-0.996668,0,0.47847,0.00925151,0.0411623,1,0.387125,-33.3639,0.560801,14.1013,0.13037,2.26576,0.00935314,-30.0413,-113.094,265.44,17.3991,-6.20369,-17.1899,80.9307,0.0164121,0.403308,0.00196217,-2.39285,0.0470787,2.71661,-0.843264,-0.000328583,0.00346364,-0.00194121,-0.000664687,0.000325771,0.000186343,-0.00203176,
0.035,0,0,0,0,0,0,0,0,0,0,0,0,0,0,0,0,-0.0315947,0.999264,0.0212931,0,0.996334,0.0331796,-0.078726,0,-0.0793761,0.0187281,-0.996669,0,0.478475,0.00925217,0.0411649,1,0.422831,-33.3282,0.525095,14.0259,0.142272,2.25844,-0.0236058,43.99,44.6764,120.854,-138.531,10.6133,-7.6704,-11.8961,0.0164116,0.403306,0.00196375,-2.39285,0.0470774,2.71662,-0.84326,-0.000191301,0.000374033,-0.000859815,0.000562757,-0.000122006,0.000444233,-0.000975237,
0.069,0,0,0,0,0,0,0,0,0,0,0,0,0,0,0,0,-0.0316016,0.999264,0.0212965,0,0.996333,0.033187,-0.0787369,0,-0.0793873,0.0187306,-0.996668,0,0.47847,0.00925536,0.0411618,1,0.422831,-33.3639,0.449717,14.137,0.142272,2.27217,-0.00346424,0.8677,-155.947,-101.778,99.1564,9.41582,-9.07198,13.3864,0.0164095,0.403308,0.00197147,-2.39285,0.0470774,2.71661,-0.843262,-0.000652315,0.000560101,0.00110156,-0.00138673,-5.91644e-05,1.10624e-06,-0.000790566,
0.103,0,0,0,0,0,0,0,0,0,0,0,0,0,0,0,0,-0.0316044,0.999264,0.0212955,0,0.996333,0.0331896,-0.0787347,0,-0.0793851,0.0187294,-0.996668,0,0.478471,0.00925871,0.0411615,1,0.311747,-33.3639,0.485422,14.1013,0.13037,2.25844,-0.0364232,-77.9946,-51.6304,88.7757,51.3771,-11.2625,-21.0258,8.00385,0.0164197,0.403311,0.00196867,-2.39285,0.0470787,2.71662,-0.843259,0.00106344,0.00529051,0.000301828,0.00336941,0.000334894,0.000346427,-0.000486513,
0.136,0,0,0,0,0,0,0,0,0,0,0,0,0,0,0,0,-0.0315962,0.999264,0.0212951,0,0.996334,0.0331813,-0.0787269,0,-0.0793771,0.0187299,-0.996669,0,0.478474,0.00925337,0.041165,1,0.458536,-33.3282,0.485422,14.0259,0.14868,2.26576,-0.0236058,217.913,-66.4093,-46.585,-84.3384,28.83,5.04253,59.9412,0.016408,0.403305,0.00196898,-2.39285,0.047077,2.71662,-0.84326,-0.00858007,0.00130347,-0.000425519,0.00178959,-0.000252239,-1.34774e-05,-0.000934038,
0.172,0,0,0,0,0,0,0,0,0,0,0,0,0,0,0,0,-0.0315958,0.999264,0.0212951,0,0.996333,0.0331811,-0.0787362,0,-0.0793864,0.0187296,-0.996668,0,0.478471,0.00925536,0.0411626,1,0.422831,-33.3639,0.485422,14.0616,0.14868,2.27217,-0.0629735,-50.6139,13.1726,68.5839,-19.5134,24.331,5.62521,-46.0751,0.0164117,0.403308,0.00196946,-2.39285,0.0470767,2.71661,-0.843255,-9.30719e-05,0.000330222,-0.0002068,0.000373134,-0.00441391,-0.000113837,0.00627516,
0.206,0,0,0,0,0,0,0,0,0,0,0,0,0,0,0,0,-0.031601,0.999264,0.0212957,0,0.996334,0.0331862,-0.0787303,0,-0.0793806,0.01873,-0.996668,0,0.478473,0.00925725,0.0411638,1,0.387125,-33.3639,0.449717,14.0259,0.136778,2.27949,-0.0428319,10.9215,-124.515,-55.0084,-120.417,-6.84646,25.6233,-52.0127,0.0164152,0.403308,0.0019698,-2.39285,0.047078,2.71661,-0.843258,0.000851158,0.000981271,0.000678862,0.00643067,1.53407e-05,-0.000489652,0.00128897,
0.24,0,0,0,0,0,0,0,0,0,0,0,0,0,0,0,0,-0.0316091,0.999264,0.0212961,0,0.996333,0.0331944,-0.0787379,0,-0.0793884,0.0187296,-0.996668,0,0.47847,0.00925984,0.0411605,1,0.347452,-33.4393,0.449717,14.0616,0.154173,2.27217,-0.0300145,-197.753,-169.7,-20.0384,-90.1141,22.7364,1.61622,-21.0602,0.016418,0.403313,0.0019722,-2.39285,0.0470761,2.71661,-0.84326,0.000562662,0.00145524,0.000563797,0.000930761,-0.000368241,6.20962e-05,-0.0002559,
0.274,0,0,0,0,0,0,0,0,0,0,0,0,0,0,0,0,-0.0316077,0.999264,0.0212964,0,0.996333,0.033193,-0.0787374,0,-0.0793879,0.01873,-0.996668,0,0.478471,0.00925733,0.0411608,1,0.387125,-33.4036,0.449717,14.0616,0.136778,2.2859,0.0166774,-92.3073,-119.168,-102.181,6.33646,-3.13727,25.1593,41.0839,0.0164152,0.403314,0.00196999,-2.39285,0.047078,2.71661,-0.843265,-0.000175239,0.00128646,0.000864448,0.000342517,0.000239308,-0.000526617,-0.0021216,
0.308,0,0,0,0,0,0,0,0,0,0,0,0,0,0,0,0,-0.0315968,0.999264,0.0212964,0,0.996333,0.0331822,-0.0787377,0,-0.079388,0.0187308,-0.996668,0,0.47847,0.0092573,0.0411607,1,0.422831,-33.4036,0.449717,14.1013,0.136778,2.26576,-0.0767064,120.232,-32.6717,16.4658,-12.1294,-9.1463,-10.5566,-71.3206,0.0164127,0.403311,0.0019722,-2.39285,0.047078,2.71662,-0.843254,-0.00200937,-0.000419677,0.00624756,0.000216932,0.000203891,0.000226994,0.00226041,
0.342,0,0,0,0,0,0,0,0,0,0,0,0,0,0,0,0,-0.0316272,0.999263,0.0213028,0,0.996332,0.0332132,-0.0787467,0,-0.0793977,0.0187345,-0.996667,0,0.478466,0.00927311,0.0411574,1,0.276041,-33.4393,0.334665,14.137,0.123961,2.27217,-0.0565648,-52.5807,-92.0936,-66.1833,51.0077,-40.3847,-5.54229,19.4724,0.0164291,0.403316,0.00198658,-2.39285,0.0470794,2.71661,-0.843257,0.00114349,-0.000716998,0.00242167,-0.00100576,0.000777253,-3.75489e-05,0.00290133,
0.375,0,0,0,0,0,0,0,0,0,0,0,0,0,0,0,0,-0.0316279,0.999263,0.0213022,0,0.996332,0.0332136,-0.0787381,0,-0.0793891,0.0187341,-0.996668,0,0.478471,0.0092739,0.0411598,1,0.311747,-33.4393,0.374338,14.0616,0.136778,2.27217,-0.0767064,146.563,-127.307,37.4661,9.49211,-35.4297,3.43594,-31.5469,0.0164301,0.403316,0.00198707,-2.39285,0.047078,2.71661,-0.843254,-0.000884136,0.000127325,0.00016452,-0.000174332,0.000237684,-5.56676e-05,0.00161173,
0.41,0,0,0,0,0,0,0,0,0,0,0,0,0,0,0,0,-0.0316287,0.999263,0.021302,0,0.996332,0.0332146,-0.0787442,0,-0.0793952,0.0187337,-0.996667,0,0.478468,0.00927403,0.0411576,1,0.347452,-33.479,0.410044,14.1013,0.142272,2.27217,-0.0767064,255.125,-183.539,66.688,-24.4321,-3.74029,-7.32765,-20.7531,0.0164308,0.403319,0.00198679,-2.39285,0.0470774,2.71661,-0.843254,-0.0020059,0.00162829,-0.000600169,-0.00147272,-4.174e-05,-3.55938e-05,0.00138868,
0.444,0,0,0,0,0,0,0,0,0,0,0,0,0,0,0,0,-0.031631,0.999263,0.0213018,0,0.996332,0.0332169,-0.0787425,0,-0.0793935,0.0187333,-0.996667,0,0.47847,0.00927136,0.041158,1,0.347452,-33.479,0.410044,14.0616,0.142272,2.27217,-0.00987293,151.68,-6.17258,23.2819,-20.1481,14.0298,7.71037,69.7947,0.0164276,0.40332,0.00198465,-2.39285,0.0470774,2.71661,-0.843262,-0.00107662,-0.000275644,-0.00112894,5.81304e-05,4.10291e-05,0.000280691,-0.000607227,
0.478,0,0,0,0,0,0,0,0,0,0,0,0,0,0,0,0,-0.031625,0.999263,0.0212999,0,0.996332,0.0332106,-0.0787418,0,-0.0793927,0.0187319,-0.996667,0,0.47847,0.00927096,0.0411583,1,0.311747,-33.4393,0.449717,14.0616,0.14868,2.27949,-0.0693822,-48.3904,-22.1615,44.2466,-41.4666,15.6721,-3.05103,-4.61838,0.0164301,0.403319,0.0019818,-2.39285,0.0470767,2.71661,-0.843255,0.000137976,-6.88293e-05,-0.00231138,-0.000890311,-0.000462603,-0.000151332,0.000690471,
0.512,0,0,0,0,0,0,0,0,0,0,0,0,0,0,0,0,-0.0316218,0.999263,0.0212995,0,0.996332,0.0332075,-0.0787456,0,-0.0793964,0.0187316,-0.996667,0,0.478468,0.00926848,0.0411575,1,0.347452,-33.479,0.485422,14.1013,0.142272,2.27949,-0.0501561,126.119,-17.0508,146.391,4.64403,3.21026,11.0754,-3.64821,0.0164276,0.403319,0.00197952,-2.39285,0.0470774,2.71661,-0.843257,-0.000935971,5.26034e-05,-0.00282543,-0.000805264,-7.6622e-05,-3.42075e-05,0.000553793,
0.546,0,0,0,0,0,0,0,0,0,0,0,0,0,0,0,0,-0.0316258,0.999263,0.021304,0,0.996332,0.0332119,-0.0787467,0,-0.0793978,0.0187358,-0.996667,0,0.478468,0.00927325,0.0411583,1,0.347452,-33.4393,0.334665,14.1013,0.13037,2.2859,-0.0693822,63.2072,57.0277,-113.615,46.101,-17.48,12.0717,-25.0631,0.0164255,0.403317,0.00198986,-2.39285,0.0470787,2.71661,-0.843255,-0.000256725,-0.000429356,0.0013091,-0.000572746,0.000526893,-0.000172042,0.000539956,
0.58,0,0,0,0,0,0,0,0,0,0,0,0,0,0,0,0,-0.0316291,0.999263,0.0213025,0,0.996332,0.033215,-0.0787456,0,-0.0793966,0.0187341,-0.996667,0,0.478469,0.00927095,0.0411562,1,0.387125,-33.5147,0.374338,14.0616,0.14868,2.27217,-0.0171971,117.147,-75.7095,25.3318,-17.5307,15.3498,-11.8568,34.2886,0.016424,0.403324,0.00198708,-2.39285,0.047077,2.71661,-0.843261,-0.000851118,0.00125196,0.000961833,0.00102452,-0.000247531,5.66866e-05,-0.000904567,
0.614,0,0,0,0,0,0,0,0,0,0,0,0,0,0,0,0,-0.0316366,0.999263,0.0213028,0,0.996331,0.0332225,-0.0787451,0,-0.0793963,0.0187338,-0.996667,0,0.478469,0.00927367,0.0411589,1,0.276041,-33.4393,0.374338,14.0616,0.14868,2.2859,-0.00346424,-45.221,43.0162,-50.6735,-62.5576,21.2874,0.118085,12.0018,0.0164295,0.403317,0.00198711,-2.39285,0.0470767,2.71661,-0.843262,0.00212572,-0.00110497,0.00226161,0.000871359,-3.24638e-05,-6.28394e-05,-0.00203235,
0.648,0,0,0,0,0,0,0,0,0,0,0,0,0,0,0,0,-0.031632,0.999263,0.0213011,0,0.996331,0.033218,-0.078756,0,-0.0794071,0.0187321,-0.996666,0,0.478465,0.0092709,0.0411533,1,0.311747,-33.5544,0.449717,14.1013,0.142272,2.27949,0.00294445,-69.3024,-187.833,116.2,72.3023,-6.82685,-0.678828,-9.26792,0.01643,0.403327,0.00198187,-2.39285,0.0470774,2.71661,-0.843263,0.000535405,0.00206554,-0.00152709,6.4669e-06,-0.00010417,2.78644e-05,-0.00105098,
0.682,0,0,0,0,0,0,0,0,0,0,0,0,0,0,0,0,-0.0316366,0.999263,0.0213027,0,0.996331,0.0332226,-0.0787529,0,-0.0794041,0.0187334,-0.996666,0,0.478466,0.00927375,0.0411554,1,0.276041,-33.479,0.410044,14.1013,0.136778,2.27949,0.00294445,-37.2446,-64.5603,68.9787,-23.8279,-0.898025,8.04041,25.7456,0.0164319,0.403323,0.00198529,-2.39285,0.047078,2.71661,-0.843263,0.00121157,0.0024483,0.00306385,-0.000337824,0.00019956,-1.47754e-06,-0.00138619,
0.716,0,0,0,0,0,0,0,0,0,0,0,0,0,0,0,0,-0.0316323,0.999263,0.0212999,0,0.996331,0.0332181,-0.0787495,0,-0.0794005,0.018731,-0.996667,0,0.478467,0.0092721,0.0411558,1,0.311747,-33.5147,0.410044,14.1013,0.142272,2.27949,-0.0501561,-15.7749,-53.5666,18.2164,104.398,6.7764,-10.3916,26.8383,0.0164301,0.403323,0.00198394,-2.39285,0.0470731,2.71661,-0.843257,-0.000400398,0.000648041,-0.000535059,-0.00058255,-0.00703321,0.000122842,0.000440356,
0.75,0,0,0,0,0,0,0,0,0,0,0,0,0,0,0,0,-0.0316335,0.999263,0.0213012,0,0.996331,0.0332193,-0.0787451,0,-0.0793962,0.0187324,-0.996667,0,0.478469,0.00927505,0.041158,1,0.236368,-33.479,0.410044,14.0616,0.14868,2.27949,-0.0629735,-166.564,-75.6601,54.3879,-41.0616,14.3289,-4.58828,-19.7518,0.0164354,0.40332,0.00198457,-2.39285,0.0470767,2.71661,-0.843256,0.00189634,-0.00112065,-0.00124514,0.000544698,0.000259123,8.94926e-05,0.00110045,
0.784,0,0,0,0,0,0,0,0,0,0,0,0,0,0,0,0,-0.031644,0.999262,0.0213049,0,0.996331,0.0332302,-0.0787484,0,-0.0793998,0.0187352,-0.996667,0,0.478469,0.00927958,0.041157,1,0.276041,-33.479,0.334665,14.0259,0.142272,2.29964,-0.0300145,82.2811,-21.8726,-95.9196,-115.473,-19.6106,28.9455,14.2829,0.0164358,0.403323,0.00199227,-2.39284,0.0470774,2.71661,-0.84326,0.00134971,-0.000853463,0.000999692,0.00107247,-9.55417e-05,-0.000608582,-0.000809143,
0.818,0,0,0,0,0,0,0,0,0,0,0,0,0,0,0,0,-0.0316457,0.999262,0.021305,0,0.996331,0.0332318,-0.0787469,0,-0.0793984,0.0187352,-0.996667,0,0.478468,0.00928015,0.0411584,1,0.276041,-33.4036,0.334665,14.0616,0.14868,2.2859,-0.0300145,11.8537,124.078,-92.8846,-12.9095,-0.688062,-10.7356,-6.86827,0.016436,0.403317,0.00199319,-2.39285,0.0470767,2.71661,-0.84326,-0.00123984,-0.00125763,0.00213359,-0.00559063,6.88569e-05,4.40985e-05,0.000715051,
0.852,0,0,0,0,0,0,0,0,0,0,0,0,0,0,0,0,-0.0316744,0.999261,0.0213092,0,0.99633,0.0332609,-0.0787516,0,-0.0794038,0.018737,-0.996666,0,0.478467,0.00929283,0.0411563,1,0.200663,-33.479,0.29896,14.0616,0.160582,2.29964,0.00294445,77.8609,126.598,-40.5629,-63.5105,-11.5251,10.1961,-26.4217,0.0164499,0.403322,0.00200409,-2.39285,0.0470754,2.71661,-0.843263,3.2532e-05,-0.00187163,-0.000306912,-0.000272941,1.07103e-05,-0.000268753,-0.000791562,
0.886,0,0,0,0,0,0,0,0,0,0,0,0,0,0,0,0,-0.0316903,0.999261,0.0213124,0,0.996329,0.033277,-0.078757,0,-0.0794096,0.0187387,-0.996666,0,0.478465,0.00929997,0.0411544,1,0.200663,-33.5147,0.263254,14.1013,0.154173,2.30696,0.0294947,44.7299,-20.5713,25.9167,86.3528,-17.2592,-11.2121,84.0968,0.016457,0.403325,0.00201084,-2.39285,0.0470757,2.71661,-0.843266,-0.000947295,0.000259132,-7.91767e-05,0.00446776,0.000232589,-0.000408375,-0.00247776,
0.92,0,0,0,0,0,0,0,0,0,0,0,0,0,0,0,0,-0.0316973,0.999261,0.0213124,0,0.996328,0.0332842,-0.0787626,0,-0.0794153,0.0187379,-0.996665,0,0.478464,0.00930574,0.0411509,1,0.125284,-33.6258,0.263254,14.0259,0.172484,2.30696,-0.0236058,-111.057,-49.0027,45.7008,-119.429,14.9687,-0.440727,6.54532,0.0164662,0.403335,0.00201334,-2.39284,0.047074,2.71661,-0.84326,0.000449515,-0.0044267,-0.000545674,0.00108948,-0.00037,5.34625e-05,-0.000371424,
0.954,0,0,0,0,0,0,0,0,0,0,0,0,0,0,0,0,-0.0316893,0.999261,0.0213124,0,0.996328,0.0332763,-0.0787703,0,-0.0794228,0.0187383,-0.996665,0,0.478462,0.00930306,0.0411494,1,0.200663,-33.5901,0.263254,14.0616,0.178893,2.31428,-0.0501561,52.6558,63.8726,50.4666,-15.0004,4.74228,0.256673,-31.8469,0.0164602,0.403336,0.00201372,-2.39285,0.0470733,2.7166,-0.843257,-0.00218075,-0.000925459,-0.000801559,-0.000297438,7.42803e-05,-0.000201077,0.00178025,
0.988,0,0,0,0,0,0,0,0,0,0,0,0,0,0,0,0,-0.031756,0.999259,0.0213236,0,0.996326,0.0333435,-0.0787626,0,-0.0794167,0.0187445,-0.996665,0,0.478465,0.00933194,0.0411527,1,0.049906,-33.5544,0.112497,14.0259,0.190794,2.32069,0.0166774,-54.1764,150.965,-47.7651,-149.315,10.0964,1.00346,61.6128,0.0164885,0.403332,0.00204128,-2.39284,0.047072,2.7166,-0.843269,0.0021638,-0.00100255,0.000599399,0.000869954,-9.29413e-05,-6.93549e-05,-0.00134918,
1.022,0,0,0,0,0,0,0,0,0,0,0,0,0,0,0,0,-0.03184,0.999256,0.0213365,0,0.996322,0.0334285,-0.0787733,0,-0.0794294,0.0187502,-0.996664,0,0.478461,0.00937459,0.0411472,1,-0.061178,-33.6654,-0.00255384,14.0259,0.190794,2.31428,0.0230861,-34.8853,266.112,-105.08,45.7921,11.758,-30.0486,38.9012,0.016536,0.403344,0.00207733,-2.39284,0.0470677,2.7166,-0.843269,-0.000285471,-0.000471579,-8.08077e-05,-0.00118848,-0.000234158,0.000110958,-0.00171346,
1.058,0,0,0,0,0,0,0,0,0,0,0,0,0,0,0,0,-0.0318269,0.999256,0.0213525,0,0.996319,0.0334177,-0.0788238,0,-0.0794802,0.0187655,-0.99666,0,0.478454,0.00937434,0.0411162,1,0.125284,-33.479,0.29896,13.9188,0.209105,2.29964,0.00294445,-187.138,78.2709,-48.1119,9.42712,3.58013,-25.1195,-36.7352,0.0164928,0.403427,0.00211434,-2.39281,0.04707,2.7166,-0.843268,-0.0032504,0.00269316,0.00157211,0.00166744,0.000431257,0.000497382,-0.000359987,
1.092,0,0,0,0,0,0,0,0,0,0,0,0,0,0,0,0,-0.0318687,0.999253,0.0214111,0,0.996311,0.0334656,-0.0789022,0,-0.0795614,0.0188179,-0.996652,0,0.478433,0.0094116,0.0410707,1,0.16099,-33.7408,0.334665,13.9545,0.214598,2.25203,0.0294947,69.3388,-77.9386,25.9691,42.7494,-16.251,-17.9193,-2.98167,0.0164051,0.403533,0.00225782,-2.39279,0.0470737,2.71661,-0.843271,-0.00437033,0.00512924,0.00541965,-0.0013324,0.000506083,0.000771964,-0.00138884,
1.126,0,0,0,0,0,0,0,0,0,0,0,0,0,0,0,0,-0.0318463,0.999253,0.0214313,0,0.996313,0.0334445,-0.0788884,0,-0.0795478,0.0188403,-0.996653,0,0.478446,0.00940955,0.0410735,1,0.16099,-33.5901,0.223581,13.8434,0.2265,2.30696,-0.0236058,68.7041,-28.6131,-212.374,-146.902,8.91923,33.0002,38.5379,0.0163388,0.403544,0.00231085,-2.39276,0.0470728,2.71661,-0.843265,-0.000414262,-0.000585159,-0.000965967,0.00400756,3.26652e-05,-0.000311159,0.00415215,
1.16,0,0,0,0,0,0,0,0,0,0,0,0,0,0,0,0,-0.0318738,0.999252,0.0214458,0,0.996311,0.0334734,-0.0789015,0,-0.0795618,0.0188521,-0.996652,0,0.47845,0.00942442,0.041064,1,0.049906,-33.7011,0.223581,13.9545,0.2265,2.32802,0.0230861,32.8439,93.2804,-9.00667,72.0669,-3.11652,3.79605,43.7775,0.0163296,0.403581,0.00234525,-2.39273,0.0470729,2.7166,-0.84327,-0.00260836,0.000803551,0.00066512,0.00156711,0.000375652,-0.000259072,-0.00146542,
1.194,0,0,0,0,0,0,0,0,0,0,0,0,0,0,0,0,-0.0318636,0.999252,0.0214508,0,0.99631,0.0334637,-0.0789078,0,-0.0795682,0.0188577,-0.996651,0,0.478454,0.00942173,0.0410556,1,0.200663,-33.6258,0.449717,13.8434,0.221007,2.30696,0.0166774,-47.8178,60.8701,103.208,-93.2233,3.41648,-21.1744,45.893,0.0163097,0.403612,0.00235747,-2.39271,0.0470735,2.7166,-0.843269,-0.00057941,-0.000295866,-0.00333772,0.00108764,0.000164329,-6.21781e-05,-0.00174438,
1.228,0,0,0,0,0,0,0,0,0,0,0,0,0,0,0,0,-0.0318292,0.999253,0.0214531,0,0.996314,0.033429,-0.0788787,0,-0.0795385,0.0188637,-0.996653,0,0.478477,0.00940754,0.041062,1,0.16099,-33.7011,0.263254,13.8434,0.232909,2.33443,0.0294947,53.1223,-66.0339,-224.146,34.156,7.42574,-3.8664,-20.0079,0.0162716,0.403628,0.00236381,-2.39266,0.0470737,2.71659,-0.843267,-0.000478703,0.00117349,-0.00102908,-0.00015053,-0.00010183,4.53492e-05,-0.00228923,
1.262,0,0,0,0,0,0,0,0,0,0,0,0,0,0,0,0,-0.0317724,0.999255,0.0214477,0,0.996323,0.0333702,-0.0787858,0,-0.0794444,0.018866,-0.996661,0,0.478545,0.00938182,0.041082,1,0.16099,-33.7011,0.29896,13.8077,0.221007,2.33443,-0.0831151,12.7477,-45.1819,-106.083,-1.64011,-13.932,3.98823,-27.6354,0.016228,0.403673,0.00235261,-2.3925,0.0470735,2.71658,-0.843261,0.000488717,0.00466513,-0.000432087,0.00647482,0.000201814,-0.00140997,0.00430398,
1.296,0,0,0,0,0,0,0,0,0,0,0,0,0,0,0,0,-0.0316516,0.999259,0.0214428,0,0.996331,0.0332485,-0.0787395,0,-0.0793956,0.0188723,-0.996665,0,0.478639,0.00931873,0.0410916,1,0.16099,-33.7011,0.449717,13.772,0.221007,2.32069,0.0166774,-48.4114,27.2677,16.7305,84.1492,1.83035,-4.25924,16.3335,0.0161193,0.403799,0.00232749,-2.39223,0.0470736,2.71647,-0.84327,-0.00282328,0.00544526,-0.000485177,0.0066417,0.000109538,-0.011404,-0.00112192,
1.33,0,0,0,0,0,0,0,0,0,0,0,0,0,0,0,0,-0.031523,0.999263,0.0214434,0,0.996341,0.0331189,-0.0786654,0,-0.0793192,0.0188855,-0.99667,0,0.478778,0.00924619,0.0411105,1,0.498209,-33.7765,0.600474,13.8077,0.202696,2.33443,-0.0501561,157.779,6.29456,-34.3669,-193.779,-22.6919,-0.220339,-56.9753,0.0159837,0.403971,0.00230612,-2.39182,0.0470755,2.71632,-0.843294,-0.00563017,0.00585375,0.000661698,0.0147278,0.000376107,-0.00529334,0.00192181,
1.363,0,0,0,0,0,0,0,0,0,0,0,0,0,0,0,0,-0.0315009,0.999264,0.0214565,0,0.996341,0.0330981,-0.0786721,0,-0.0793259,0.0189001,-0.99667,0,0.478926,0.00921931,0.0411107,1,0.311747,-33.6258,0.525095,13.8077,0.221007,2.29964,-0.00987293,-28.7841,156.607,11.7206,-46.6325,-7.90207,-21.1043,18.4184,0.0159202,0.404227,0.00230266,-2.39132,0.0470736,2.71606,-0.843334,-0.00362044,0.0082646,-0.000780664,0.0230185,0.000143375,-0.00689767,-0.000102118,
1.397,0,0,0,0,0,0,0,0,0,0,0,0,0,0,0,0,-0.0315581,0.999261,0.0214906,0,0.996326,0.0331611,-0.078843,0,-0.079499,0.0189239,-0.996655,0,0.479082,0.00924802,0.04111,1,0.200663,-33.7765,0.410044,13.8077,0.2265,2.35548,0.00294445,115.715,144.728,33.8821,-37.2015,-13.9858,-6.27403,-34.0247,0.0159411,0.404529,0.00232116,-2.39067,0.0470728,2.71554,-0.843348,-0.0014425,0.0115497,-0.000425047,0.0136746,0.000147516,-0.0136912,-0.000165121,
1.431,0,0,0,0,0,0,0,0,0,0,0,0,0,0,0,0,-0.0315481,0.999261,0.0215173,0,0.996306,0.0331579,-0.0790901,0,-0.0797466,0.0189431,-0.996635,0,0.4792,0.00924992,0.0411118,1,0.347452,-33.9669,0.525095,13.8434,0.239317,2.35548,-0.0364232,124.99,-206.892,-83.7234,17.0925,27.4347,18.554,-12.7157,0.0159333,0.404773,0.00231624,-2.3901,0.0470714,2.71496,-0.843345,-0.000553275,0.00320907,-0.000184413,0.0153583,-0.000554254,-0.0146651,0.00108361,
1.465,0,0,0,0,0,0,0,0,0,0,0,0,0,0,0,0,-0.0315863,0.999259,0.0215478,0,0.996285,0.0332032,-0.0793396,0,-0.0799978,0.018962,-0.996615,0,0.479259,0.00926526,0.0411185,1,0.125284,-33.8916,0.374338,13.7363,0.239317,2.34816,0.00294445,-82.0965,128.313,-71.92,-39.141,13.1446,3.78335,5.76152,0.0159413,0.404902,0.00232548,-2.38973,0.0470709,2.71447,-0.843364,0.00106919,0.0056724,0.000449631,0.00750541,0.000135508,-0.0123876,0.000539222,
1.499,0,0,0,0,0,0,0,0,0,0,0,0,0,0,0,0,-0.0316691,0.999256,0.0215844,0,0.996261,0.0332935,-0.0795949,0,-0.0802558,0.0189833,-0.996594,0,0.479265,0.00930725,0.0411164,1,-0.0215052,-33.9669,0.187876,13.7363,0.244811,2.36189,0.056045,-56.8465,55.4996,33.3395,-2.78731,3.73515,1.78714,29.1337,0.0159768,0.404964,0.0023626,-2.38953,0.0470708,2.71407,-0.843376,0.00222177,0.00295333,0.000583819,0.000718716,0.000101963,-0.00560277,-0.0018178,
1.533,0,0,0,0,0,0,0,0,0,0,0,0,0,0,0,0,-0.0317355,0.999253,0.0216171,0,0.996238,0.0333674,-0.0798612,0,-0.0805243,0.0190017,-0.996572,0,0.479244,0.00934601,0.0410757,1,0.0142004,-34.078,0.263254,13.7363,0.244811,2.36189,0.0432277,137.037,-79.4943,37.0455,103.051,-1.88138,-23.8546,-26.0684,0.0160034,0.40509,0.00240449,-2.38938,0.0470697,2.71379,-0.843377,-0.000995101,0.00807453,-0.000771049,0.00184769,0.000344123,-0.00280626,0.000150428,
1.567,0,0,0,0,0,0,0,0,0,0,0,0,0,0,0,0,-0.0318378,0.999249,0.0216378,0,0.996223,0.0334736,-0.0799949,0,-0.0806606,0.0190096,-0.99656,0,0.47927,0.00940172,0.0409878,1,-0.061178,-34.1534,0.0728246,13.772,0.275023,2.34816,0.0166774,74.8818,-0.483968,-58.5229,113.886,21.0024,-45.5787,-77.6886,0.0160652,0.405404,0.00244926,-2.38915,0.0470643,2.71373,-0.843374,0.00291358,0.0122231,0.00182467,0.00910327,-0.000324749,-0.00310575,0.00084217,
1.601,0,0,0,0,0,0,0,0,0,0,0,0,0,0,0,0,-0.0318976,0.999247,0.0216647,0,0.996214,0.0335372,-0.0800892,0,-0.080757,0.0190284,-0.996552,0,0.479338,0.00944442,0.0408794,1,0.0142004,-34.1137,0.187876,13.8077,0.256712,2.38295,0.00294445,87.4757,35.0185,-84.7794,10.0081,-13.8358,2.84775,-36.8754,0.0160857,0.405841,0.00250516,-2.38878,0.0470694,2.7137,-0.843369,0.000277159,0.0137588,0.00167703,0.00814179,7.15679e-05,-0.00353485,0.00151921,
1.635,0,0,0,0,0,0,0,0,0,0,0,0,0,0,0,0,-0.0318983,0.999247,0.0216683,0,0.996203,0.0335406,-0.0802195,0,-0.0808874,0.0190275,-0.996542,0,0.479374,0.00944311,0.0407669,1,0.0895788,-34.2288,0.334665,13.8077,0.263121,2.36189,-0.00987293,-179.574,-277.237,94.1928,-12.6658,11.0486,-23.2769,-24.6529,0.0160813,0.406236,0.00250474,-2.3885,0.0470688,2.71369,-0.843376,0.0015029,0.0117827,-7.98927e-05,0.00701688,-0.000121641,0.000340752,0.00176493,
1.669,0,0,0,0,0,0,0,0,0,0,0,0,0,0,0,0,-0.0318465,0.999248,0.0216673,0,0.996199,0.0334902,-0.0802877,0,-0.0809546,0.0190284,-0.996536,0,0.479402,0.00941559,0.0406992,1,0.200663,-34.1137,0.410044,13.8077,0.251219,2.39668,0.0359034,-106.911,168.093,5.86836,-29.7036,-0.991417,2.01226,-12.3771,0.0160299,0.406484,0.00249839,-2.38831,0.0470669,2.71368,-0.843382,-0.00115676,0.00554719,-0.000106678,0.00387129,-5.09479e-06,-6.72635e-05,0.000820587,
1.703,0,0,0,0,0,0,0,0,0,0,0,0,0,0,0,0,-0.0318019,0.99925,0.0216693,0,0.996192,0.0334481,-0.0803995,0,-0.0810655,0.0190303,-0.996527,0,0.479402,0.00939577,0.0406224,1,0.125284,-34.2288,0.374338,13.8434,0.244811,2.39027,-0.00987293,-70.6749,-86.9713,67.203,36.5581,-8.07648,-5.03127,-35.7201,0.0159894,0.406715,0.00249735,-2.38819,0.0470676,2.71368,-0.843382,0.0010716,0.00883279,-0.000748719,0.0048402,0.000305762,0.000391523,0.0019372,
1.737,0,0,0,0,0,0,0,0,0,0,0,0,0,0,0,0,-0.0318436,0.999248,0.0216759,0,0.99619,0.0334903,-0.080407,0,-0.081074,0.0190332,-0.996526,0,0.479461,0.00940645,0.0405745,1,0.0142004,-34.2288,0.29896,13.8791,0.26953,2.43147,0.00294445,-161.365,-27.8731,74.1753,1.48575,8.41693,-0.763878,-55.3228,0.0159992,0.406951,0.00250579,-2.38795,0.0470681,2.71367,-0.843406,0.00127506,0.00606259,0.00479863,0.008877,-0.000403795,-1.36361e-06,0.00100068,
1.771,0,0,0,0,0,0,0,0,0,0,0,0,0,0,0,0,-0.0318732,0.999247,0.0216854,0,0.996187,0.0335211,-0.0804334,0,-0.0811013,0.0190394,-0.996524,0,0.479544,0.00939791,0.0405535,1,0.16099,-34.1534,0.410044,13.8434,0.251219,2.41041,-0.00346424,-62.7704,141.229,-6.13146,-7.13333,-10.9133,-9.19282,-22.0649,0.0159805,0.407157,0.00250119,-2.38764,0.047069,2.71353,-0.843459,-0.000780591,0.00697553,-0.00157621,0.0120594,0.00027382,-0.00431143,0.00063633,
1.805,0,0,0,0,0,0,0,0,0,0,0,0,0,0,0,0,-0.0318949,0.999246,0.0216926,0,0.996188,0.0335429,-0.0804086,0,-0.0810771,0.0190456,-0.996526,0,0.479678,0.00939578,0.0405382,1,0.125284,-34.2288,0.29896,13.6966,0.286925,2.41774,0.0624537,-14.446,-51.4404,-190.979,-140.762,17.0463,31.9914,2.54717,0.015967,0.407426,0.00250157,-2.38719,0.0470626,2.71338,-0.843485,0.00231773,0.0053752,-0.00511419,0.0216576,-0.000375176,-0.00867461,-0.000673847,
1.839,0,0,0,0,0,0,0,0,0,0,0,0,0,0,0,0,-0.0319338,0.999244,0.0217219,0,0.996171,0.0335877,-0.0806018,0,-0.0812721,0.0190652,-0.99651,0,0.479826,0.00940384,0.040532,1,0.049906,-34.2288,0.29896,13.9545,0.275023,2.50746,0.0294947,-260.884,-10.3464,-132.949,-7.06728,-5.8313,-5.49398,30.4473,0.0159669,0.407735,0.00250093,-2.38655,0.0470623,2.71285,-0.84352,-0.00372751,0.0106241,0.00313812,0.0196112,-0.00257639,-0.0284131,0.00013697,
1.873,0,0,0,0,0,0,0,0,0,0,0,0,0,0,0,0,-0.0319094,0.999244,0.0217525,0,0.996147,0.0335717,-0.0809051,0,-0.0815758,0.0190875,-0.996484,0,0.480004,0.009388,0.0405235,1,0.276041,-34.3399,0.410044,13.9188,0.286925,2.46626,0.089004,55.7712,-75.5368,37.6294,-3.05176,1.44773,7.16519,-10.3508,0.0159353,0.408119,0.00247958,-2.38573,0.0470613,2.71211,-0.843541,0.00118813,0.0189101,0.000287732,0.0291855,-0.000297617,-0.029895,-0.00240203,
1.907,0,0,0,0,0,0,0,0,0,0,0,0,0,0,0,0,-0.0320107,0.99924,0.0217923,0,0.996128,0.0336795,-0.081088,0,-0.0817619,0.0191126,-0.996469,0,0.480265,0.00939266,0.0405442,1,0.236368,-34.3399,0.485422,14.0259,0.305235,2.54866,0.00294445,20.7133,-112.176,69.448,14.2428,-4.30939,12.0243,-47.1822,0.0159336,0.408549,0.00246602,-2.38473,0.0470593,2.71135,-0.843647,0.000218581,0.0177209,-0.00109987,0.0301912,0.00013842,-0.0308445,0.00242191,
1.941,0,0,0,0,0,0,0,0,0,0,0,0,0,0,0,0,-0.0321402,0.999235,0.0218484,0,0.996095,0.0338199,-0.0814407,0,-0.0821189,0.0191459,-0.996439,0,0.480521,0.00940733,0.0405763,1,0.0895788,-34.3399,0.374338,14.137,0.359251,2.63197,0.069778,-37.7032,27.0306,28.7905,38.5672,21.5647,1.97538,18.4216,0.0159309,0.408968,0.00246649,-2.38363,0.0470452,2.71031,-0.843757,0.00144754,0.0203151,3.05332e-05,0.0375706,-0.000322072,-0.0291229,0.000568822,
1.975,0,0,0,0,0,0,0,0,0,0,0,0,0,0,0,0,-0.0322555,0.99923,0.0219222,0,0.996056,0.0339488,-0.0818521,0,-0.0825349,0.019196,-0.996403,0,0.480851,0.00946307,0.0405953,1,-0.0215052,-34.3399,0.187876,14.4306,0.359251,2.6457,0.0954127,14.8478,263.84,-114.417,62.5332,-6.31309,9.58954,55.7299,0.0159709,0.409564,0.00249764,-2.38223,0.047039,2.70909,-0.843788,0.000751788,0.0172591,0.000541353,0.044124,0.00013169,-0.0376406,-0.000435436,
2.009,0,0,0,0,0,0,0,0,0,0,0,0,0,0,0,0,-0.0321855,0.99923,0.0219974,0,0.996,0.0338988,-0.082555,0,-0.0832388,0.0192527,-0.996344,0,0.481235,0.00944219,0.0406298,1,0.387125,-34.6017,0.525095,14.2084,0.335448,2.70064,0.129287,64.7771,-58.6457,-197.772,5.55194,-17.2095,14.7413,60.1144,0.015921,0.410262,0.00245623,-2.38045,0.0470415,2.70731,-0.843795,-0.000933874,0.0213918,0.00085782,0.0521273,0.000264592,-0.0450635,-0.0030781,
2.043,0,0,0,0,0,0,0,0,0,0,0,0,0,0,0,0,-0.0321742,0.99923,0.0220305,0,0.996037,0.0338818,-0.0821138,0,-0.0827986,0.0193016,-0.996379,0,0.48215,0.00945594,0.0406969,1,0.125284,-34.6771,0.410044,13.8434,0.359251,2.53493,0.0825953,-136.599,-142.588,39.5224,-48.0379,-5.57821,8.68959,-19.1968,0.0159095,0.411584,0.00244156,-2.37769,0.0470388,2.7063,-0.843782,0.00144964,0.0550022,5.27945e-06,0.104321,-0.000142118,-0.0279488,-0.000377676,
2.077,0,0,0,0,0,0,0,0,0,0,0,0,0,0,0,0,-0.0322329,0.999228,0.0220453,0,0.996175,0.0339084,-0.0804086,0,-0.0810956,0.0193696,-0.996518,0,0.483915,0.00955497,0.0406788,1,-0.136556,-34.7168,0.223581,13.6966,0.335448,2.27217,0.0166774,-183.042,64.6594,114.524,165.309,9.64742,-11.6873,57.5644,0.0159685,0.414389,0.0025028,-2.37284,0.0470416,2.70598,-0.843689,0.00578918,0.106401,-0.00132009,0.176515,-0.000216043,-0.0135078,-0.000102006,
2.111,0,0,0,0,0,0,0,0,0,0,0,0,0,0,0,0,-0.0324076,0.99922,0.0221127,0,0.996318,0.0340519,-0.0785553,0,-0.0792485,0.0194859,-0.996664,0,0.486494,0.00974737,0.0404781,1,-0.39443,-34.8675,-0.224722,13.5141,0.36566,2.20991,0.0294947,-96.1004,37.7446,21.8089,-226.87,2.2635,0.200092,-60.7811,0.0161164,0.41909,0.00261023,-2.36519,0.047043,2.70488,-0.843567,0.00926888,0.166189,0.00454864,0.260378,-0.000226351,-0.0393687,0.00617062,
2.148,0,0,0,0,0,0,0,0,0,0,0,0,0,0,0,0,-0.0325162,0.999214,0.0222339,0,0.996468,0.0341314,-0.0766046,0,-0.0773048,0.0196648,-0.996814,0,0.49027,0.00995545,0.0400003,1,-0.172262,-34.7168,-0.00255384,13.5895,0.335448,2.29323,0.121963,13.1039,-140.32,64.0402,-138.963,-3.67462,9.37786,83.9047,0.0162392,0.426619,0.00269907,-2.3533,0.0470452,2.70248,-0.8434,-0.000797965,0.239086,0.00159823,0.37607,0.000281759,-0.0914931,0.0095025,
2.182,0,0,0,0,0,0,0,0,0,0,0,0,0,0,0,0,-0.0325416,0.99921,0.0223976,0,0.996602,0.0341342,-0.0748395,0,-0.0755463,0.0198865,-0.996944,0,0.494667,0.0100858,0.0394173,1,0.16099,-35.3912,0.29896,13.8077,0.299742,2.2383,0.089004,165.817,-17.7967,-12.3343,-46.1559,2.96314,-29.5899,-0.294123,0.0162201,0.43556,0.0027291,-2.33903,0.0470503,2.69891,-0.843335,-0.00206187,0.303961,-0.000477928,0.450173,-0.000233223,-0.127134,5.47723e-05,
2.216,0,0,0,0,0,0,0,0,0,0,0,0,0,0,0,0,-0.0326112,0.999203,0.0225883,0,0.996706,0.0341892,-0.0734049,0,-0.0741201,0.0201204,-0.997046,0,0.499539,0.0102085,0.0385604,1,0.200663,-35.8038,0.410044,12.9309,0.341856,1.97554,0.121963,-10.2642,-22.3311,43.4431,-169.631,31.6452,-7.14515,9.01052,0.0162014,0.446143,0.00271429,-2.32262,0.0470451,2.69452,-0.843339,0.000153484,0.329572,-0.00662596,0.503389,-0.000777045,-0.150399,-0.00663177,
2.25,0,0,0,0,0,0,0,0,0,0,0,0,0,0,0,0,-0.0327209,0.999193,0.0228575,0,0.996798,0.0342919,-0.0721043,0,-0.0728314,0.0204254,-0.997135,0,0.505063,0.0103762,0.0377595,1,0.16099,-35.9149,0.374338,13.7363,0.323546,2.07899,0.069778,-66.6656,-224.34,-81.05,34.1045,15.0372,15.1115,-53.2913,0.0161957,0.457771,0.00271714,-2.30378,0.047043,2.68859,-0.843333,0.00260202,0.335679,-0.000396442,0.566692,-0.00025299,-0.198044,0.000613751,
2.284,0,0,0,0,0,0,0,0,0,0,0,0,0,0,0,0,-0.0327451,0.999185,0.0231829,0,0.996835,0.0343285,-0.0715668,0,-0.0723057,0.0207665,-0.997166,0,0.510885,0.0105036,0.0368648,1,0.498209,-35.9903,0.711558,13.772,0.311644,2.18245,0.089004,81.742,151.095,60.0945,-166.352,-15.4709,2.5588,1.56712,0.0161381,0.470353,0.00265873,-2.28314,0.0470442,2.68107,-0.84334,-0.00239952,0.374403,-0.000865669,0.614982,0.000539459,-0.227843,0.00030312,
2.318,0,0,0,0,0,0,0,0,0,0,0,0,0,0,0,0,-0.032778,0.999176,0.0235226,0,0.996868,0.0343757,-0.0710826,0,-0.071834,0.0211194,-0.997193,0,0.516806,0.0106145,0.0361316,1,0.644999,-36.8551,0.89802,14.7956,0.377562,2.22365,0.162246,-24.2565,-50.9924,40.347,18.9917,-8.75239,-34.84,-25.1767,0.0160552,0.482749,0.00258279,-2.26206,0.0470285,2.67286,-0.843365,-0.0021201,0.37258,2.59103e-05,0.620296,-0.000868248,-0.267134,-0.00539191,
2.352,0,0,0,0,0,0,0,0,0,0,0,0,0,0,0,0,-0.0328194,0.999166,0.0239147,0,0.996848,0.0344506,-0.0713332,0,-0.072099,0.0214986,-0.997166,0,0.522692,0.0107496,0.0354535,1,0.609293,-37.4542,0.973398,14.2084,0.341856,2.27949,0.0954127,-91.1142,-149.828,45.7466,342.221,-6.05792,33.2595,-47.7057,0.0160264,0.495152,0.00248217,-2.24044,0.0470217,2.66336,-0.843365,-0.00135088,0.368728,-0.00413019,0.655267,0.000249337,-0.279496,0.0019624,
2.386,0,0,0,0,0,0,0,0,0,0,0,0,0,0,0,0,-0.0327493,0.99916,0.0242322,0,0.996867,0.0343983,-0.0710916,0,-0.0718668,0.0218285,-0.997175,0,0.528661,0.0107976,0.0349706,1,0.831461,-37.7914,1.12416,14.0259,0.329039,2.07899,0.175064,-101.716,147.855,-20.7728,-11.3412,-30.806,-15.4949,37.0034,0.0159813,0.507182,0.00225513,-2.21881,0.0470242,2.654,-0.843373,-0.00632903,0.352298,-0.00456393,0.645889,0.00707519,-0.293292,-0.00164237,
2.42,0,0,0,0,0,0,0,0,0,0,0,0,0,0,0,0,-0.0327022,0.999152,0.0246322,0,0.996794,0.0344026,-0.0721018,0,-0.0728895,0.0221958,-0.997093,0,0.534247,0.0108534,0.0344485,1,0.871134,-38.0175,1.23524,15.232,0.341856,2.43788,0.228164,-109.498,-68.0688,-130.462,57.45,-6.88218,22.0132,45.3606,0.0158949,0.518964,0.00207237,-2.19744,0.0470121,2.64337,-0.843394,-0.0049661,0.33583,-0.00625874,0.619047,-9.9768e-05,-0.298832,-0.00307358,
2.454,0,0,0,0,0,0,0,0,0,0,0,0,0,0,0,0,-0.0327244,0.999142,0.0249882,0,0.996806,0.0344466,-0.071922,0,-0.0727225,0.0225552,-0.997097,0,0.53998,0.0109443,0.0341544,1,0.756083,-37.8311,1.08448,14.2481,0.372069,2.16872,0.234573,-10.3712,196.81,95.1299,171.489,-3.92973,49.0086,-7.37354,0.01584,0.530283,0.00193794,-2.17637,0.0470039,2.63378,-0.843399,0.000255062,0.329042,-0.00784305,0.610457,0.000130827,-0.2925,-0.0017061,
2.488,0,0,0,0,0,0,0,0,0,0,0,0,0,0,0,0,-0.0328484,0.999128,0.0253989,0,0.996772,0.034609,-0.0723033,0,-0.0731206,0.0229423,-0.997059,0,0.545387,0.0111012,0.0339672,1,0.720377,-39.6322,1.0091,15.5613,0.372069,2.36189,0.162246,22.5846,-123.607,-20.2872,-73.2637,9.24102,-9.37089,-49.08,0.0158478,0.540957,0.00185817,-2.15596,0.0469977,2.62364,-0.843396,-0.0045384,0.325681,-0.000708146,0.595657,-0.000226459,-0.289659,0.00139456,
2.522,0,0,0,0,0,0,0,0,0,0,0,0,0,0,0,0,-0.0328775,0.999121,0.0256493,0,0.996714,0.0346743,-0.073078,0,-0.0739046,0.0231628,-0.996996,0,0.550269,0.0110915,0.0337633,1,1.0933,-39.5926,1.87397,15.1606,0.480101,2.47267,0.327957,-75.6081,-231.978,134.347,43.9653,10.6713,37.5447,70.6886,0.0158394,0.550863,0.00155185,-2.13702,0.0469146,2.61382,-0.843448,-0.00706127,0.254863,-0.0148002,0.531264,-0.003185,-0.325158,-0.0101531,
2.556,0,0,0,0,0,0,0,0,0,0,0,0,0,0,0,0,-0.0339037,0.999078,0.0259663,0,0.996451,0.0357914,-0.0760601,0,-0.0769208,0.0232959,-0.996765,0,0.554005,0.0109009,0.0339655,1,0.831461,-39.7076,1.0091,16.5134,0.612853,2.881,0.500076,-38.9541,-71.2943,-70.8143,85.6144,16.364,11.1323,-33.0881,0.0156887,0.558226,0.00109019,-2.1208,0.046713,2.60192,-0.844676,-0.00892423,0.170004,-0.00110009,0.420716,-0.00220086,-0.333534,-0.0443181,
2.59,0,0,0,0,0,0,0,0,0,0,0,0,0,0,0,0,-0.034982,0.999024,0.0266091,0,0.9962,0.0369801,-0.0787296,0,-0.0796383,0.0237543,-0.996541,0,0.55686,0.0111658,0.034494,1,0.0142004,-40.5685,0.148203,16.7316,0.631163,2.95698,0.459793,-256.543,153.764,-13.3089,37.2482,-10.231,-34.5312,29.2768,0.0156659,0.563141,0.00128322,-2.10821,0.0466984,2.59153,-0.845458,0.00134523,0.117063,0.0119428,0.329428,0.00060772,-0.281755,-0.00120592,
2.624,0,0,0,0,0,0,0,0,0,0,0,0,0,0,0,0,-0.0355963,0.99899,0.0270548,0,0.995967,0.0376904,-0.0813038,0,-0.082243,0.024052,-0.996322,0,0.558732,0.0115799,0.0350539,1,-0.731649,-40.7193,-0.3001,16.7673,0.679686,3.04671,0.433242,28.3222,-170.157,60.48,48.3813,-6.857,3.32833,-51.5073,0.0160413,0.566117,0.00142074,-2.09939,0.0466406,2.58308,-0.84542,0.0133437,0.0723583,0.00104905,0.210038,-0.00500823,-0.199004,0.00209148,
2.658,0,0,0,0,0,0,0,0,0,0,0,0,0,0,0,0,-0.0360579,0.998967,0.0273038,0,0.99582,0.0382086,-0.0828451,0,-0.0838043,0.0242029,-0.996188,0,0.559851,0.0119542,0.0354268,1,-0.731649,-40.7946,-0.339773,16.9498,0.697997,2.87367,0.426834,-127.939,-24.9301,89.8611,-20.2715,-4.72768,-27.0264,-29.6698,0.0165193,0.567831,0.00147579,-2.09411,0.0466178,2.57796,-0.84527,0.00988015,0.0387331,0.00184811,0.118876,-0.00185402,-0.123269,0.0113811,
2.692,0,0,0,0,0,0,0,0,0,0,0,0,0,0,0,0,-0.0358825,0.99897,0.0274428,0,0.995699,0.0380819,-0.08434,0,-0.0852998,0.0242989,-0.996059,0,0.560084,0.0120527,0.0355732,1,-0.505514,-40.267,-0.149343,17.1323,0.619261,2.79768,0.414016,79.2688,51.3235,27.1478,53.1053,-19.7661,7.57303,35.5939,0.0165928,0.568334,0.00151145,-2.09212,0.0466074,2.57498,-0.844956,-0.000558899,-0.0044699,-0.00304961,0.0128182,0.000613456,-0.059459,0.0103289,
2.726,0,0,0,0,0,0,0,0,0,0,0,0,0,0,0,0,-0.0353867,0.998987,0.0274529,0,0.995647,0.0376087,-0.085161,0,-0.0861088,0.0243203,-0.995989,0,0.559746,0.0119721,0.0355299,1,-0.172262,-39.7076,0.148203,17.0252,0.498412,2.70796,0.320632,-189.393,-49.4766,13.9242,79.2078,-4.47261,-3.41007,23.4043,0.0164667,0.567985,0.00149473,-2.09275,0.0466302,2.57445,-0.844629,-0.00103288,-0.0189836,0.0010242,-0.0364432,8.02327e-05,0.000190474,0.00810053,
2.76,0,0,0,0,0,0,0,0,0,0,0,0,0,0,0,0,-0.0349179,0.999003,0.0274821,0,0.995624,0.0371555,-0.0856326,0,-0.08657,0.0243722,-0.995948,0,0.559234,0.0119157,0.0354185,1,0.276041,-39.5926,0.374338,17.1323,0.426085,2.65211,0.261123,-54.6587,-17.6145,48.5376,19.0446,-0.796984,12.9589,-32.9004,0.0162637,0.567366,0.00160559,-2.09428,0.046648,2.57489,-0.844306,-0.00606818,-0.0260123,0.00465576,-0.0486597,8.65542e-05,0.0293995,0.00288586,
2.794,0,0,0,0,0,0,0,0,0,0,0,0,0,0,0,0,-0.0347167,0.999009,0.0274991,0,0.995632,0.0369564,-0.0856309,0,-0.086564,0.0244066,-0.995947,0,0.558782,0.0119208,0.0354435,1,-0.24764,-39.8187,-0.189016,16.803,0.389464,2.6869,0.234573,28.5103,-75.5729,-131.799,-8.70172,10.6958,-27.5654,-20.3585,0.0161778,0.566421,0.00171471,-2.09603,0.0466664,2.5757,-0.844131,0.00247563,-0.0166321,0.00960125,-0.0447435,7.44217e-05,0.0253119,0.00727389,
2.828,0,0,0,0,0,0,0,0,0,0,0,0,0,0,0,0,-0.0345004,0.999016,0.0275075,0,0.99563,0.0367442,-0.0857384,0,-0.0866665,0.0244298,-0.995938,0,0.558337,0.0120446,0.0354471,1,-0.505514,-39.7076,-0.375479,16.7316,0.359251,2.73543,0.181472,-44.9118,63.9519,-191.982,-54.9527,-27.2459,4.30581,-65.7454,0.0162844,0.565575,0.00183946,-2.09764,0.0466746,2.57637,-0.843724,0.00476267,-0.0269302,0.00518425,-0.0457169,0.000447106,0.0190529,0.0145025,
2.862,0,0,0,0,0,0,0,0,0,0,0,0,0,0,0,0,-0.0342046,0.999026,0.0275403,0,0.995612,0.0364604,-0.0860688,0,-0.0869908,0.024476,-0.995908,0,0.55774,0.01215,0.0354344,1,-0.545187,-39.8187,-0.375479,16.9498,0.341856,2.76289,0.188797,-114.563,48.0656,-10.3629,183.951,15.0013,9.35335,10.9595,0.0163074,0.564527,0.00201359,-2.09965,0.0466765,2.57702,-0.843279,0.000187131,-0.0379028,0.00337254,-0.0698822,-0.000571251,0.022871,0.00544446,
2.896,0,0,0,0,0,0,0,0,0,0,0,0,0,0,0,0,-0.0340502,0.99903,0.027583,0,0.995596,0.0363162,-0.0863123,0,-0.0872319,0.0245231,-0.995886,0,0.556985,0.0122702,0.0354154,1,-0.545187,-39.6679,-0.450857,16.6602,0.26953,2.70064,0.168655,127.553,0.379773,22.6731,-144.164,16.7132,1.51451,-22.9659,0.016338,0.563169,0.00221578,-2.10232,0.0466882,2.57809,-0.84296,0.00383687,-0.0436504,0.00438068,-0.0859064,-0.000107571,0.0444509,0.00699768,
2.93,0,0,0,0,0,0,0,0,0,0,0,0,0,0,0,0,-0.0337864,0.99904,0.0275515,0,0.995639,0.0360412,-0.0859333,0,-0.0868455,0.0245285,-0.99592,0,0.55626,0.0123924,0.0353126,1,-0.691976,-39.3664,-0.561941,16.8427,0.221007,2.63197,0.168655,-56.7262,-15.6199,-35.6613,62.6341,-1.25025,-6.47192,13.7746,0.0164114,0.561905,0.00240033,-2.10532,0.0467008,2.58022,-0.84251,0.00081481,-0.0353981,0.006763,-0.0888693,0.000971875,0.0682035,0.0130077,
2.964,0,0,0,0,0,0,0,0,0,0,0,0,0,0,0,0,-0.033439,0.999053,0.0274919,0,0.995662,0.0356869,-0.0858103,0,-0.0867118,0.0245037,-0.995932,0,0.555384,0.0124041,0.0351384,1,-0.283346,-39.18,-0.224722,16.6959,0.136778,2.55598,0.056045,213.752,160.15,62.7323,30.2131,-2.86924,-28.2325,-1.09534,0.016389,0.560584,0.0024982,-2.10864,0.0467263,2.58236,-0.842164,-0.00508671,-0.0433319,0.00162132,-0.0977502,0.00500819,0.066143,0.00774505,
2.998,0,0,0,0,0,0,0,0,0,0,0,0,0,0,0,0,-0.0330826,0.999068,0.0273865,0,0.995747,0.0353022,-0.084983,0,-0.0858722,0.0244591,-0.996006,0,0.554563,0.0123729,0.0349552,1,-0.0968836,-39.1046,-0.0382594,16.6959,0.0937486,2.4452,0.069778,-93.0453,96.0306,55.7815,-34.7506,20.7898,1.76476,-31.0196,0.0163597,0.559215,0.00254564,-2.1123,0.0468073,2.58549,-0.84191,-0.00107045,-0.0361553,0.0012637,-0.107093,0.000207399,0.0935717,0.0099811,
3.032,0,0,0,0,0,0,0,0,0,0,0,0,0,0,0,0,-0.032764,0.999079,0.0273581,0,0.995811,0.0349671,-0.0843657,0,-0.0852463,0.0244798,-0.996059,0,0.553691,0.0123606,0.0347514,1,-0.172262,-38.9181,-0.189016,16.5134,0.058043,2.27217,-0.0171971,50.5976,-32.6141,42.3416,-117.466,1.90499,7.96464,16.3684,0.0163435,0.557857,0.00260365,-2.11596,0.0469997,2.58842,-0.841773,-0.00165553,-0.0341774,0.000572066,-0.110255,0.00574112,0.091445,0.00345343,
3.066,0,0,0,0,0,0,0,0,0,0,0,0,0,0,0,0,-0.032567,0.999088,0.0272736,0,0.995895,0.0347414,-0.0834674,0,-0.0843405,0.0244439,-0.996137,0,0.552893,0.0123859,0.0345793,1,-0.358724,-38.5809,-0.3001,16.3309,0.058043,2.21724,-0.0171971,35.7131,79.9008,14.2442,-67.2783,-12.1201,15.1544,-33.6487,0.0163598,0.556504,0.00270246,-2.11957,0.0470639,2.59159,-0.841574,0.00125796,-0.0508734,0.00138471,-0.109909,7.89107e-06,0.0912147,2.3835e-05,
3.1,0,0,0,0,0,0,0,0,0,0,0,0,0,0,0,0,-0.032415,0.999095,0.0271724,0,0.995995,0.034554,-0.0823497,0,-0.0832157,0.0243947,-0.996233,0,0.552212,0.0124087,0.0344153,1,-0.434103,-38.5412,-0.411184,16.2198,0.0333238,2.10646,-0.00987293,-93.723,63.4476,66.4138,-28.0504,11.4198,-34.7692,6.54484,0.0163482,0.555308,0.00282328,-2.12291,0.0470794,2.59486,-0.841383,0.000655078,-0.0325274,0.00148126,-0.105279,0.000110818,0.0828858,0.00160993,
