0.001,0,0,0,0,0,0,0,0,0,0,0,0,0,0,0,0,-0.0694268,0.997478,0.0140943,0,0.997286,0.0697413,-0.0232034,0,-0.0241283,0.0124454,-0.999631,0,0.454168,0.00287431,0.0553882,1,0.0895788,-30.1385,1.57246,13.6966,0.214598,2.84621,0.0954127,46.8516,-73.9072,29.8455,-101.044,0.767698,-26.2862,-8.46121,-0.193352,0.317943,0.171689,-2.51793,-0.12639,2.80449,-0.764652,-0.000510304,0.00123739,-0.000179628,0.00766334,0.000251629,0.000288134,-0.00125647,
0.004,0,0,0,0,0,0,0,0,0,0,0,0,0,0,0,0,-0.0694391,0.997477,0.0140943,0,0.997285,0.0697536,-0.0232045,0,-0.0241295,0.012445,-0.999631,0,0.454166,0.00287771,0.0553885,1,0.0142004,-30.0988,1.53675,13.7363,0.2265,2.84621,0.129287,-42.9337,92.9195,-80.9417,-92.8461,13.2249,-13.0998,38.0143,-0.193347,0.31794,0.171692,-2.51793,-0.126392,2.80449,-0.764656,0.00103476,-0.000150052,0.000228271,0.00246459,-0.000287133,0.000164493,-0.00249316,
0.006,0,0,0,0,0,0,0,0,0,0,0,0,0,0,0,0,-0.06943,0.997478,0.0140946,0,0.997285,0.0697446,-0.0232145,0,-0.0241395,0.0124448,-0.999631,0,0.454162,0.00287592,0.0553856,1,0.049906,-30.1385,1.57246,13.772,0.2265,2.86726,0.0825953,21.4715,-39.7969,136.116,129.681,14.7957,28.0406,-59.3997,-0.193349,0.317942,0.171689,-2.51794,-0.126392,2.80449,-0.764651,-9.2764e-05,0.000592441,-0.000687555,0.000860858,3.06247e-05,-0.000627666,0.000748161,
0.009,0,0,0,0,0,0,0,0,0,0,0,0,0,0,0,0,-0.0694309,0.997478,0.0140935,0,0.997285,0.0697453,-0.0231996,0,-0.0241245,0.0124448,-0.999632,0,0.454168,0.0028744,0.0553893,1,0.0895788,-30.0988,1.57246,13.6966,0.221007,2.85261,0.121963,159.685,45.7544,52.7927,8.21906,1.23671,-10.2633,41.6107,-0.193352,0.31794,0.171689,-2.51793,-0.126391,2.80449,-0.764655,-0.00113862,6.56946e-05,-0.000361675,0.00154092,-0.00012656,0.000115433,-0.00130248,
0.012,0,0,0,0,0,0,0,0,0,0,0,0,0,0,0,0,-0.0694296,0.997478,0.0140957,0,0.997285,0.0697442,-0.0232075,0,-0.0241325,0.0124464,-0.999631,0,0.454165,0.00287723,0.0553878,1,0.0895788,-30.0988,1.49708,13.772,0.214598,2.85261,0.069778,84.6289,-2.83253,-95.1292,47.977,-3.55336,31.3637,-54.3918,-0.193352,0.31794,0.171694,-2.51794,-0.12639,2.80449,-0.764649,-0.000851888,-0.000949901,0.000894389,-0.000915974,6.79937e-05,-9.76637e-05,0.00139465,
0.015,0,0,0,0,0,0,0,0,0,0,0,0,0,0,0,0,-0.069443,0.997477,0.0140957,0,0.997284,0.0697575,-0.0232024,0,-0.0241276,0.0124464,-0.999631,0,0.454167,0.00288001,0.0553897,1,0.049906,-30.0631,1.46137,13.7363,0.214598,2.85261,0.135696,26.5775,106.972,-147.176,15.2582,-9.61704,-7.98745,57.3497,-0.193348,0.317937,0.171697,-2.51793,-0.12639,2.80449,-0.764657,0.00028422,-0.00055555,0.00162071,-0.00376654,5.02871e-05,-0.000160803,-0.00119977,
0.018,0,0,0,0,0,0,0,0,0,0,0,0,0,0,0,0,-0.069429,0.997478,0.0140936,0,0.997285,0.0697435,-0.0232065,0,-0.0241313,0.0124444,-0.999631,0,0.454165,0.00287659,0.0553887,1,0.049906,-30.0631,1.57246,13.772,0.209105,2.85994,0.069778,65.7597,-3.97258,102.69,141.712,-6.34363,21.8357,-69.8904,-0.193347,0.317937,0.171689,-2.51794,-0.12639,2.80449,-0.764649,0.000208136,-0.0006268,-0.00113659,-0.00192373,0.00029747,-0.000318913,0.00188881,
0.021,0,0,0,0,0,0,0,0,0,0,0,0,0,0,0,0,-0.0694403,0.997477,0.0140936,0,0.997285,0.0697547,-0.0232025,0,-0.0241275,0.0124444,-0.999631,0,0.454167,0.00287818,0.0553895,1,0.0142004,-30.0631,1.57246,13.7363,0.214598,2.84621,0.135696,23.1471,19.2858,24.6617,3.0844,6.71181,5.31905,20.6811,-0.193344,0.317937,0.17169,-2.51793,-0.12639,2.80449,-0.764657,0.000432957,-0.000463358,-0.000799902,-0.00154812,-2.28318e-06,9.38874e-05,-0.00145435,
0.024,0,0,0,0,0,0,0,0,0,0,0,0,0,0,0,0,-0.0694327,0.997477,0.0140951,0,0.997285,0.0697473,-0.0232067,0,-0.0241317,0.0124458,-0.999631,0,0.454166,0.00287849,0.0553877,1,0.049906,-30.1385,1.53675,13.7363,0.214598,2.85994,0.069778,-55.4216,-162.828,-63.099,33.9097,-7.84099,26.5196,-36.2754,-0.193346,0.317942,0.171692,-2.51793,-0.12639,2.80449,-0.764649,-0.000521297,0.00144067,-7.16573e-05,0.0054903,-6.76498e-07,-0.000480808,0.00121841,
0.027,0,0,0,0,0,0,0,0,0,0,0,0,0,0,0,0,-0.069443,0.997477,0.0140958,0,0.997285,0.0697574,-0.0232006,0,-0.0241259,0.0124466,-0.999631,0,0.454168,0.00287946,0.0553894,1,0.049906,-30.0988,1.49708,13.6966,0.202696,2.83888,0.155838,54.5035,-84.8568,-47.5932,-14.3621,-11.2275,-17.2378,32.5125,-0.193347,0.31794,0.171694,-2.51793,-0.126389,2.80449,-0.764659,-0.000226624,0.000478557,0.00137095,0.00303423,0.000372792,0.000486728,-0.00166633,
0.029,0,0,0,0,0,0,0,0,0,0,0,0,0,0,0,0,-0.0694328,0.997477,0.0140934,0,0.997285,0.0697472,-0.0231951,0,-0.0241201,0.0124449,-0.999632,0,0.454171,0.00287674,0.0553917,1,0.0895788,-30.0631,1.53675,13.6252,0.209105,2.85261,0.102737,51.738,-10.4634,-17.6352,-231.147,-9.48714,14.0316,-16.4217,-0.193349,0.317937,0.171692,-2.51792,-0.12639,2.80449,-0.764653,-0.00130714,-0.000622472,-9.30525e-06,0.00277501,7.44612e-06,-0.00020188,0.000163485,
0.031,0,0,0,0,0,0,0,0,0,0,0,0,0,0,0,0,-0.0694368,0.997477,0.0140937,0,0.997285,0.0697513,-0.0232024,0,-0.0241274,0.0124446,-0.999631,0,0.454167,0.00287813,0.0553895,1,0.0142004,-30.0631,1.57246,13.7363,0.202696,2.84621,0.115554,22.4,8.51082,46.2055,115.223,-25.4188,4.81247,-24.251,-0.193343,0.317937,0.171689,-2.51793,-0.126389,2.80449,-0.764654,6.79707e-06,-0.00055503,-0.00569513,-0.000632337,0.000308485,6.85147e-05,4.75984e-06,
0.034,0,0,0,0,0,0,0,0,0,0,0,0,0,0,0,0,-0.0694308,0.997478,0.0140929,0,0.997285,0.0697453,-0.0232041,0,-0.0241289,0.0124438,-0.999631,0,0.454165,0.00287573,0.0553896,1,0.0895788,-29.9878,1.57246,13.8077,0.214598,2.84621,0.0954127,181.394,173.512,122.505,188.171,0.807127,-12.404,31.4193,-0.193349,0.317934,0.171689,-2.51794,-0.12639,2.80449,-0.764652,-0.00176122,0.00474989,-0.00300241,-0.00226807,-7.43715e-05,0.000133329,0.000257558,
0.037,0,0,0,0,0,0,0,0,0,0,0,0,0,0,0,0,-0.0694343,0.997477,0.0140918,0,0.997285,0.0697486,-0.0231966,0,-0.0241215,0.0124432,-0.999632,0,0.45417,0.00287686,0.0553911,1,0.0142004,-30.0631,1.57246,13.6609,0.221007,2.84621,0.0954127,-35.5869,17.8864,17.8831,-142.984,18.3165,2.20053,-19.523,-0.193343,0.317937,0.171687,-2.51793,-0.126391,2.80449,-0.764652,0.000375243,0.00260415,-0.00201744,0.00187805,-0.000127529,1.82878e-06,-5.55737e-05,
0.04,0,0,0,0,0,0,0,0,0,0,0,0,0,0,0,0,-0.069434,0.997477,0.0140949,0,0.997285,0.0697485,-0.0232073,0,-0.0241323,0.0124455,-0.999631,0,0.454166,0.00287856,0.0553872,1,0.049906,-30.1385,1.53675,13.7363,0.2265,2.84621,0.069778,-18.7685,-184.244,9.53211,165.371,22.7023,-1.21678,-24.483,-0.193346,0.317942,0.171692,-2.51793,-0.126392,2.80449,-0.764649,-0.000631232,0.00287878,-6.28929e-05,-0.000136282,-0.000342962,0.00011357,0.00167895,
0.043,0,0,0,0,0,0,0,0,0,0,0,0,0,0,0,0,-0.0694306,0.997478,0.0140952,0,0.997285,0.0697451,-0.0232048,0,-0.0241298,0.0124461,-0.999631,0,0.454167,0.0028785,0.0553879,1,0.049906,-30.1385,1.53675,13.6966,0.209105,2.84621,0.056045,22.3986,-224.189,43.509,0.647773,-14.8256,-10.0351,-105.574,-0.193346,0.317942,0.171692,-2.51793,-0.12639,2.80449,-0.764648,-0.000465438,0.00244166,-6.70441e-05,8.77112e-06,0.000229931,-0.000117054,0.00227954,
0.046,0,0,0,0,0,0,0,0,0,0,0,0,0,0,0,0,-0.0694403,0.997477,0.014092,0,0.997285,0.0697547,-0.0231973,0,-0.0241222,0.0124431,-0.999632,0,0.454169,0.00287701,0.0553913,1,0.0142004,-30.0274,1.57246,13.6966,0.209105,2.84621,0.155838,-15.5808,130.081,22.916,35.0149,-4.11122,-2.71107,93.6835,-0.193343,0.317935,0.171687,-2.51793,-0.12639,2.80449,-0.764659,0.000233301,-0.00437132,-0.00118485,0.000212161,0.000215064,-3.46826e-05,-0.00268528,
0.049,0,0,0,0,0,0,0,0,0,0,0,0,0,0,0,0,-0.0694376,0.997477,0.0140944,0,0.997285,0.0697521,-0.0232046,0,-0.0241296,0.0124451,-0.999631,0,0.454166,0.00287966,0.0553885,1,0.0142004,-30.0988,1.53675,13.7363,0.221007,2.84621,0.0825953,-7.4005,-42.6148,49.5618,61.3689,16.0139,-4.39289,-9.20329,-0.193343,0.31794,0.171692,-2.51793,-0.126391,2.80449,-0.764651,0.000739363,-0.000947845,-0.000112209,-0.00016258,-0.000331876,6.88433e-05,0.00101281,
0.052,0,0,0,0,0,0,0,0,0,0,0,0,0,0,0,0,-0.0694451,0.997477,0.0140954,0,0.997284,0.0697595,-0.0232022,0,-0.0241274,0.012446,-0.999631,0,0.454168,0.00288021,0.0553893,1,0.049906,-30.0988,1.49708,13.6966,0.214598,2.85261,0.148513,-11.9581,-107.773,-92.9973,-28.4514,-1.33235,5.30102,74.3463,-0.193345,0.31794,0.171694,-2.51793,-0.12639,2.80449,-0.764658,-0.000616147,0.00029491,0.00116954,0.000571102,0.000139025,-0.000216961,-0.00229955,
0.055,0,0,0,0,0,0,0,0,0,0,0,0,0,0,0,0,-0.069436,0.997477,0.0140943,0,0.997285,0.0697505,-0.0232054,0,-0.0241304,0.012445,-0.999631,0,0.454166,0.00287991,0.0553884,1,0.0142004,-30.0988,1.53675,13.7363,0.221007,2.85261,0.0624537,-15.5719,-39.039,52.4001,107.285,-8.63712,18.6598,-76.5813,-0.193343,0.31794,0.171692,-2.51793,-0.126391,2.80449,-0.764648,9.58438e-05,-0.00029227,0.000210951,-0.000758554,4.87279e-05,-0.000113264,0.00216319,
0.058,0,0,0,0,0,0,0,0,0,0,0,0,0,0,0,0,-0.069449,0.997476,0.0140942,0,0.997284,0.0697635,-0.0232023,0,-0.0241275,0.0124448,-0.999631,0,0.454167,0.00288168,0.0553895,1,-0.0215052,-30.0631,1.53675,13.7363,0.214598,2.84621,0.148513,-166.109,-29.3407,-10.6423,39.9637,-24.5375,0.320881,58.0784,-0.193338,0.317937,0.171692,-2.51793,-0.12639,2.80449,-0.764658,0.000770814,-0.000487469,0.000123725,5.37548e-05,0.000319614,7.19333e-05,-0.00229025,
0.06,0,0,0,0,0,0,0,0,0,0,0,0,0,0,0,0,-0.0694287,0.997478,0.014096,0,0.997285,0.0697432,-0.0232066,0,-0.0241316,0.0124467,-0.999631,0,0.454166,0.00287801,0.0553864,1,0.0895788,-30.1742,1.53675,13.7363,0.221007,2.84621,0.0432277,0.358841,-265.619,-61.0744,97.4396,-9.92547,-14.9813,-133.689,-0.193348,0.317945,0.171692,-2.51793,-0.126391,2.80449,-0.764646,-0.00169906,0.00237004,0.000333138,2.39329e-05,5.16281e-05,0.000201512,0.00264422,
0.063,0,0,0,0,0,0,0,0,0,0,0,0,0,0,0,0,-0.0694368,0.997477,0.0140945,0,0.997285,0.0697513,-0.0232014,0,-0.0241265,0.0124455,-0.999631,0,0.454168,0.00288047,0.0553893,1,0.0142004,-30.0988,1.53675,13.6966,0.209105,2.85261,0.069778,-25.9459,33.4703,45.6508,-87.3165,-29.6076,3.46113,-2.71552,-0.193341,0.31794,0.171692,-2.51793,-0.12639,2.80449,-0.764649,0.000558642,0.000561147,0.000284158,0.0008114,0.00040336,-4.57855e-05,0.000557417,
0.066,0,0,0,0,0,0,0,0,0,0,0,0,0,0,0,0,-0.0694469,0.997476,0.0140966,0,0.997284,0.0697616,-0.0232146,0,-0.0241398,0.0124464,-0.999631,0,0.454162,0.00288259,0.0553847,1,-0.0215052,-30.1742,1.53675,13.772,0.214598,2.84621,0.121963,-74.4225,-144.714,-37.0714,117.83,-11.0586,-3.73951,-16.9201,-0.193338,0.317945,0.171692,-2.51794,-0.12639,2.80449,-0.764655,0.00118635,0.00192653,-3.96058e-05,-0.00139908,0.000160958,0.000261469,-0.000437656,
0.069,0,0,0,0,0,0,0,0,0,0,0,0,0,0,0,0,-0.0694501,0.997476,0.0140949,0,0.997284,0.0697645,-0.0231992,0,-0.0241245,0.0124456,-0.999631,0,0.454169,0.00288327,0.0553904,1,-0.0215052,-30.0631,1.49708,13.6966,0.209105,2.84621,0.135696,-141.977,29.3107,-86.0489,-55.7581,-25.941,-25.2292,64.2872,-0.193338,0.317937,0.171694,-2.51793,-0.12639,2.80449,-0.764657,0.0017951,-0.000863703,0.00110186,-0.00416744,0.000303888,0.000337437,-0.00164425,
0.072,0,0,0,0,0,0,0,0,0,0,0,0,0,0,0,0,-0.0694332,0.997477,0.0140944,0,0.997285,0.0697477,-0.0232073,0,-0.0241323,0.0124451,-0.999631,0,0.454165,0.00287855,0.0553877,1,0.049906,-30.0988,1.57246,13.772,0.214598,2.84621,0.0761866,42.5057,2.03443,6.75868,36.3028,-16.4694,-9.37576,-81.0768,-0.193343,0.31794,0.171689,-2.51794,-0.126389,2.80449,-0.76465,-0.000767347,-8.96857e-06,-0.000549997,-0.00321475,7.87381e-05,0.000118819,0.00155109,
0.075,0,0,0,0,0,0,0,0,0,0,0,0,0,0,0,0,-0.0694308,0.997478,0.0140928,0,0.997285,0.0697452,-0.0231978,0,-0.0241227,0.0124442,-0.999632,0,0.45417,0.00287612,0.0553909,1,0.0895788,-30.0631,1.53675,13.6609,0.214598,2.85261,0.089004,35.1204,136.853,74.1409,-141.784,18.6936,15.7175,22.3399,-0.193348,0.317937,0.171689,-2.51793,-0.12639,2.80449,-0.764651,-0.00103165,-0.00142584,0.000558826,0.00166762,8.25941e-06,-7.02871e-05,-0.000131932,
0.078,0,0,0,0,0,0,0,0,0,0,0,0,0,0,0,0,-0.0694367,0.997477,0.0140951,0,0.997285,0.0697512,-0.0232039,0,-0.024129,0.0124459,-0.999631,0,0.454167,0.00288074,0.0553887,1,0.0142004,-30.0988,1.53675,13.6966,0.214598,2.84621,0.0624537,-164.242,9.94267,-124.345,-57.4105,-11.7607,-9.50586,-67.5396,-0.193343,0.31794,0.171694,-2.51793,-0.12639,2.80449,-0.764648,0.00114822,-5.13585e-05,0.000629586,0.00053016,-9.55104e-05,0.000276815,0.00199165,
0.081,0,0,0,0,0,0,0,0,0,0,0,0,0,0,0,0,-0.0694408,0.997477,0.0140942,0,0.997285,0.0697552,-0.0231994,0,-0.0241245,0.0124452,-0.999631,0,0.454169,0.00287933,0.0553899,1,0.0142004,-30.0988,1.53675,13.6609,0.214598,2.84621,0.121963,-149.174,-7.47374,-89.2693,-142.533,7.76538,1.49059,67.9439,-0.193343,0.31794,0.171691,-2.51793,-0.12639,2.80449,-0.764655,0.000927961,5.69223e-05,-0.00336187,0.00164778,-2.82994e-05,0.000213885,-0.00160639,
0.084,0,0,0,0,0,0,0,0,0,0,0,0,0,0,0,0,-0.0694399,0.997477,0.0140943,0,0.997285,0.0697543,-0.0232023,0,-0.0241274,0.0124451,-0.999631,0,0.454168,0.0028806,0.0553892,1,-0.0215052,-30.0988,1.53675,13.6966,0.214598,2.85261,0.089004,-249.468,-90.3707,-18.6455,-52.6399,-3.21243,17.6818,-10.3979,-0.193341,0.31794,0.171692,-2.51793,-0.12639,2.80449,-0.764651,-0.0045528,0.000573661,-0.00123022,2.55677e-05,-0.000106343,-0.000173986,0.000477235,
0.087,0,0,0,0,0,0,0,0,0,0,0,0,0,0,0,0,-0.0694337,0.997477,0.0140937,0,0.997285,0.0697482,-0.0232056,0,-0.0241305,0.0124444,-0.999631,0,0.454165,0.00287707,0.0553888,1,0.049906,-30.0631,1.57246,13.772,0.209105,2.85261,0.102737,-112.158,-30.972,37.0876,185.623,-16.3974,3.12667,48.7817,-0.193346,0.317937,0.171689,-2.51794,-0.12639,2.80449,-0.764653,-0.00315346,-0.000201241,0.00330377,-0.00176379,2.50051e-05,-0.000126903,-0.00052923,
0.09,0,0,0,0,0,0,0,0,0,0,0,0,0,0,0,0,-0.0694329,0.997477,0.0140944,0,0.997285,0.0697474,-0.0232039,0,-0.0241289,0.0124453,-0.999631,0,0.454167,0.00287808,0.0553885,1,0.049906,-30.0988,1.53675,13.7363,0.214598,2.83888,0.0761866,56.6382,-133.514,-0.0750112,59.3407,0.141888,-13.1869,-60.0043,-0.193346,0.31794,0.171691,-2.51793,-0.12639,2.80449,-0.76465,-0.00105874,0.000589984,0.00164789,0.00473844,-0.000128225,0.000531307,0.0012259,
0.092,0,0,0,0,0,0,0,0,0,0,0,0,0,0,0,0,-0.0694273,0.997478,0.014093,0,0.997286,0.0697417,-0.0232003,0,-0.0241251,0.0124443,-0.999631,0,0.454169,0.00287567,0.0553898,1,0.0895788,-30.0988,1.57246,13.6609,0.221007,2.85261,0.0624537,97.3673,-87.2224,91.9781,-163.967,19.6726,12.732,-30.3153,-0.193349,0.31794,0.171689,-2.51793,-0.126391,2.80449,-0.764648,-0.00122035,0.000262214,0.000375479,-0.000398504,-0.000441284,-0.000182067,0.00105347,
0.095,0,0,0,0,0,0,0,0,0,0,0,0,0,0,0,0,-0.0694396,0.997477,0.0140934,0,0.997285,0.069754,-0.0232023,0,-0.0241273,0.0124442,-0.999631,0,0.454167,0.00287783,0.0553895,1,0.0142004,-30.0631,1.57246,13.7363,0.214598,2.84621,0.135696,-101.718,5.20911,148.035,61.4108,1.91759,-4.65367,8.13135,-0.193344,0.317937,0.171689,-2.51793,-0.12639,2.80449,-0.764657,-0.00269985,-0.000571922,-0.000439378,-0.00186638,-4.03284e-05,-3.88755e-05,-0.0013343,
0.098,0,0,0,0,0,0,0,0,0,0,0,0,0,0,0,0,-0.0694336,0.997477,0.0140933,0,0.997285,0.069748,-0.0231998,0,-0.0241247,0.0124444,-0.999631,0,0.454168,0.00287816,0.0553907,1,0.049906,-30.0274,1.53675,13.7363,0.214598,2.84621,0.0761866,-35.6167,-33.0226,-12.6533,23.0029,15.3539,-13.9127,2.75253,-0.193346,0.317935,0.171692,-2.51793,-0.12639,2.80449,-0.76465,-0.00192313,-0.000819073,0.00075549,-0.000478549,6.71705e-05,-1.15187e-05,0.00155627,
0.101,0,0,0,0,0,0,0,0,0,0,0,0,0,0,0,0,-0.0694421,0.997477,0.0140938,0,0.997285,0.0697565,-0.0231975,0,-0.0241226,0.0124449,-0.999632,0,0.454169,0.00288053,0.0553905,1,-0.0215052,-30.0631,1.53675,13.6966,0.214598,2.83247,0.109146,-227.979,-18.9536,-8.10197,-77.2711,-6.46077,-3.90543,-11.8167,-0.193341,0.317937,0.171692,-2.51793,-0.12639,2.80449,-0.764654,-0.00241005,0.00012852,0.000523542,0.00120335,-0.00928247,0.000618241,-0.000465713,
0.104,0,0,0,0,0,0,0,0,0,0,0,0,0,0,0,0,-0.069436,0.997477,0.0140924,0,0.997285,0.0697504,-0.0232014,0,-0.0241263,0.0124434,-0.999631,0,0.454167,0.00287807,0.0553903,1,0.0142004,-30.0274,1.57246,13.772,0.221007,2.84621,0.089004,-108.064,61.2868,80.4235,26.9607,-4.17205,4.78291,-12.9448,-0.193343,0.317934,0.171689,-2.51794,-0.126391,2.80449,-0.764651,-0.000745104,-0.000333128,-0.000671114,0.00283841,-0.0041559,3.62462e-05,0.000472362,
0.107,0,0,0,0,0,0,0,0,0,0,0,0,0,0,0,0,-0.0694425,0.997477,0.0140921,0,0.997285,0.0697568,-0.0231954,0,-0.0241203,0.0124433,-0.999632,0,0.45417,0.00288024,0.055392,1,-0.061178,-30.0274,1.57246,13.6609,0.214598,2.85261,0.109146,-288.996,-13.4874,90.4709,-167.523,-9.92966,15.3492,-38.1495,-0.193338,0.317935,0.171689,-2.51793,-0.12639,2.80449,-0.764654,0.00199081,2.50313e-05,-0.000586891,0.00350106,-0.00144163,-0.000173873,-0.000922505,
0.109,0,0,0,0,0,0,0,0,0,0,0,0,0,0,0,0,-0.0694388,0.997477,0.0140932,0,0.997285,0.0697531,-0.0231977,0,-0.0241226,0.0124443,-0.999632,0,0.454169,0.00287777,0.0553914,1,0.0895788,-30.0274,1.53675,13.6966,0.214598,2.85261,0.129287,134.75,11.8437,-3.41562,-92.5861,2.09783,8.08762,-5.27526,-0.193346,0.317935,0.171692,-2.51793,-0.12639,2.80449,-0.764656,-0.00186352,-0.000267281,0.000297474,0.00117904,-0.000757062,-0.000246819,-0.000997748,
0.112,0,0,0,0,0,0,0,0,0,0,0,0,0,0,0,0,-0.0694335,0.997477,0.0140929,0,0.997285,0.0697478,-0.023193,0,-0.0241179,0.0124445,-0.999632,0,0.45417,0.00287852,0.0553918,1,0.049906,-30.0274,1.53675,13.6966,0.221007,2.83888,0.0624537,-30.4454,110.073,59.9784,-47.5849,-9.11994,-11.532,-46.9972,-0.193345,0.317935,0.171692,-2.51793,-0.126391,2.8045,-0.764648,-0.000656366,-7.91944e-05,0.000274644,0.000456946,-0.000378941,0.000356375,0.00217215,
0.115,0,0,0,0,0,0,0,0,0,0,0,0,0,0,0,0,-0.0694494,0.997476,0.0140948,0,0.997284,0.0697639,-0.023205,0,-0.0241302,0.0124452,-0.999631,0,0.454165,0.00288292,0.0553886,1,-0.0215052,-30.0631,1.53675,13.772,0.2265,2.84621,0.121963,-44.2547,-47.6129,-17.4886,128.105,17.2906,1.28288,-22.6429,-0.193339,0.317938,0.171694,-2.51794,-0.126392,2.80449,-0.764655,0.000525723,0.000162139,0.00227942,-0.00106689,-0.000398976,-0.000105393,-0.000595941,
0.118,0,0,0,0,0,0,0,0,0,0,0,0,0,0,0,0,-0.0694384,0.997477,0.0140924,0,0.997285,0.0697528,-0.0232014,0,-0.0241263,0.0124433,-0.999631,0,0.454167,0.00287949,0.0553904,1,0.0142004,-30.0274,1.57246,13.7363,0.221007,2.85994,0.0825953,-40.0343,117.152,54.8669,-27.4622,-2.22667,28.0586,1.74106,-0.19334,0.317935,0.171689,-2.51793,-0.126391,2.80449,-0.764651,-0.000812556,-0.000787177,0.000116307,0.00035265,-3.35368e-05,-0.00057753,0.000855748,
0.121,0,0,0,0,0,0,0,0,0,0,0,0,0,0,0,0,-0.0694317,0.997477,0.0140935,0,0.997285,0.0697462,-0.0232041,0,-0.024129,0.0124444,-0.999631,0,0.454166,0.00287729,0.0553889,1,0.0895788,-30.0631,1.57246,13.772,0.214598,2.83888,0.0761866,170.903,-64.2759,122.514,96.0819,17.1333,-1.55937,-77.5888,-0.193345,0.317937,0.171689,-2.51794,-0.12639,2.80449,-0.76465,-0.00154394,-0.000140436,-0.00052959,-0.000928877,0.000139521,0.000235781,0.00117285,
0.124,0,0,0,0,0,0,0,0,0,0,0,0,0,0,0,0,-0.0694495,0.997476,0.0140927,0,0.997284,0.0697639,-0.0231964,0,-0.0241215,0.0124437,-0.999632,0,0.454169,0.00288181,0.0553916,1,-0.0215052,-30.0274,1.53675,13.6966,0.2265,2.84621,0.135696,-50.1374,73.1297,9.59521,-29.2165,14.253,-7.86022,50.031,-0.193338,0.317934,0.171692,-2.51793,-0.126392,2.80449,-0.764657,0.0019331,-0.000876828,0.000263439,0.00484183,-0.000350428,-5.07022e-05,-0.00154006,
0.127,0,0,0,0,0,0,0,0,0,0,0,0,0,0,0,0,-0.0694452,0.997477,0.0140941,0,0.997284,0.0697596,-0.0232005,0,-0.0241256,0.0124449,-0.999631,0,0.454167,0.00288092,0.0553897,1,0.0142004,-30.0631,1.53675,13.7363,0.214598,2.85994,0.129287,22.3265,36.4468,32.969,17.2104,-9.4066,51.2064,-11.5623,-0.19334,0.317937,0.171692,-2.51793,-0.12639,2.80449,-0.764656,-0.000263152,-7.4197e-05,0.000170969,0.00135557,0.000222388,-0.000614072,-0.000761489,
0.13,0,0,0,0,0,0,0,0,0,0,0,0,0,0,0,0,-0.0694399,0.997477,0.0140937,0,0.997285,0.0697543,-0.0231968,0,-0.0241219,0.0124449,-0.999632,0,0.45417,0.00288072,0.0553911,1,0.0142004,-30.0631,1.53675,13.6609,0.209105,2.84621,0.089004,38.1757,90.7883,33.7048,-105.306,-7.84776,-7.87979,1.05906,-0.19334,0.317937,0.171692,-2.51793,-0.12639,2.80449,-0.764651,-0.000377296,0.00016362,-0.000146822,0.00184218,0.000155656,4.4109e-05,0.000908422,
0.132,0,0,0,0,0,0,0,0,0,0,0,0,0,0,0,0,-0.0694457,0.997477,0.0140936,0,0.997284,0.06976,-0.0231969,0,-0.0241219,0.0124446,-0.999632,0,0.45417,0.00288073,0.055391,1,0.0142004,-30.0631,1.53675,13.6609,0.214598,2.84621,0.135696,27.018,65.1414,51.2006,22.1139,-1.4194,-4.05971,37.3193,-0.19334,0.317937,0.171692,-2.51793,-0.12639,2.80449,-0.764657,-0.000446211,-0.000515026,-0.000371125,0.00117364,-6.67148e-05,1.9604e-05,-0.000918685,
0.135,0,0,0,0,0,0,0,0,0,0,0,0,0,0,0,0,-0.0694425,0.997477,0.0140967,0,0.997284,0.0697571,-0.0232095,0,-0.0241348,0.012447,-0.999631,0,0.454164,0.00288372,0.0553869,1,0.049906,-30.0988,1.46137,13.772,0.214598,2.85261,0.0624537,145.247,53.2772,-150.018,113.894,-1.17018,23.4632,-64.8846,-0.19334,0.317942,0.171696,-2.51794,-0.12639,2.80449,-0.764648,-0.000967499,0.00218019,0.00165535,-0.00162751,-0.000132952,-3.94026e-05,0.00189794,
0.138,0,0,0,0,0,0,0,0,0,0,0,0,0,0,0,0,-0.06945,0.997476,0.0140963,0,0.997284,0.0697645,-0.0232001,0,-0.0241255,0.012447,-0.999631,0,0.45417,0.00288236,0.0553894,1,0.049906,-30.1385,1.49708,13.6609,0.214598,2.85261,0.155838,100.752,-61.5272,-76.97,-146.415,9.06464,21.2337,81.2534,-0.193343,0.317943,0.171697,-2.51793,-0.12639,2.80449,-0.764659,-0.000864131,0.00157915,0.000635709,0.00820099,-3.94592e-05,-3.05129e-05,-0.00195817,
0.14,0,0,0,0,0,0,0,0,0,0,0,0,0,0,0,0,-0.0694523,0.997476,0.0140966,0,0.997284,0.0697669,-0.0232064,0,-0.0241318,0.0124468,-0.999631,0,0.454166,0.00288402,0.0553874,1,0.0142004,-30.1385,1.49708,13.7363,0.209105,2.85261,0.148513,5.71567,-24.2804,-60.7547,124.374,-9.88938,7.95092,29.7171,-0.193337,0.317942,0.171695,-2.51793,-0.12639,2.80449,-0.764658,0.000451148,0.00109501,4.47849e-06,0.00293855,0.00011807,-1.35613e-05,-0.0012546,
0.143,0,0,0,0,0,0,0,0,0,0,0,0,0,0,0,0,-0.0694512,0.997476,0.0140947,0,0.997284,0.0697657,-0.023205,0,-0.0241303,0.0124451,-0.999631,0,0.454166,0.00288404,0.0553889,1,-0.0215052,-30.0631,1.49708,13.772,0.2265,2.85261,0.115554,-30.1501,105.178,23.0623,89.5305,28.9764,10.7244,55.7451,-0.193337,0.317937,0.171694,-2.51794,-0.126392,2.80449,-0.764654,0.000195534,-0.000800885,0.000310875,0.000191933,-0.000496264,-4.01816e-06,0.000475979,
0.146,0,0,0,0,0,0,0,0,0,0,0,0,0,0,0,0,-0.0694454,0.997477,0.0140956,0,0.997284,0.0697599,-0.0231998,0,-0.024125,0.0124465,-0.999631,0,0.454167,0.00288259,0.0553894,1,0.0142004,-30.0631,1.49708,13.7363,0.202696,2.83888,0.115554,-46.5863,177.552,10.593,87.2674,-27.6069,-40.9132,-27.326,-0.19334,0.317937,0.171694,-2.51793,-0.126389,2.8045,-0.764654,0.000274471,-0.000401742,0.000484029,-0.000169382,0.000444466,0.000394408,-0.000593652,
0.149,0,0,0,0,0,0,0,0,0,0,0,0,0,0,0,0,-0.0694419,0.997477,0.0140957,0,0.997285,0.0697564,-0.0232034,0,-0.0241286,0.0124463,-0.999631,0,0.454167,0.00288125,0.0553887,1,0.049906,-30.0631,1.53675,13.7363,0.214598,2.83888,0.121963,108.868,73.218,55.943,11.9259,-7.97022,-24.4464,16.6033,-0.19334,0.317939,0.171692,-2.51793,-0.126387,2.80449,-0.764655,-0.000867319,-0.000574117,-8.33962e-05,0.000383302,-6.42245e-05,0.000346685,-8.54744e-05,
0.152,0,0,0,0,0,0,0,0,0,0,0,0,0,0,0,0,-0.0694428,0.997477,0.0140947,0,0.997284,0.0697573,-0.0232047,0,-0.0241298,0.0124453,-0.999631,0,0.454166,0.00288342,0.0553884,1,-0.0215052,-30.0988,1.53675,13.7363,0.214598,2.84621,0.0624537,-220.232,-45.0802,-7.9597,-41.5078,19.8694,-12.4824,-40.3416,-0.193335,0.31794,0.171692,-2.51793,-0.12639,2.80449,-0.764648,0.00161968,-1.36135e-06,0.00388115,-5.76805e-05,3.37158e-05,9.51864e-05,0.00158344,
0.155,0,0,0,0,0,0,0,0,0,0,0,0,0,0,0,0,-0.0694403,0.997477,0.0140938,0,0.997285,0.0697547,-0.0231984,0,-0.0241234,0.0124448,-0.999632,0,0.45417,0.00287833,0.0553909,1,0.0895788,-30.0631,1.53675,13.6609,0.209105,2.85994,0.142105,213.47,97.1673,-21.2498,-175.984,-1.69319,16.4777,52.365,-0.193345,0.317937,0.171692,-2.51793,-0.12639,2.80449,-0.764657,-0.00137614,-0.000834032,0.00139928,0.00145156,0.000247348,-0.000348557,0.00406709,
0.158,0,0,0,0,0,0,0,0,0,0,0,0,0,0,0,0,-0.0694361,0.997477,0.0140939,0,0.997285,0.0697506,-0.0232024,0,-0.0241273,0.0124447,-0.999631,0,0.454168,0.00287977,0.0553889,1,0.0142004,-30.0988,1.57246,13.6609,0.214598,2.85261,0.069778,20.8359,-13.7296,143.47,-88.9115,-4.43916,16.4724,-38.6204,-0.19334,0.317942,0.171689,-2.51793,-0.12639,2.80449,-0.764649,0.000561521,1.02156e-06,-0.000156259,0.0016943,-1.71343e-05,1.72872e-05,0.00310179,
0.161,0,0,0,0,0,0,0,0,0,0,0,0,0,0,0,0,-0.069449,0.997476,0.0140954,0,0.997284,0.0697635,-0.0231982,0,-0.0241235,0.0124462,-0.999632,0,0.454169,0.00288344,0.0553907,1,0.049906,-30.0631,1.46137,13.6966,0.214598,2.85261,0.121963,-0.787009,121.463,-129.643,-36.5336,-8.42959,-12.0462,4.17587,-0.19334,0.317938,0.171697,-2.51793,-0.12639,2.80449,-0.764655,-0.000761643,-0.000649028,0.00165366,0.000133433,-5.07691e-06,-0.000107906,-0.000527677,
0.164,0,0,0,0,0,0,0,0,0,0,0,0,0,0,0,0,-0.0694362,0.997477,0.0140948,0,0.997285,0.0697508,-0.0232086,0,-0.0241336,0.0124453,-0.999631,0,0.454165,0.00287998,0.0553876,1,0.049906,-30.0988,1.53675,13.772,0.214598,2.85994,0.069778,10.5262,-47.6005,34.3582,35.0314,11.3801,38.2681,-9.48921,-0.193343,0.31794,0.171692,-2.51794,-0.12639,2.80449,-0.764649,8.36679e-05,-0.000130317,1.89205e-05,-0.00132045,-1.65747e-05,-0.000355986,0.00135153,
0.167,0,0,0,0,0,0,0,0,0,0,0,0,0,0,0,0,-0.0694402,0.997477,0.0140944,0,0.997285,0.0697547,-0.0232068,0,-0.0241318,0.0124448,-0.999631,0,0.454166,0.00287775,0.0553874,1,0.049906,-30.0988,1.57246,13.7363,0.221007,2.84621,0.142105,16.4335,-65.9946,28.8782,38.3911,18.7075,-17.3452,89.537,-0.193345,0.317942,0.171689,-2.51793,-0.126391,2.80449,-0.764657,0.000416621,-0.000347902,-0.000536776,-0.000143306,-0.000355298,0.000290121,-0.00128302,
0.17,0,0,0,0,0,0,0,0,0,0,0,0,0,0,0,0,-0.0694305,0.997478,0.0140951,0,0.997285,0.0697451,-0.0232059,0,-0.0241309,0.0124459,-0.999631,0,0.454166,0.00287762,0.0553882,1,0.0895788,-30.0988,1.53675,13.7363,0.202696,2.85261,0.0761866,120.291,-6.32968,6.69832,5.92524,-15.8811,8.3354,8.33463,-0.193348,0.31794,0.171692,-2.51793,-0.126389,2.80449,-0.76465,-0.000495237,0.000546553,0.000218251,-0.000434094,0.000441029,-0.000151397,0.001453,
0.172,0,0,0,0,0,0,0,0,0,0,0,0,0,0,0,0,-0.0694342,0.997477,0.0140937,0,0.997285,0.0697486,-0.023198,0,-0.0241229,0.0124449,-0.999632,0,0.45417,0.00287856,0.0553906,1,0.049906,-30.0631,1.53675,13.6966,0.214598,2.84621,0.0761866,-30.1961,75.8082,29.5172,-136.43,3.93641,-2.50377,-14.2327,-0.193345,0.317938,0.171692,-2.51793,-0.12639,2.80449,-0.76465,0.000707915,-0.000592297,9.94146e-05,0.000425827,-1.87405e-05,0.000170071,0.00106098,
0.175,0,0,0,0,0,0,0,0,0,0,0,0,0,0,0,0,-0.0694396,0.997477,0.014094,0,0.997285,0.0697541,-0.0232054,0,-0.0241304,0.0124446,-0.999631,0,0.454166,0.00287695,0.0553883,1,0.0895788,-30.0988,1.57246,13.7363,0.214598,2.85261,0.155838,19.7352,-25.6029,-11.8828,-49.3429,-3.35071,-5.41508,110.222,-0.193346,0.31794,0.171689,-2.51793,-0.12639,2.80449,-0.764659,-0.000408927,0.000267897,-0.000804317,-7.82948e-06,-5.55275e-06,3.53211e-05,-0.00246869,
0.178,0,0,0,0,0,0,0,0,0,0,0,0,0,0,0,0,-0.0694285,0.997478,0.0140941,0,0.997285,0.069743,-0.0232038,0,-0.0241287,0.012445,-0.999631,0,0.454167,0.00287619,0.0553885,1,0.125284,-30.0988,1.57246,13.7363,0.209105,2.84621,0.0761866,165.894,-38.0544,22.1574,17.6773,-4.65809,6.06149,-8.79834,-0.193348,0.31794,0.171689,-2.51793,-0.12639,2.80449,-0.76465,-0.00116261,0.000728993,-0.000825453,-0.000796273,0.000156594,-3.47457e-05,0.000792743,
0.181,0,0,0,0,0,0,0,0,0,0,0,0,0,0,0,0,-0.0694382,0.997477,0.0140931,0,0.997285,0.0697526,-0.0232044,0,-0.0241294,0.0124438,-0.999631,0,0.454166,0.00287727,0.0553898,1,0.049906,-30.0274,1.57246,13.7363,0.209105,2.86726,0.135696,-28.9577,77.2472,96.4403,26.8874,-3.09066,31.8359,4.12578,-0.193345,0.317935,0.171689,-2.51793,-0.12639,2.80449,-0.764657,0.000954751,-0.000712021,0.00430996,-0.000638066,4.63982e-05,-0.000658323,-0.00131271,
0.184,0,0,0,0,0,0,0,0,0,0,0,0,0,0,0,0,-0.0694318,0.997478,0.0140921,0,0.997285,0.0697461,-0.0231948,0,-0.0241196,0.0124436,-0.999632,0,0.454171,0.00287673,0.0553921,1,0.049906,-30.0274,1.57246,13.6609,0.214598,2.84621,0.0825953,-94.6964,45.4381,56.1727,-81.3115,2.44935,2.51733,8.70824,-0.193346,0.317935,0.171689,-2.51793,-0.12639,2.80449,-0.764651,0.00098406,-0.000489375,0.00216242,0.00185259,-7.66748e-05,-1.79812e-05,0.000651279,
0.187,0,0,0,0,0,0,0,0,0,0,0,0,0,0,0,0,-0.0694335,0.997477,0.0140929,0,0.997285,0.0697479,-0.0232006,0,-0.0241255,0.0124439,-0.999631,0,0.454168,0.00287597,0.0553906,1,0.0895788,-30.0274,1.57246,13.7363,0.214598,2.85261,0.115554,24.2199,44.015,-61.2444,90.4622,-1.34018,11.1068,-8.57913,-0.193349,0.317935,0.17169,-2.51793,-0.12639,2.80449,-0.764654,-0.00043022,-0.000423406,-0.0025274,0.00343952,5.64012e-05,-0.000280363,-0.00102757,
0.19,0,0,0,0,0,0,0,0,0,0,0,0,0,0,0,0,-0.0694299,0.997478,0.0140934,0,0.997285,0.0697444,-0.023202,0,-0.0241269,0.0124445,-0.999631,0,0.454168,0.00287456,0.0553892,1,0.125284,-30.0988,1.57246,13.6966,0.221007,2.84621,0.109146,40.863,-196.033,146.727,-37.4891,29.7427,-9.34983,49.5132,-0.193351,0.31794,0.171689,-2.51793,-0.126391,2.80449,-0.764654,-0.000684285,0.00126658,-0.00185584,0.00220232,-8.87814e-05,0.000101542,-0.000519153,
0.193,0,0,0,0,0,0,0,0,0,0,0,0,0,0,0,0,-0.069424,0.997478,0.014093,0,0.997286,0.0697384,-0.0232001,0,-0.0241249,0.0124444,-0.999631,0,0.454168,0.00287247,0.0553898,1,0.16099,-30.0631,1.53675,13.7363,0.221007,2.83247,0.0954127,168.827,18.2548,-75.6406,73.8027,17.9526,-41.8083,-57.0048,-0.193356,0.317937,0.171689,-2.51793,-0.126391,2.80449,-0.764652,-0.00229595,-0.00018153,0.000422996,-0.00035923,-0.000225989,0.000335262,0.000712753,
0.196,0,0,0,0,0,0,0,0,0,0,0,0,0,0,0,0,-0.0694327,0.997477,0.0140929,0,0.997285,0.069747,-0.0231964,0,-0.0241213,0.0124443,-0.999632,0,0.454169,0.00287397,0.0553905,1,0.0895788,-30.0631,1.57246,13.6966,0.214598,2.84621,0.148513,-9.36185,10.2129,17.7741,-11.5832,5.17338,-1.80137,36.4321,-0.193352,0.317937,0.171688,-2.51793,-0.12639,2.80449,-0.764658,0.000711748,-0.000146589,-0.00128483,0.000697476,2.34629e-05,-0.000217142,-0.00180447,
0.199,0,0,0,0,0,0,0,0,0,0,0,0,0,0,0,0,-0.0694234,0.997478,0.0140923,0,0.997286,0.0697377,-0.0231981,0,-0.0241229,0.0124438,-0.999632,0,0.454168,0.0028731,0.0553906,1,0.125284,-30.0274,1.57246,13.7363,0.2265,2.85261,0.069778,25.3665,67.226,12.5546,-15.7135,32.8344,11.7693,-48.0441,-0.193354,0.317935,0.171689,-2.51793,-0.126392,2.80449,-0.764649,-0.00055215,-0.0014664,-0.000220137,0.000385663,-0.000479069,-0.000222578,0.00189168,
0.202,0,0,0,0,0,0,0,0,0,0,0,0,0,0,0,0,-0.0694314,0.997478,0.0140934,0,0.997285,0.0697459,-0.0232049,0,-0.0241298,0.0124442,-0.999631,0,0.454166,0.0028746,0.0553883,1,0.049906,-30.0988,1.60816,13.7363,0.209105,2.84621,0.129287,-79.2157,30.5216,82.3385,45.0121,13.536,0.0126208,61.9858,-0.193348,0.31794,0.171686,-2.51793,-0.12639,2.80449,-0.764656,0.00566128,0.000307928,-0.00118942,-0.000665086,0.000212208,3.9544e-05,-0.00124041,
0.205,0,0,0,0,0,0,0,0,0,0,0,0,0,0,0,0,-0.0694272,0.997478,0.0140942,0,0.997286,0.0697416,-0.0231957,0,-0.0241206,0.0124458,-0.999632,0,0.454169,0.00287573,0.0553915,1,0.125284,-30.0274,1.49708,13.6966,0.209105,2.83888,0.0761866,29.7793,16.5947,-130.214,-4.22865,7.50098,-13.5574,-48.6425,-0.193354,0.317935,0.171694,-2.51793,-0.12639,2.80449,-0.76465,0.000704269,-0.00111519,0.00177757,-0.00463563,0.000108088,0.000362104,0.00159539,
0.208,0,0,0,0,0,0,0,0,0,0,0,0,0,0,0,0,-0.0694317,0.997477,0.0140943,0,0.997285,0.0697462,-0.0232045,0,-0.0241294,0.0124452,-0.999631,0,0.454166,0.00287347,0.0553885,1,0.16099,-30.0988,1.53675,13.7363,0.209105,2.84621,0.135696,214.36,-40.5098,-24.4066,-25.1179,-7.10198,-7.84746,4.5605,-0.193357,0.31794,0.171692,-2.51793,-0.126392,2.80449,-0.764658,-0.000967974,0.00041199,0.000390758,0.00116319,0.000129984,-1.32733e-05,-0.00138472,
0.21,0,0,0,0,0,0,0,0,0,0,0,0,0,0,0,0,-0.0694385,0.997477,0.0140945,0,0.997285,0.069753,-0.0231994,0,-0.0241245,0.0124456,-0.999631,0,0.454169,0.00287691,0.0553905,1,0.0895788,-30.0274,1.49708,13.6966,0.214598,2.85261,0.148513,-24.5938,101.332,-115.204,-42.1465,14.7172,10.1335,35.4096,-0.193352,0.317937,0.171694,-2.51793,-0.126391,2.80449,-0.764658,0.00105951,-0.00148733,0.00137935,0.00163737,1.25648e-06,-0.0004128,-0.00133881,
0.213,0,0,0,0,0,0,0,0,0,0,0,0,0,0,0,0,-0.0694232,0.997478,0.0140919,0,0.997286,0.0697376,-0.0232,0,-0.0241247,0.0124433,-0.999632,0,0.454168,0.00287323,0.0553897,1,0.0142004,-30.0631,1.60816,13.772,0.209105,2.85261,0.0761866,-214.325,16.1445,146.762,118.383,-12.5006,14.2765,1.28496,-0.193349,0.317937,0.171684,-2.51793,-0.12639,2.80449,-0.76465,0.00213562,-0.000471624,-0.00121063,-0.000575235,0.000282942,-0.000254177,0.00097849,
0.215,0,0,0,0,0,0,0,0,0,0,0,0,0,0,0,0,-0.0694295,0.997478,0.014093,0,0.997285,0.0697438,-0.0231986,0,-0.0241235,0.0124443,-0.999632,0,0.454169,0.00287282,0.0553905,1,0.125284,-30.0631,1.57246,13.6609,0.214598,2.84621,0.142105,104.157,67.2161,104.61,-128.317,7.78744,-16.0797,73.649,-0.193355,0.317937,0.171689,-2.51793,-0.12639,2.80449,-0.764657,-0.0013477,-0.000488017,-0.000569168,0.0018007,0.000137055,4.52716e-05,-0.00144138,
0.218,0,0,0,0,0,0,0,0,0,0,0,0,0,0,0,0,-0.069422,0.997478,0.0140946,0,0.997286,0.0697364,-0.0232011,0,-0.024126,0.0124459,-0.999631,0,0.454169,0.00287309,0.0553885,1,0.125284,-30.1385,1.53675,13.6609,0.209105,2.83888,0.0825953,121.091,-34.313,-65.8667,-98.5054,-1.37604,-13.0672,-37.5799,-0.193355,0.317943,0.171689,-2.51793,-0.12639,2.80449,-0.764651,-0.00105569,0.00134023,0.000573668,0.00666287,0.000176243,0.000476829,0.000499754,
0.221,0,0,0,0,0,0,0,0,0,0,0,0,0,0,0,0,-0.0694282,0.997478,0.0140941,0,0.997286,0.0697426,-0.0231994,0,-0.0241243,0.0124454,-0.999631,0,0.454169,0.00287426,0.0553903,1,0.125284,-30.0631,1.49708,13.6966,0.214598,2.84621,0.115554,-25.0744,61.7521,-182.1,4.96687,-7.98841,11.1405,26.1054,-0.193354,0.317937,0.171691,-2.51793,-0.126389,2.80449,-0.764654,-0.000770954,-0.000479357,0.00174756,0.00253215,4.09172e-05,7.34658e-05,-0.000202312,
0.224,0,0,0,0,0,0,0,0,0,0,0,0,0,0,0,0,-0.0694209,0.997478,0.0140937,0,0.997286,0.0697354,-0.0232056,0,-0.0241303,0.0124448,-0.999631,0,0.454166,0.00287315,0.0553873,1,0.0895788,-30.1385,1.60816,13.7363,0.214598,2.83888,0.0624537,-68.607,-93.166,116.415,-16.6662,-1.09856,-27.5717,-34.6312,-0.193352,0.317942,0.171686,-2.51793,-0.12639,2.80449,-0.764648,0.000609256,0.000847856,-0.00490976,0.000393077,9.12433e-05,0.000315641,0.0110622,
0.227,0,0,0,0,0,0,0,0,0,0,0,0,0,0,0,0,-0.0694319,0.997477,0.0140938,0,0.997285,0.0697464,-0.0232076,0,-0.0241325,0.0124444,-0.999631,0,0.454166,0.00287412,0.0553871,1,0.049906,-30.1385,1.60816,13.7363,0.221007,2.84621,0.135696,-63.7457,-115.681,246.391,-91.5855,-3.97568,-2.01046,9.60016,-0.19335,0.317942,0.171687,-2.51793,-0.126391,2.80449,-0.764657,0.00070744,0.000251217,-0.00265215,0.000690794,-0.000112366,-2.70401e-05,0.00301426,
0.23,0,0,0,0,0,0,0,0,0,0,0,0,0,0,0,0,-0.0694286,0.997478,0.014093,0,0.997286,0.069743,-0.0232003,0,-0.0241252,0.0124442,-0.999631,0,0.454168,0.00287546,0.0553902,1,0.049906,-30.0631,1.57246,13.6966,0.214598,2.85261,0.0825953,-114.034,126.011,23.5947,-103.746,-14.608,7.06791,-10.2906,-0.193349,0.317937,0.171689,-2.51793,-0.12639,2.80449,-0.764651,0.000519391,-0.00137946,0.00278913,0.00117924,0.000124946,-0.000396075,0.00215338,
0.233,0,0,0,0,0,0,0,0,0,0,0,0,0,0,0,0,-0.0694318,0.997477,0.0140947,0,0.997285,0.0697464,-0.0232076,0,-0.0241326,0.0124453,-0.999631,0,0.454166,0.00287448,0.0553869,1,0.0895788,-30.1385,1.53675,13.6966,0.2265,2.85261,0.129287,-4.69477,-113.645,10.6776,-80.9651,0.925483,-8.49685,33.4156,-0.193353,0.317945,0.17169,-2.51793,-0.126392,2.80449,-0.764656,-0.000186195,0.000684271,0.00125703,0.000492774,-0.000158894,-0.000136194,0.0066228,
0.235,0,0,0,0,0,0,0,0,0,0,0,0,0,0,0,0,-0.069429,0.997478,0.014095,0,0.997285,0.0697435,-0.0232055,0,-0.0241305,0.0124458,-0.999631,0,0.454166,0.00287328,0.0553883,1,0.16099,-30.0988,1.53675,13.7363,0.209105,2.85261,0.142105,78.1704,5.4821,7.63197,44.7111,-12.6638,3.62094,30.2967,-0.193357,0.31794,0.171691,-2.51793,-0.12639,2.80449,-0.764657,-0.00206246,-0.000314559,0.000395592,-0.000701222,0.00057364,-0.000230073,0.00321608,
0.238,0,0,0,0,0,0,0,0,0,0,0,0,0,0,0,0,-0.0694232,0.997478,0.0140936,0,0.997286,0.0697376,-0.0232034,0,-0.0241282,0.0124447,-0.999631,0,0.454167,0.00287311,0.055388,1,0.0895788,-30.1385,1.60816,13.6966,0.214598,2.83247,0.0825953,29.0158,-88.5856,150.73,-82.6609,-4.981,-37.9817,-55.4995,-0.193352,0.317942,0.171687,-2.51793,-0.12639,2.80449,-0.764651,-0.000177978,0.00102042,-0.0007233,0.000518683,0.000113453,0.000715492,0.00311028,
0.24,0,0,0,0,0,0,0,0,0,0,0,0,0,0,0,0,-0.069429,0.997478,0.0140954,0,0.997285,0.0697435,-0.0232045,0,-0.0241295,0.0124463,-0.999631,0,0.454166,0.00287842,0.0553885,1,0.049906,-30.0988,1.49708,13.7363,0.214598,2.84621,0.0496363,-14.2618,107.033,-114.989,26.8035,-3.74734,-9.97467,-66.0904,-0.193349,0.31794,0.171694,-2.51793,-0.12639,2.80449,-0.764646,0.000539596,0.000113247,0.00203329,-0.000386306,0.000129543,5.80317e-05,0.00347619,
0.243,0,0,0,0,0,0,0,0,0,0,0,0,0,0,0,0,-0.069428,0.997478,0.0140951,0,0.997285,0.0697426,-0.0232106,0,-0.0241355,0.0124456,-0.999631,0,0.454165,0.00287477,0.055386,1,0.0895788,-30.1742,1.53675,13.7363,0.221007,2.85261,0.0954127,50.1654,-189.725,-26.061,-25.3209,20.3531,18.717,-39.0146,-0.193352,0.317945,0.171689,-2.51793,-0.126391,2.80449,-0.764652,-0.000768129,0.00159057,0.000489175,7.22485e-05,-0.000119856,-0.000141045,0.000990627,
0.246,0,0,0,0,0,0,0,0,0,0,0,0,0,0,0,0,-0.0694285,0.997478,0.0140953,0,0.997285,0.0697431,-0.0232042,0,-0.0241292,0.0124462,-0.999631,0,0.454167,0.00287589,0.055388,1,0.125284,-30.1385,1.53675,13.6966,0.209105,2.84621,0.089004,111.149,-24.5505,-8.12793,-155.377,-6.6041,-13.4971,2.9488,-0.193351,0.317942,0.171692,-2.51793,-0.12639,2.80449,-0.764651,-0.000784401,0.000491901,0.000339305,0.000949893,0.00035255,-2.67206e-05,0.000431329,
0.249,0,0,0,0,0,0,0,0,0,0,0,0,0,0,0,0,-0.0694352,0.997477,0.0140957,0,0.997285,0.0697497,-0.0232084,0,-0.0241335,0.0124462,-0.999631,0,0.454165,0.00287637,0.0553872,1,0.0895788,-30.1385,1.53675,13.7363,0.214598,2.85994,0.135696,7.63037,9.4226,-43.4825,-59.7532,0.970381,17.6596,32.4365,-0.193352,0.317942,0.171693,-2.51793,-0.12639,2.80449,-0.764657,0.000138795,0.000259173,0.00315829,-0.000337033,-9.89912e-05,-0.000516544,-0.00132593,
0.252,0,0,0,0,0,0,0,0,0,0,0,0,0,0,0,0,-0.0694311,0.997478,0.0140953,0,0.997285,0.0697456,-0.0232057,0,-0.0241307,0.0124461,-0.999631,0,0.454165,0.00287651,0.0553887,1,0.125284,-30.0988,1.46137,13.772,0.214598,2.85261,0.0954127,166.631,3.09239,-251.058,143.321,-0.703168,10.1631,27.9064,-0.193354,0.317938,0.171695,-2.51794,-0.12639,2.80449,-0.764652,-0.00110343,-0.000335661,0.00367977,-0.00472981,0.000102535,-0.000224634,-0.000311508,
0.255,0,0,0,0,0,0,0,0,0,0,0,0,0,0,0,0,-0.0694334,0.997477,0.0140941,0,0.997285,0.0697479,-0.0232073,0,-0.0241322,0.0124447,-0.999631,0,0.454165,0.00287817,0.0553877,1,0.0142004,-30.0988,1.57246,13.772,0.214598,2.84621,0.0761866,-77.4284,24.1631,95.6014,74.243,14.6975,-1.06371,-65.2579,-0.193344,0.31794,0.171689,-2.51794,-0.12639,2.80449,-0.76465,0.00160128,-0.000615022,2.14766e-05,-0.00185204,-3.7436e-05,-2.13471e-05,0.00147915,
0.258,0,0,0,0,0,0,0,0,0,0,0,0,0,0,0,0,-0.0694338,0.997477,0.0140965,0,0.997285,0.0697484,-0.0232063,0,-0.0241315,0.0124472,-0.999631,0,0.454167,0.00287771,0.0553871,1,0.0895788,-30.1385,1.49708,13.6966,0.214598,2.84621,0.102737,83.7887,-38.9885,-89.4692,38.7498,-7.02228,-7.44564,8.19267,-0.193351,0.317945,0.171694,-2.51793,-0.12639,2.80449,-0.764653,-0.00156719,0.000230225,0.00632873,0.000354146,-1.10921e-05,4.64214e-05,-0.000223092,
