0.001,0,0,0,0,0,0,0,0,0,0,0,0,0,0,0,0,-0.0620431,0.998051,-0.00504799,0,0.99801,0.0619863,-0.0107173,0,-0.0103837,-0.00570299,-0.99993,0,0.559128,0.0101054,0.167816,1,0.387125,-35.1294,1.8343,20.2784,0.589049,2.73543,-0.0831151,-73.11,98.6132,184.85,23.7615,11.4961,29.1862,56.091,-0.153334,0.264175,0.173966,-2.17276,-0.076985,2.42118,-0.774335,0.000975541,-0.000498191,-0.000410895,-0.00287261,-0.00033684,8.48455e-05,-0.0016055,
0.004,0,0,0,0,0,0,0,0,0,0,0,0,0,0,0,0,-0.0620466,0.998051,-0.00504318,0,0.998009,0.0619898,-0.0107302,0,-0.0103969,-0.00569903,-0.99993,0,0.559125,0.0101118,0.167812,1,0.387125,-35.2047,1.72322,20.2784,0.577147,2.75648,-0.136216,-42.7634,45.2129,-99.5081,-40.6679,4.22306,25.6299,-18.3753,-0.153333,0.264183,0.173975,-2.17276,-0.0769837,2.42117,-0.774329,0.000660196,0.000884876,0.00156421,-0.00117848,0.000194067,-0.000666949,0.000782676,
0.007,0,0,0,0,0,0,0,0,0,0,0,0,0,0,0,0,-0.0620585,0.99805,-0.00504367,0,0.998009,0.0620016,-0.0107404,0,-0.0104069,-0.00570027,-0.99993,0,0.559121,0.0101153,0.167808,1,0.276041,-35.2047,1.75892,20.3141,0.577147,2.74916,-0.0895238,-243.603,29.4537,-12.1953,23.5206,-10.8504,6.08983,17.5968,-0.153322,0.264184,0.173971,-2.17277,-0.0769837,2.42117,-0.774334,0.0023919,-0.000454042,0.000666577,-0.0015081,0.000302395,-7.81555e-05,-0.00122616,
0.01,0,0,0,0,0,0,0,0,0,0,0,0,0,0,0,0,-0.0620405,0.998051,-0.00504507,0,0.99801,0.0619836,-0.0107366,0,-0.0104032,-0.00570124,-0.99993,0,0.559123,0.0101094,0.16781,1,0.387125,-35.2047,1.8343,20.2427,0.58264,2.75648,-0.162766,36.9013,109.977,128.074,-206.098,0.787029,6.31915,-14.4867,-0.15333,0.264183,0.173968,-2.17276,-0.0769843,2.42117,-0.774326,-0.000446169,-0.00109001,-0.00102538,0.000886926,-4.60354e-05,-0.000347637,0.00166743,
0.013,0,0,0,0,0,0,0,0,0,0,0,0,0,0,0,0,-0.0620416,0.998051,-0.00504421,0,0.99801,0.0619847,-0.0107489,0,-0.0104155,-0.00570116,-0.99993,0,0.559118,0.0101081,0.167804,1,0.422831,-35.2404,1.8343,20.3498,0.577147,2.74275,-0.129807,273.87,103.909,202.938,43.9235,-20.8906,-2.78437,-21.7457,-0.15333,0.264186,0.173966,-2.17277,-0.0769837,2.42117,-0.774329,-0.0020398,-0.000529337,-0.00106671,-0.00106101,0.00018981,0.000201976,0.000158737,
0.016,0,0,0,0,0,0,0,0,0,0,0,0,0,0,0,0,-0.0620627,0.99805,-0.00504193,0,0.998008,0.0620059,-0.0107493,0,-0.0104159,-0.00569913,-0.99993,0,0.559119,0.0101187,0.167804,1,0.276041,-35.2801,1.75892,20.2784,0.577147,2.74275,-0.103257,-152.273,-11.2239,2.93329,-115.908,-20.4108,-11.1691,63.0529,-0.153318,0.264189,0.173973,-2.17277,-0.0769837,2.42117,-0.774332,0.00166411,0.000775468,0.00105976,0.00106729,0.000301134,-5.19879e-07,-0.0013093,
0.019,0,0,0,0,0,0,0,0,0,0,0,0,0,0,0,0,-0.0620464,0.998051,-0.005046,0,0.998009,0.0619895,-0.0107448,0,-0.0104113,-0.00570275,-0.99993,0,0.55912,0.0101118,0.167808,1,0.387125,-35.1651,1.79859,20.2784,0.595458,2.74916,-0.162766,191.276,243.601,39.1436,19.0592,30.0462,-23.1254,-62.7798,-0.153325,0.264182,0.173969,-2.17277,-0.0769857,2.42117,-0.774326,-0.00136297,-0.00245968,-0.000220327,0.000961473,-0.000521127,-6.80059e-05,0.0019103,
0.023,0,0,0,0,0,0,0,0,0,0,0,0,0,0,0,0,-0.0620652,0.99805,-0.00504057,0,0.998008,0.0620083,-0.010759,0,-0.0104257,-0.0056984,-0.999929,0,0.559115,0.0101225,0.1678,1,0.276041,-35.2801,1.72322,20.3855,0.58264,2.73543,-0.142624,32.8301,51.1016,-19.0669,163.863,1.17628,0.877869,11.2961,-0.153315,0.264192,0.173976,-2.17278,-0.0769843,2.42117,-0.774328,0.000902825,-0.00015174,0.00151423,-0.0016988,0.000116838,0.000380895,0.00079429,
0.026,0,0,0,0,0,0,0,0,0,0,0,0,0,0,0,0,-0.0620589,0.99805,-0.00504139,0,0.998008,0.062002,-0.0107531,0,-0.0104198,-0.00569879,-0.999929,0,0.559117,0.0101208,0.167803,1,0.347452,-35.2404,1.72322,20.3141,0.58264,2.73543,-0.175583,145.571,96.1397,-58.3503,137.805,-4.04335,8.65802,-64.3428,-0.153318,0.264189,0.173976,-2.17277,-0.0769843,2.42117,-0.774324,0.000913065,-0.00125114,0.00044891,0.000145682,3.46187e-05,0.000203276,0.00177629,
0.029,0,0,0,0,0,0,0,0,0,0,0,0,0,0,0,0,-0.0620724,0.998049,-0.00504111,0,0.998008,0.0620155,-0.010753,0,-0.0104196,-0.00569864,-0.999929,0,0.559118,0.0101226,0.167802,1,0.311747,-35.2801,1.75892,20.2784,0.58264,2.73543,-0.0831151,64.9692,-32.0901,104.081,-77.1159,-1.66036,-19.1512,36.3729,-0.153315,0.264192,0.173976,-2.17277,-0.0769846,2.42117,-0.774335,0.000677058,0.000433676,-0.00101144,0.000692533,0.000142123,0.000210932,-0.00137633,
0.032,0,0,0,0,0,0,0,0,0,0,0,0,0,0,0,0,-0.0620802,0.998049,-0.00504183,0,0.998007,0.0620233,-0.0107467,0,-0.0104132,-0.00569905,-0.99993,0,0.55912,0.0101259,0.167805,1,0.236368,-35.2404,1.75892,20.2427,0.589049,2.73543,-0.0693822,-90.9833,92.4414,100.741,-45.2872,11.2613,0.568289,47.3899,-0.153309,0.264189,0.173977,-2.17277,-0.076985,2.42117,-0.774336,0.00159304,-0.00087166,-0.000485247,0.00122591,-0.00024046,0.00032623,-0.0018734,
0.035,0,0,0,0,0,0,0,0,0,0,0,0,0,0,0,0,-0.0620779,0.998049,-0.00503934,0,0.998007,0.0620211,-0.0107533,0,-0.0104199,-0.00569694,-0.999929,0,0.559118,0.0101303,0.167802,1,0.236368,-35.2801,1.68354,20.2784,0.589049,2.74275,-0.155442,-71.9387,-68.2994,-14.2853,0.363903,15.2246,3.54596,-73.065,-0.153309,0.264192,0.173984,-2.17277,-0.076985,2.42117,-0.774327,0.0013053,0.000669769,0.00356204,0.000734398,-0.00727968,-0.000193445,0.00120816,
0.038,0,0,0,0,0,0,0,0,0,0,0,0,0,0,0,0,-0.0620872,0.998048,-0.00503896,0,0.998007,0.0620304,-0.0107529,0,-0.0104195,-0.00569665,-0.999929,0,0.559117,0.0101326,0.167803,1,0.276041,-35.2404,1.64784,20.3141,0.600951,2.74275,-0.109665,-45.5271,-11.0474,-30.4865,93.3206,15.8547,9.48212,60.6024,-0.153309,0.264189,0.173988,-2.17277,-0.0769853,2.42117,-0.774332,-9.10973e-06,-0.000213996,0.00221876,0.000124779,-0.0033338,2.18024e-05,-0.000226006,
0.041,0,0,0,0,0,0,0,0,0,0,0,0,0,0,0,0,-0.0620747,0.998049,-0.00503979,0,0.998007,0.0620178,-0.010754,0,-0.0104206,-0.00569741,-0.999929,0,0.559117,0.0101285,0.167802,1,0.311747,-35.2404,1.68354,20.3498,0.595458,2.72902,-0.162766,96.0557,-122.52,-62.3417,158.238,11.4358,-5.42998,-61.5434,-0.153314,0.264189,0.173985,-2.17277,-0.0769857,2.42117,-0.774326,-0.00075874,0.000132512,0.000733967,-0.00144787,-0.00145449,0.000311636,0.00181684,
0.044,0,0,0,0,0,0,0,0,0,0,0,0,0,0,0,0,-0.0620853,0.998048,-0.00503798,0,0.998007,0.0620285,-0.0107487,0,-0.0104155,-0.00569539,-0.99993,0,0.559118,0.0101324,0.167805,1,0.236368,-35.2047,1.68354,20.3141,0.595458,2.73543,-0.103257,27.6805,-6.57795,-67.5658,87.991,-0.149868,8.84546,19.5833,-0.153309,0.264186,0.173988,-2.17277,-0.0769825,2.42117,-0.774332,0.00107737,-0.00352456,0.00027587,-0.000635228,-0.000542903,-6.59028e-05,-0.000787874,
0.047,0,0,0,0,0,0,0,0,0,0,0,0,0,0,0,0,-0.0620708,0.998049,-0.00504242,0,0.998008,0.0620139,-0.0107414,0,-0.010408,-0.00569922,-0.99993,0,0.559121,0.0101263,0.167808,1,0.347452,-35.1651,1.75892,20.2427,0.600951,2.72902,-0.169175,186.451,130.163,246.523,-54.1758,12.8649,-20.3258,-67.8466,-0.153314,0.264184,0.173982,-2.17277,-0.0769862,2.42117,-0.774325,-0.00227799,-0.00130879,-0.00184247,0.00101821,-0.000415539,0.000255508,0.00166543,
0.05,0,0,0,0,0,0,0,0,0,0,0,0,0,0,0,0,-0.0620894,0.998048,-0.00504094,0,0.998007,0.0620325,-0.0107498,0,-0.0104163,-0.00569844,-0.99993,0,0.559119,0.0101341,0.167804,1,0.236368,-35.2404,1.64784,20.2784,0.589049,2.73543,-0.136216,-20.4534,119.647,-65.674,71.126,-14.2363,-5.02345,-32.9134,-0.153306,0.26419,0.173988,-2.17277,-0.0769882,2.42117,-0.774329,0.00321003,0.000880579,0.00128958,-0.000842867,0.000176689,-5.23923e-05,0.000203355,
0.053,0,0,0,0,0,0,0,0,0,0,0,0,0,0,0,0,-0.0620808,0.998049,-0.00504191,0,0.998007,0.0620239,-0.0107431,0,-0.0104096,-0.00569891,-0.99993,0,0.559121,0.0101282,0.167807,1,0.311747,-35.2047,1.75892,20.2427,0.600951,2.72169,-0.109665,148.318,10.9932,153.558,-32.8231,14.7743,-31.587,59.5411,-0.153311,0.264187,0.173982,-2.17277,-0.0769864,2.42117,-0.774332,0.00485364,0.00613127,-0.00154174,0.000585479,-0.000200574,0.000474265,-0.00053126,
0.056,0,0,0,0,0,0,0,0,0,0,0,0,0,0,0,0,-0.0620839,0.998049,-0.00504245,0,0.998007,0.0620271,-0.0107354,0,-0.0104019,-0.00569901,-0.99993,0,0.559123,0.0101328,0.167811,1,0.200663,-35.1294,1.72322,20.203,0.595458,2.72169,-0.149033,-159.883,146.394,37.9405,-64.6561,-0.876832,-15.5798,-44.3954,-0.153303,0.264182,0.173983,-2.17276,-0.0769857,2.42117,-0.774327,0.00401712,0.00150098,-1.15734e-05,0.00184391,-5.31046e-05,0.000291227,0.000810863,
0.059,0,0,0,0,0,0,0,0,0,0,0,0,0,0,0,0,-0.0620863,0.998048,-0.00504095,0,0.998007,0.0620294,-0.0107464,0,-0.010413,-0.00569821,-0.99993,0,0.55912,0.010134,0.167806,1,0.16099,-35.2047,1.72322,20.2427,0.589049,2.74916,-0.142624,-282.084,-97.2284,23.2906,-57.7141,-26.5561,41.1082,4.38177,-0.153301,0.264187,0.173983,-2.17277,-0.076985,2.42116,-0.774328,0.00369431,0.00233724,-0.000796621,0.000876307,0.000366461,-0.000817935,0.000782791,
0.062,0,0,0,0,0,0,0,0,0,0,0,0,0,0,0,0,-0.0620726,0.998049,-0.00504131,0,0.998008,0.0620157,-0.0107401,0,-0.0104068,-0.00569805,-0.99993,0,0.559121,0.0101279,0.167807,1,0.276041,-35.2047,1.75892,20.2427,0.58264,2.72169,-0.162766,7.94043,-63.9441,130.039,-95.9509,-16.6755,-18.8916,-57.0552,-0.153309,0.264187,0.173979,-2.17277,-0.0769843,2.42117,-0.774326,0.000682288,-0.00275151,-0.00496507,0.000538052,0.000265934,0.000383071,0.00135845,
0.065,0,0,0,0,0,0,0,0,0,0,0,0,0,0,0,0,-0.0620841,0.998049,-0.00504107,0,0.998007,0.0620273,-0.0107404,0,-0.0104069,-0.00569794,-0.99993,0,0.559121,0.0101294,0.167808,1,0.276041,-35.1651,1.75892,20.2427,0.58264,2.72169,-0.0831151,-86.6262,37.5821,134.035,18.8462,-28.6109,-12.0115,43.2995,-0.153309,0.264184,0.173983,-2.17277,-0.0769843,2.42117,-0.774335,-0.00523435,-0.00212735,-0.00303671,0.000437829,0.000210288,0.000264207,-0.00199746,
0.068,0,0,0,0,0,0,0,0,0,0,0,0,0,0,0,0,-0.0620822,0.998049,-0.00504055,0,0.998007,0.0620253,-0.0107494,0,-0.010416,-0.00569796,-0.99993,0,0.55912,0.0101267,0.167804,1,0.347452,-35.2801,1.72322,20.2427,0.600951,2.72902,-0.0693822,85.4125,-244.472,26.3505,-107.538,10.4143,-17.7862,60.421,-0.153314,0.264192,0.173983,-2.17277,-0.0769863,2.42117,-0.774336,-0.00398052,0.00169267,-0.000982002,-0.000179613,-0.000352286,-2.34418e-05,-0.00218177,
0.071,0,0,0,0,0,0,0,0,0,0,0,0,0,0,0,0,-0.0620831,0.998049,-0.00504008,0,0.998007,0.0620263,-0.0107449,0,-0.0104115,-0.00569722,-0.99993,0,0.55912,0.0101324,0.167806,1,0.276041,-35.2047,1.68354,20.2784,0.589049,2.71437,-0.142624,-116.391,-89.3865,-81.1633,71.4172,-15.2365,-35.9318,-62.3074,-0.153307,0.264187,0.173985,-2.17277,-0.076985,2.42117,-0.774328,-0.000293262,-0.00246215,0.000326535,-0.000888437,0.000144214,0.000384885,0.000890732,
0.074,0,0,0,0,0,0,0,0,0,0,0,0,0,0,0,0,-0.0620731,0.998049,-0.00504126,0,0.998008,0.0620163,-0.0107397,0,-0.0104064,-0.00569797,-0.99993,0,0.559121,0.0101272,0.167808,1,0.347452,-35.1651,1.68354,20.2427,0.595458,2.72169,-0.155442,-55.2464,33.3411,-90.3006,-130.745,-4.92476,-12.1903,-38.86,-0.153316,0.264184,0.173986,-2.17277,-0.0769857,2.42117,-0.774327,-0.00124283,-0.00171603,0.000568318,0.000850383,-0.00014191,0.000313723,0.00152983,
0.076,0,0,0,0,0,0,0,0,0,0,0,0,0,0,0,0,-0.0620709,0.998049,-0.00504216,0,0.998008,0.0620141,-0.0107364,0,-0.010403,-0.00569864,-0.99993,0,0.559122,0.0101232,0.16781,1,0.387125,-35.1294,1.75892,20.2427,0.58264,2.71437,-0.103257,188.69,16.8491,112.933,54.3257,-9.02504,-0.264913,3.34654,-0.153318,0.264182,0.17398,-2.17277,-0.0769843,2.42117,-0.774332,-0.00153398,-0.00174378,-0.0015281,6.86082e-05,0.000411635,0.000501122,-0.000518171,
0.079,0,0,0,0,0,0,0,0,0,0,0,0,0,0,0,0,-0.0620706,0.998049,-0.00504067,0,0.998008,0.0620138,-0.0107483,0,-0.010415,-0.0056979,-0.99993,0,0.559118,0.0101248,0.167805,1,0.387125,-35.2047,1.72322,20.3141,0.589049,2.72169,-0.136216,49.5204,-119.285,-30.9154,74.3047,-13.0905,3.24899,-41.7804,-0.153317,0.264187,0.173983,-2.17277,-0.076985,2.42117,-0.774329,-0.00146615,0.000695265,0.000186402,-0.000907692,-2.37148e-06,-0.000201906,0.000852418,
0.082,0,0,0,0,0,0,0,0,0,0,0,0,0,0,0,0,-0.0620782,0.998049,-0.00504238,0,0.998007,0.0620213,-0.010736,0,-0.0104026,-0.00569892,-0.99993,0,0.559123,0.0101235,0.167808,1,0.387125,-35.2047,1.75892,20.2427,0.600951,2.71437,-0.0565648,2.35055,-68.8188,24.1826,-32.4411,3.6218,-22.1231,95.1478,-0.153317,0.264187,0.17398,-2.17276,-0.0769863,2.42117,-0.774338,-0.000654169,0.000756926,-0.000701902,0.00121589,-0.000196621,0.000362147,-0.00291222,
0.085,0,0,0,0,0,0,0,0,0,0,0,0,0,0,0,0,-0.0620665,0.99805,-0.00504294,0,0.998008,0.0620096,-0.0107387,0,-0.0104052,-0.00569952,-0.99993,0,0.559121,0.0101237,0.167809,1,0.347452,-35.1294,1.72322,20.2784,0.595458,2.71437,-0.162766,-67.3245,163.047,-61.349,-23.0789,14.7167,-1.12938,-52.9786,-0.153317,0.264182,0.173981,-2.17277,-0.0769857,2.42117,-0.774326,0.000522259,-0.00116267,0.000439785,-0.000474955,9.99801e-05,0.000258007,-0.00468189,
0.088,0,0,0,0,0,0,0,0,0,0,0,0,0,0,0,0,-0.0620538,0.99805,-0.00504395,0,0.998009,0.0619969,-0.0107363,0,-0.0104028,-0.00570024,-0.99993,0,0.559123,0.0101159,0.167809,1,0.458536,-35.1651,1.75892,20.203,0.600951,2.70796,-0.129807,146.346,110.203,-24.4307,-108.71,10.8651,-31.411,-57.3153,-0.153327,0.264184,0.173977,-2.17276,-0.0769863,2.42117,-0.774326,-0.00369043,-0.000773813,-0.000911922,0.0011585,-0.000173827,0.00057377,0.00604366,
0.091,0,0,0,0,0,0,0,0,0,0,0,0,0,0,0,0,-0.0620576,0.99805,-0.00504306,0,0.998009,0.0620008,-0.0107369,0,-0.0104035,-0.00569943,-0.99993,0,0.559123,0.0101168,0.167807,1,0.387125,-35.2404,1.79859,20.203,0.595458,2.70064,-0.129807,-121.64,-43.1513,96.7122,-76.6435,-9.906,-29.3995,10.6685,-0.153323,0.264189,0.173974,-2.17276,-0.0769857,2.42117,-0.774329,0.000169354,0.00101563,-0.00240848,0.0011063,3.89179e-05,0.000753984,0.00300191,
0.093,0,0,0,0,0,0,0,0,0,0,0,0,0,0,0,0,-0.0620626,0.99805,-0.005044,0,0.998008,0.0620058,-0.010736,0,-0.0104025,-0.00570037,-0.99993,0,0.559123,0.0101152,0.167809,1,0.422831,-35.2047,1.79859,20.203,0.595458,2.70796,-0.0629735,19.7634,-39.6535,16.9358,-19.4213,-17.0281,-0.333209,85.2814,-0.153325,0.264185,0.173974,-2.17276,-0.0769857,2.42117,-0.774337,-0.000569596,0.000202822,-0.00127427,0.000801028,1.72967e-05,0.000154259,-0.000984873,
0.096,0,0,0,0,0,0,0,0,0,0,0,0,0,0,0,0,-0.0620561,0.99805,-0.00504425,0,0.998009,0.0619993,-0.0107364,0,-0.0104029,-0.00570057,-0.99993,0,0.559123,0.0101124,0.167808,1,0.458536,-35.2047,1.8343,20.203,0.595458,2.71437,-0.0767064,20.4582,-134.647,53.4464,-108.906,-6.53011,5.33336,34.1855,-0.153328,0.264187,0.173972,-2.17276,-0.0769857,2.42117,-0.774335,-0.00105667,0.00045127,-0.00114914,0.000752908,-2.87835e-05,-0.000112533,0.000133725,
0.098,0,0,0,0,0,0,0,0,0,0,0,0,0,0,0,0,-0.0620473,0.998051,-0.00504627,0,0.998009,0.0619904,-0.0107411,0,-0.0104076,-0.00570279,-0.99993,0,0.55912,0.0101079,0.167806,1,0.458536,-35.1651,1.87397,20.3141,0.600951,2.71437,-0.0959325,27.7396,2.66898,148.653,206.03,-5.83459,3.16151,45.6428,-0.15333,0.264184,0.173966,-2.17277,-0.0769863,2.42117,-0.774333,-0.000490528,-0.000418376,-0.00148712,-0.00254224,-6.93067e-05,-5.00146e-05,0.0010948,
0.103,0,0,0,0,0,0,0,0,0,0,0,0,0,0,0,0,-0.0620488,0.998051,-0.00504638,0,0.998009,0.061992,-0.0107368,0,-0.0104033,-0.00570266,-0.99993,0,0.559122,0.0101056,0.167808,1,0.498209,-35.1651,1.8343,20.2427,0.600951,2.71437,-0.0428319,137.127,-83.7427,-21.6485,-50.7404,9.78055,1.59987,48.6944,-0.153334,0.264185,0.173966,-2.17277,-0.0769863,2.42117,-0.774339,-0.000556307,0.00453798,-0.00406811,0.000665419,-0.000176157,-0.00011794,-0.00245559,
0.106,0,0,0,0,0,0,0,0,0,0,0,0,0,0,0,0,-0.0620411,0.998051,-0.00504681,0,0.99801,0.0619842,-0.0107338,0,-0.0104003,-0.00570282,-0.99993,0,0.559123,0.0101059,0.167809,1,0.498209,-35.1651,1.79859,20.2427,0.607359,2.71437,-0.122483,62.0015,43.4947,-180.949,12.6561,15.5793,13.9001,-10.8362,-0.153336,0.264182,0.173969,-2.17277,-0.076987,2.42117,-0.77433,-0.000477139,-0.00440208,-0.000416369,-9.0654e-06,-0.000255645,-5.37832e-05,0.00127231,
0.109,0,0,0,0,0,0,0,0,0,0,0,0,0,0,0,0,-0.0620332,0.998052,-0.00504792,0,0.99801,0.0619763,-0.0107361,0,-0.0104026,-0.00570398,-0.99993,0,0.559123,0.0101017,0.167808,1,0.458536,-35.1651,1.87397,20.2427,0.607359,2.71437,-0.129807,-100.002,63.2222,161.071,-10.3483,13.4927,-4.96973,-58.1493,-0.153337,0.264184,0.173963,-2.17277,-0.076987,2.42117,-0.774329,-0.00193022,-0.00280416,-0.00207576,0.000554126,-0.000105888,-6.86822e-05,0.00179053,
0.112,0,0,0,0,0,0,0,0,0,0,0,0,0,0,0,0,-0.0620378,0.998051,-0.00504676,0,0.99801,0.0619809,-0.010739,0,-0.0104054,-0.00570305,-0.99993,0,0.559122,0.0101001,0.167807,1,0.498209,-35.2047,1.87397,20.2427,0.600951,2.71437,-0.0565648,-1.33766,-45.9365,69.0825,9.31685,-2.48919,7.69104,9.12852,-0.15334,0.264187,0.173963,-2.17277,-0.0769863,2.42117,-0.774338,-0.00148294,-0.000431667,-0.000509235,-0.000145155,2.89075e-05,-2.03503e-05,-0.00105375,
0.115,0,0,0,0,0,0,0,0,0,0,0,0,0,0,0,0,-0.0620368,0.998051,-0.00504696,0,0.99801,0.0619799,-0.0107401,0,-0.0104066,-0.00570331,-0.99993,0,0.559121,0.0101001,0.167806,1,0.458536,-35.2047,1.87397,20.2784,0.595458,2.70064,-0.0629735,-143.944,-57.8882,-32.6584,29.9547,-14.2346,-12.0104,60.5928,-0.153338,0.264187,0.17396,-2.17277,-0.0769857,2.42118,-0.774337,0.000746816,8.88432e-05,-0.000308286,-0.000816359,0.000196945,0.000389569,-0.00103104,
0.118,0,0,0,0,0,0,0,0,0,0,0,0,0,0,0,0,-0.0620286,0.998052,-0.00504684,0,0.99801,0.0619717,-0.0107389,0,-0.0104055,-0.00570303,-0.99993,0,0.559122,0.0100986,0.167806,1,0.498209,-35.2047,1.8343,20.2784,0.600951,2.70064,-0.116074,-4.41133,-74.5592,-17.9261,40.9896,-12.8559,-6.82117,-64.0882,-0.153343,0.264187,0.173962,-2.17277,-0.0769863,2.42118,-0.774331,-0.000449432,0.000379091,0.000430643,-0.00082963,2.06781e-05,0.000266132,0.00177079,
0.121,0,0,0,0,0,0,0,0,0,0,0,0,0,0,0,0,-0.0620369,0.998051,-0.00504778,0,0.99801,0.06198,-0.0107333,0,-0.0103997,-0.0057037,-0.99993,0,0.559124,0.0100976,0.167808,1,0.498209,-35.2047,1.8343,20.203,0.607359,2.70064,-0.0300145,-25.2603,-47.4722,6.15895,-31.7703,-5.67642,-7.35143,83.8148,-0.153344,0.264186,0.173961,-2.17276,-0.076987,2.42118,-0.774341,3.04881e-05,0.00030207,0.000245342,0.000744072,-0.000246302,0.000229558,-0.00241768,
0.124,0,0,0,0,0,0,0,0,0,0,0,0,0,0,0,0,-0.0620241,0.998052,-0.00504882,0,0.998011,0.0619672,-0.0107377,0,-0.0104041,-0.00570489,-0.99993,0,0.559123,0.0100952,0.167807,1,0.458536,-35.2047,1.87397,20.2427,0.607359,2.70064,-0.109665,-145.049,-102.053,36.3189,45.3677,6.17622,-25.8593,-18.7925,-0.153343,0.264187,0.173956,-2.17277,-0.076987,2.42118,-0.774332,0.000804057,0.00039189,-0.000651627,-0.00098596,-7.29785e-05,0.000218721,0.0012504,
0.127,0,0,0,0,0,0,0,0,0,0,0,0,0,0,0,0,-0.0620236,0.998052,-0.00504947,0,0.998011,0.0619667,-0.0107303,0,-0.0103967,-0.00570506,-0.99993,0,0.559125,0.010092,0.16781,1,0.573588,-35.1651,1.87397,20.1673,0.607359,2.70796,-0.0629735,184.684,2.28815,54.2368,-197.641,-8.60725,16.0372,-3.58246,-0.153349,0.264184,0.173957,-2.17276,-0.076987,2.42117,-0.774337,-0.00154953,-0.000701413,8.42649e-05,0.00134737,-6.55286e-06,-0.000259207,-0.00113653,
0.13,0,0,0,0,0,0,0,0,0,0,0,0,0,0,0,0,-0.0620213,0.998052,-0.00505005,0,0.998011,0.0619645,-0.0107295,0,-0.0103959,-0.00570557,-0.99993,0,0.559125,0.0100927,0.16781,1,0.533915,-35.1651,1.87397,20.203,0.607359,2.69423,-0.0959325,105.564,32.0321,-7.88756,9.06608,-8.74317,9.4905,3.03399,-0.153347,0.264182,0.173956,-2.17276,-0.076987,2.42118,-0.774333,-0.000821664,-0.000126573,-0.000367313,0.000337351,6.58753e-05,0.000111578,0.000657909,
0.133,0,0,0,0,0,0,0,0,0,0,0,0,0,0,0,0,-0.0620234,0.998052,-0.00504836,0,0.998011,0.0619665,-0.0107396,0,-0.0104061,-0.00570454,-0.99993,0,0.559122,0.0100926,0.167804,1,0.498209,-35.2801,1.87397,20.2427,0.612853,2.67317,-0.109665,14.674,-251.629,-49.9603,-12.3767,0.611642,-11.5775,-33.652,-0.153346,0.264192,0.173955,-2.17277,-0.0769876,2.42118,-0.774335,-7.91701e-05,0.00253981,-0.000418363,-0.000518724,-1.81574e-05,0.00058313,0.00137797,
0.136,0,0,0,0,0,0,0,0,0,0,0,0,0,0,0,0,-0.0620329,0.998052,-0.00505067,0,0.99801,0.0619759,-0.0107398,0,-0.010406,-0.00570695,-0.99993,0,0.559122,0.0100909,0.167806,1,0.498209,-35.2047,1.87397,20.2784,0.624754,2.69423,-0.0236058,-25.4742,-90.5911,43.9254,115.869,31.3578,17.4742,45.7441,-0.153347,0.264187,0.173953,-2.17277,-0.076989,2.42118,-0.774346,0.000161853,0.0005564,-0.00051587,-0.00129825,-0.000593126,-0.000324544,-0.00205949,
0.139,0,0,0,0,0,0,0,0,0,0,0,0,0,0,0,0,-0.0620204,0.998052,-0.00505187,0,0.998011,0.0619635,-0.0107291,0,-0.0103954,-0.00570735,-0.99993,0,0.559124,0.0100893,0.167811,1,0.498209,-35.1294,1.90968,20.2427,0.607359,2.6869,-0.0895238,-59.1696,150.676,78.8257,70.4322,-12.141,-1.64048,-43.7439,-0.153347,0.264179,0.17395,-2.17277,-0.076987,2.42118,-0.774338,-7.59033e-05,-0.00147474,-0.000802498,-1.34599e-05,0.000178414,0.000114824,0.00139415,
0.142,0,0,0,0,0,0,0,0,0,0,0,0,0,0,0,0,-0.0620376,0.998051,-0.00505034,0,0.99801,0.0619807,-0.0107289,0,-0.0103952,-0.00570599,-0.99993,0,0.559124,0.010094,0.167809,1,0.458536,-35.1651,1.8343,20.2784,0.619261,2.6805,-0.0236058,-138.236,205.623,-106.167,144.295,13.7298,-8.90336,48.8086,-0.153344,0.264184,0.173956,-2.17277,-0.0769884,2.42118,-0.774346,0.00136949,-0.000859762,0.00106144,-0.00114855,-0.000274918,4.90925e-05,-0.0020547,
0.145,0,0,0,0,0,0,0,0,0,0,0,0,0,0,0,0,-0.0620299,0.998052,-0.00504925,0,0.99801,0.061973,-0.0107371,0,-0.0104035,-0.00570533,-0.99993,0,0.559123,0.0100928,0.167806,1,0.533915,-35.2404,1.8343,20.2784,0.619261,2.6805,-0.0428319,162.864,-47.0101,-88.9146,69.9012,6.28389,-10.4197,62.6969,-0.153346,0.264189,0.173956,-2.17277,-0.0769884,2.42118,-0.774341,-0.00135749,0.0005289,0.00083006,-0.00131989,-0.000160577,-4.57357e-05,-0.00106468,
0.148,0,0,0,0,0,0,0,0,0,0,0,0,0,0,0,0,-0.0620261,0.998052,-0.00504988,0,0.998011,0.0619692,-0.0107369,0,-0.0104033,-0.00570591,-0.99993,0,0.559123,0.0100924,0.167806,1,0.533915,-35.2404,1.8343,20.2427,0.624754,2.6805,-0.103257,68.6576,-24.4309,-141.991,34.1492,7.66772,7.19544,-62.2696,-0.153346,0.264189,0.173955,-2.17277,-0.076989,2.42118,-0.774337,-0.00107246,0.000156704,0.000761508,-0.000535436,-0.000235958,-0.000243375,0.00153066,
0.151,0,0,0,0,0,0,0,0,0,0,0,0,0,0,0,0,-0.0620278,0.998052,-0.00504975,0,0.998011,0.0619709,-0.0107352,0,-0.0104015,-0.00570569,-0.99993,0,0.559125,0.0100919,0.167806,1,0.498209,-35.2801,1.87397,20.203,0.619261,2.6805,-0.0767064,56.1933,-11.0926,67.6234,-88.3039,8.51558,5.33882,-27.2304,-0.153344,0.264192,0.173952,-2.17276,-0.0769884,2.42118,-0.77434,-0.000338394,0.000768221,-0.000702389,6.82016e-05,-5.86108e-05,-0.000162534,-6.11722e-06,
0.154,0,0,0,0,0,0,0,0,0,0,0,0,0,0,0,0,-0.0620326,0.998052,-0.00504754,0,0.99801,0.0619757,-0.010745,0,-0.0104115,-0.00570415,-0.99993,0,0.559122,0.0100958,0.167801,1,0.422831,-35.3912,1.8343,20.2427,0.624754,2.6805,-0.0959325,-37.7273,-116.446,-71.443,93.251,-3.76909,0.128476,-12.8755,-0.153341,0.2642,0.173956,-2.17276,-0.076989,2.42118,-0.774338,0.000796819,0.00334164,0.00060648,-0.000392245,-0.000205746,-8.58341e-05,0.00120005,
0.157,0,0,0,0,0,0,0,0,0,0,0,0,0,0,0,0,-0.0620453,0.998051,-0.005048,0,0.998009,0.0619884,-0.0107438,0,-0.0104101,-0.00570466,-0.99993,0,0.559123,0.0100983,0.167801,1,0.387125,-35.3555,1.87397,20.203,0.624754,2.67317,-0.0236058,-99.4976,-12.7231,55.8436,-91.2584,4.09046,-5.45991,20.7066,-0.153334,0.2642,0.173953,-2.17276,-0.076989,2.42118,-0.774346,0.00708489,0.000928248,-0.000356492,0.000883978,-0.000106173,9.51309e-05,-0.00164879,
0.16,0,0,0,0,0,0,0,0,0,0,0,0,0,0,0,0,-0.0620408,0.998051,-0.00504703,0,0.99801,0.0619838,-0.0107478,0,-0.0104142,-0.00570389,-0.99993,0,0.559121,0.0101005,0.167801,1,0.387125,-35.3158,1.8343,20.2427,0.612853,2.69423,-0.0895238,-28.5619,99.1462,-38.702,40.6621,-14.4679,27.868,0.539693,-0.153333,0.264198,0.173956,-2.17277,-0.0769876,2.42118,-0.774339,-0.000633847,-0.000343644,-0.00327966,-0.000459874,0.000296323,-0.000661284,0.000841432,
0.163,0,0,0,0,0,0,0,0,0,0,0,0,0,0,0,0,-0.0620378,0.998051,-0.00504579,0,0.99801,0.0619809,-0.0107513,0,-0.0104178,-0.00570285,-0.999929,0,0.559121,0.0101001,0.167798,1,0.422831,-35.4269,1.8343,20.2427,0.624754,2.6869,-0.116074,67.1841,-140.083,2.65534,-41.8847,19.7182,13.796,-72.6907,-0.153336,0.264206,0.173958,-2.17276,-0.076989,2.42118,-0.774336,0.000101782,0.00198107,-0.00141307,4.93451e-05,-0.00027389,-0.000297661,0.00191459,
0.166,0,0,0,0,0,0,0,0,0,0,0,0,0,0,0,0,-0.062047,0.998051,-0.00504323,0,0.998009,0.0619901,-0.0107566,0,-0.0104232,-0.00570071,-0.999929,0,0.559119,0.0101028,0.167795,1,0.387125,-35.4269,1.75892,20.2784,0.612853,2.6805,-0.0629735,-22.4562,-44.1851,-99.7436,41.1839,-7.07835,-8.1228,19.8456,-0.153335,0.264209,0.173961,-2.17277,-0.0769876,2.42118,-0.774342,0.000353882,0.000772587,0.000879961,-0.00102682,0.000344586,7.00433e-05,-0.000743839,
0.169,0,0,0,0,0,0,0,0,0,0,0,0,0,0,0,0,-0.0620492,0.998051,-0.00504411,0,0.998009,0.0619923,-0.0107557,0,-0.0104222,-0.00570156,-0.999929,0,0.559119,0.0101057,0.167795,1,0.347452,-35.3912,1.75892,20.3141,0.619261,2.6805,-0.0959325,-23.0409,119.176,-8.62568,143.146,-0.221061,-11.1994,-33.6319,-0.15333,0.264206,0.173961,-2.17277,-0.0769884,2.42118,-0.774338,3.32651e-05,-0.000420699,0.00038841,-0.000861056,-3.39321e-06,7.35e-05,0.00197988,
0.172,0,0,0,0,0,0,0,0,0,0,0,0,0,0,0,0,-0.0620575,0.99805,-0.00504362,0,0.998008,0.0620006,-0.0107569,0,-0.0104234,-0.00570124,-0.999929,0,0.55912,0.0101076,0.167794,1,0.311747,-35.3912,1.79859,20.2427,0.619261,2.6805,-0.0501561,-71.6925,89.0533,84.4566,-8.19082,-19.3325,-15.1826,-20.8484,-0.153324,0.264212,0.173959,-2.17276,-0.0769884,2.42118,-0.774343,0.00104285,0.00219283,-0.000722336,0.000363552,6.68114e-05,0.000134806,-0.000490902,
0.175,0,0,0,0,0,0,0,0,0,0,0,0,0,0,0,0,-0.0620754,0.998049,-0.00504293,0,0.998007,0.0620184,-0.0107641,0,-0.0104305,-0.00570117,-0.999929,0,0.559119,0.0101179,0.16779,1,0.236368,-35.4666,1.72322,20.2427,0.631163,2.67317,-0.0831151,-318.041,-64.728,-89.7349,-35.9989,20.6847,-16.7848,-19.1608,-0.153314,0.26422,0.173967,-2.17276,-0.0769929,2.42118,-0.77434,0.00543465,0.00591212,0.0011434,0.000664531,-0.000255239,0.000363956,-0.00199825,
0.178,0,0,0,0,0,0,0,0,0,0,0,0,0,0,0,0,-0.0620737,0.998049,-0.00503957,0,0.998007,0.0620167,-0.0107786,0,-0.0104453,-0.00569871,-0.999929,0,0.559114,0.0101151,0.167783,1,0.276041,-35.542,1.75892,20.3498,0.631163,2.6869,-0.0300145,32.0922,-168.189,-8.42941,121.27,11.1506,-4.31616,20.0908,-0.153318,0.264226,0.173965,-2.17277,-0.0769898,2.42118,-0.774345,0.00186245,0.0042352,0.00172638,-0.00203035,-0.000320521,-0.000287759,-0.00302736,
0.181,0,0,0,0,0,0,0,0,0,0,0,0,0,0,0,0,-0.062088,0.998048,-0.00503912,0,0.998006,0.062031,-0.0107739,0,-0.0104405,-0.00569811,-0.999929,0,0.559115,0.0101223,0.167786,1,0.236368,-35.4269,1.68354,20.3141,0.637572,2.6869,-0.0171971,-80.0869,28.0446,-96.7469,120.484,16.6034,-3.52164,70.8898,-0.153313,0.264221,0.173973,-2.17277,-0.0769904,2.42118,-0.774347,0.00112723,0.000275601,0.00191644,-0.000879991,-0.000509405,-0.000217128,-0.00256929,
0.184,0,0,0,0,0,0,0,0,0,0,0,0,0,0,0,0,-0.0620808,0.998049,-0.00503623,0,0.998007,0.0620238,-0.0107795,0,-0.0104463,-0.00569551,-0.999929,0,0.559114,0.0101228,0.167783,1,0.276041,-35.542,1.68354,20.2784,0.631163,2.6869,-0.0895238,99.5654,-106.042,-3.05871,15.7198,5.59681,5.61301,-30.358,-0.153315,0.26423,0.173976,-2.17277,-0.0769897,2.42118,-0.77434,-0.000319058,0.00207042,0.000660276,-0.00035354,-0.000177308,-3.04258e-05,0.00148968,
0.187,0,0,0,0,0,0,0,0,0,0,0,0,0,0,0,0,-0.0620913,0.998048,-0.00503653,0,0.998006,0.0620344,-0.0107715,0,-0.0104382,-0.00569541,-0.999929,0,0.559117,0.010126,0.167786,1,0.236368,-35.4269,1.72322,20.203,0.624754,2.6869,-0.0300145,29.387,75.948,180.819,-208.034,-17.5457,6.35199,9.28161,-0.15331,0.264227,0.173976,-2.17276,-0.076989,2.42118,-0.774345,6.85113e-05,-0.000863714,-0.00097179,0.00165849,0.000282781,-0.000140881,-0.000992413,
0.19,0,0,0,0,0,0,0,0,0,0,0,0,0,0,0,0,-0.0620979,0.998048,-0.00503283,0,0.998006,0.062041,-0.0107821,0,-0.010449,-0.00569245,-0.999929,0,0.559114,0.0101314,0.16778,1,0.200663,-35.542,1.68354,20.2784,0.624754,2.69423,-0.0501561,-0.675644,-108.563,69.4941,-1.84101,-0.309314,18.5353,52.3644,-0.153307,0.264236,0.173982,-2.17277,-0.076989,2.42118,-0.774343,0.000589346,0.0022454,-0.000137438,-0.000292258,0.000215653,-0.000444876,-0.000398666,
0.193,0,0,0,0,0,0,0,0,0,0,0,0,0,0,0,0,-0.0621051,0.998047,-0.0050321,0,0.998005,0.0620481,-0.010788,0,-0.0104549,-0.00569217,-0.999929,0,0.559113,0.0101362,0.167778,1,0.16099,-35.542,1.64784,20.2784,0.631163,2.69423,-0.0693822,-143.799,-62.1691,36.6323,-27.5621,5.49345,11.3556,-63.792,-0.153301,0.264238,0.173985,-2.17277,-0.0769897,2.42118,-0.774341,0.000984066,0.00461059,2.80866e-05,6.20696e-06,-0.000173462,-0.000112977,0.000725188,
0.196,0,0,0,0,0,0,0,0,0,0,0,0,0,0,0,0,-0.0621175,0.998047,-0.00503252,0,0.998004,0.0620605,-0.0107849,0,-0.0104517,-0.00569252,-0.999929,0,0.559113,0.0101379,0.16778,1,0.16099,-35.4666,1.64784,20.3141,0.637572,2.6805,-0.0171971,-36.9339,153.861,16.4995,76.4547,8.56429,-4.16132,36.2541,-0.153301,0.264234,0.173988,-2.17277,-0.0769904,2.42118,-0.77435,0.000809319,0.00110395,-0.000504316,-9.09629e-05,-0.000341501,0.000192581,-0.00178381,
0.199,0,0,0,0,0,0,0,0,0,0,0,0,0,0,0,0,-0.0621188,0.998046,-0.00503175,0,0.998004,0.0620617,-0.0107872,0,-0.010454,-0.00569191,-0.999929,0,0.559112,0.0101411,0.167777,1,0.236368,-35.5023,1.57246,20.3141,0.631163,2.6869,-0.0501561,206.95,5.55058,-98.0745,93.4359,-23.9215,-19.5347,19.0682,-0.153303,0.264239,0.173995,-2.17277,-0.0769939,2.42118,-0.774343,-0.00152252,0.000474283,0.000913875,-0.00039816,0.000230363,-0.000180298,0.000612263,
0.202,0,0,0,0,0,0,0,0,0,0,0,0,0,0,0,0,-0.0621241,0.998046,-0.00502849,0,0.998004,0.0620671,-0.0107961,0,-0.0104631,-0.00568926,-0.999929,0,0.55911,0.0101451,0.167774,1,0.16099,-35.542,1.57246,20.3855,0.637572,2.6869,-0.0364232,72.4816,-89.6031,11.8669,196.94,-8.00185,2.99286,-11.7483,-0.153298,0.264242,0.173996,-2.17278,-0.0769905,2.42118,-0.774345,0.00318197,0.00113934,0.000941536,-0.00188121,7.5791e-05,6.86007e-06,-0.000402897,
0.205,0,0,0,0,0,0,0,0,0,0,0,0,0,0,0,0,-0.0621277,0.998046,-0.00502833,0,0.998004,0.0620707,-0.0107915,0,-0.0104585,-0.00568885,-0.999929,0,0.559112,0.0101467,0.167776,1,0.16099,-35.542,1.60816,20.2784,0.637572,2.6869,-0.0565648,78.074,13.3079,10.9417,-82.6716,4.08787,-0.949061,14.8918,-0.153295,0.264243,0.173997,-2.17277,-0.0769904,2.42118,-0.774346,0.0011501,0.00302799,-0.000556025,0.000556228,-3.02898e-05,-0.000280538,7.26313e-05,
0.208,0,0,0,0,0,0,0,0,0,0,0,0,0,0,0,0,-0.062129,0.998046,-0.00502779,0,0.998004,0.062072,-0.0107902,0,-0.0104573,-0.00568825,-0.999929,0,0.559112,0.01015,0.167776,1,0.125284,-35.542,1.57246,20.2784,0.637572,2.6805,-0.0767064,50.3629,-10.413,-60.645,-42.9241,-7.78629,-5.86798,4.04907,-0.153292,0.264243,0.174,-2.17277,-0.0769904,2.42118,-0.774341,0.00059933,0.00151438,0.000206553,0.000164808,0.000202011,-6.80518e-05,0.000443433,
0.211,0,0,0,0,0,0,0,0,0,0,0,0,0,0,0,0,-0.0621455,0.998045,-0.00502533,0,0.998003,0.0620885,-0.0108007,0,-0.0104678,-0.00568662,-0.999929,0,0.559109,0.0101557,0.167772,1,0.049906,-35.6173,1.57246,20.3141,0.631163,2.70064,-0.0300145,-122.592,-209.393,10.1548,-4.37382,-22.5555,4.07099,-18.8507,-0.153284,0.264249,0.174002,-2.17277,-0.0769897,2.42118,-0.774349,0.00191794,0.00254805,-0.000217166,-4.39699e-05,0.000191721,-0.000574001,-0.000803003,
0.214,0,0,0,0,0,0,0,0,0,0,0,0,0,0,0,0,-0.062152,0.998044,-0.00502834,0,0.998002,0.062095,-0.0107953,0,-0.0104622,-0.00568935,-0.999929,0,0.55911,0.0101586,0.167774,1,0.049906,-35.542,1.57246,20.3141,0.637572,2.6805,-0.0629735,-85.6954,-56.9073,26.1781,20.9646,14.3805,-6.70109,4.09591,-0.15328,0.264246,0.174004,-2.17277,-0.0769939,2.42118,-0.774346,0.000804007,0.000541675,0.00216488,-1.30281e-05,-0.000101433,0.000406369,0.00077178,
0.217,0,0,0,0,0,0,0,0,0,0,0,0,0,0,0,0,-0.0621495,0.998045,-0.0050241,0,0.998002,0.0620925,-0.0107925,0,-0.0104596,-0.00568492,-0.999929,0,0.559111,0.010162,0.167774,1,0.0895788,-35.542,1.46137,20.2784,0.637572,2.69423,-0.0693822,54.8047,-11.6729,-152.083,-82.0234,-2.36165,9.54372,-68.1542,-0.153283,0.264246,0.174011,-2.17277,-0.0769905,2.42118,-0.774341,-0.000285519,-9.47941e-05,0.0032531,-0.00397811,-0.000188294,-0.000335474,0.000571523,
0.22,0,0,0,0,0,0,0,0,0,0,0,0,0,0,0,0,-0.062158,0.998044,-0.00502681,0,0.998002,0.062101,-0.0108031,0,-0.01047,-0.00568838,-0.999929,0,0.559108,0.0101613,0.16777,1,0.0895788,-35.5777,1.53675,20.3498,0.637572,2.6869,-0.0171971,11.0094,-62.7189,-0.202195,9.45983,1.68732,-15.4104,69.8773,-0.15328,0.26425,0.174008,-2.17278,-0.076995,2.42118,-0.774347,-0.000388688,0.000352873,0.000303238,-0.00344145,-0.00013491,5.50719e-05,-0.00203848,
0.223,0,0,0,0,0,0,0,0,0,0,0,0,0,0,0,0,-0.0621547,0.998044,-0.00502573,0,0.998002,0.0620977,-0.0107962,0,-0.0104632,-0.00568684,-0.999929,0,0.559111,0.0101648,0.167773,1,0.0895788,-35.542,1.53675,20.2784,0.637572,2.6869,-0.0895238,24.5909,49.4078,29.1189,-141.992,5.03623,-6.29318,-34.6173,-0.153278,0.264249,0.174011,-2.17277,-0.0769938,2.42118,-0.774339,0.00318798,-0.000334718,0.00196176,-6.31439e-05,-3.99734e-05,-6.2802e-05,0.00132125,
0.226,0,0,0,0,0,0,0,0,0,0,0,0,0,0,0,0,-0.0621616,0.998044,-0.00502322,0,0.998002,0.0621046,-0.0108011,0,-0.0104682,-0.0056847,-0.999929,0,0.559109,0.0101674,0.167771,1,0.0895788,-35.542,1.49708,20.3498,0.637572,2.6869,-0.0895238,43.3398,61.8822,-46.358,131.707,6.36091,-13.5593,-66.0514,-0.153277,0.264249,0.174015,-2.17277,-0.0769916,2.42118,-0.774343,0.000821173,-0.000283044,0.00189666,-0.00105215,-0.00014371,0.000211216,0.00137106,
0.229,0,0,0,0,0,0,0,0,0,0,0,0,0,0,0,0,-0.0621678,0.998043,-0.00502283,0,0.998001,0.0621107,-0.0108078,0,-0.0104749,-0.0056848,-0.999929,0,0.559107,0.0101704,0.167768,1,0.0895788,-35.542,1.46137,20.3855,0.643065,2.70064,-0.0767064,137.695,10.2485,-82.4332,124.891,3.28283,12.0223,11.3892,-0.153277,0.264252,0.17402,-2.17278,-0.0769942,2.42118,-0.774342,-0.000385222,-0.000361539,0.00173639,-0.00193386,-0.000298778,-0.000333016,0.000526803,
0.232,0,0,0,0,0,0,0,0,0,0,0,0,0,0,0,0,-0.062165,0.998044,-0.00502345,0,0.998001,0.0621079,-0.0108068,0,-0.0104738,-0.00568532,-0.999929,0,0.559108,0.0101688,0.167768,1,0.0895788,-35.5777,1.53675,20.3498,0.637572,2.69423,-0.0629735,122.52,44.9821,85.1848,54.2095,22.2937,5.73889,-43.0846,-0.153274,0.264254,0.174015,-2.17277,-0.0769937,2.42118,-0.774342,-0.000632091,0.000449998,-0.000728644,5.78576e-05,-0.00012997,-8.36009e-05,0.000314329,
0.235,0,0,0,0,0,0,0,0,0,0,0,0,0,0,0,0,-0.0621809,0.998043,-0.00501847,0,0.998,0.0621239,-0.0108083,0,-0.0104756,-0.00568061,-0.999929,0,0.559107,0.0101765,0.167768,1,0.049906,-35.6173,1.46137,20.3498,0.624754,2.70064,-0.0428319,35.3958,-35.9621,-43.6023,89.243,-23.4584,11.2655,30.4341,-0.153271,0.264255,0.174024,-2.17277,-0.0769902,2.42118,-0.774348,0.000460838,0.00124709,0.00261221,9.22764e-06,0.000481419,-6.99819e-05,-0.000735738,
0.238,0,0,0,0,0,0,0,0,0,0,0,0,0,0,0,0,-0.0621801,0.998043,-0.00501654,0,0.998,0.0621231,-0.0108149,0,-0.0104823,-0.00567909,-0.999929,0,0.559105,0.0101796,0.167764,1,0.049906,-35.653,1.46137,20.3498,0.631163,2.69423,-0.0895238,126.068,-148.739,-5.26853,62.3304,4.75735,-0.536209,-66.5991,-0.153268,0.26426,0.174026,-2.17278,-0.0769897,2.42118,-0.774342,0.000148967,0.00120478,0.00126219,-0.000186209,3.71499e-05,8.47575e-05,0.00193707,
0.241,0,0,0,0,0,0,0,0,0,0,0,0,0,0,0,0,-0.062196,0.998042,-0.0050184,0,0.997999,0.062139,-0.0108208,0,-0.010488,-0.00568148,-0.999929,0,0.559103,0.0101841,0.167762,1,-0.0215052,-35.6173,1.46137,20.3855,0.631163,2.70796,-0.0300145,-41.0647,34.7406,-59.4133,12.3892,-7.48243,23.7637,58.7817,-0.153263,0.26426,0.174029,-2.17278,-0.0769943,2.42117,-0.774347,0.001163,0.000109523,0.000501641,-0.00415781,1.10074e-05,-0.000374253,-0.00143795,
0.243,0,0,0,0,0,0,0,0,0,0,0,0,0,0,0,0,-0.0621939,0.998042,-0.00501561,0,0.997999,0.0621369,-0.0108185,0,-0.0104859,-0.00567854,-0.999929,0,0.559103,0.010189,0.167764,1,-0.061178,-35.5777,1.46137,20.3855,0.619261,2.69423,-0.0831151,-141.951,34.3453,26.075,31.6417,-24.2845,-6.47285,-79.9231,-0.153257,0.264258,0.174032,-2.17278,-0.0769899,2.42117,-0.77434,0.00172539,-0.000879334,0.000273581,-0.00223404,0.000445702,-0.0090148,0.00116936,
0.246,0,0,0,0,0,0,0,0,0,0,0,0,0,0,0,0,-0.062201,0.998041,-0.00501593,0,0.997999,0.0621439,-0.0108286,0,-0.0104959,-0.00567955,-0.999929,0,0.5591,0.0101862,0.167759,1,0.0895788,-35.653,1.46137,20.4251,0.631163,2.71437,-0.00346424,122.278,-136.787,7.81176,165.114,5.04876,23.2247,64.441,-0.153265,0.264263,0.174035,-2.17279,-0.076994,2.42117,-0.774348,-0.00280778,0.000523123,-9.48716e-05,-0.00161477,-0.000116602,-0.00451297,-0.00259602,
0.249,0,0,0,0,0,0,0,0,0,0,0,0,0,0,0,0,-0.0622044,0.998041,-0.00501229,0,0.997999,0.0621474,-0.0108227,0,-0.0104902,-0.00567559,-0.999929,0,0.559103,0.0101947,0.16776,1,-0.061178,-35.653,1.46137,20.3141,0.631163,2.70796,-0.103257,-44.7773,-22.4038,-9.01512,-173.208,5.35382,8.30587,-98.0459,-0.153253,0.264266,0.174038,-2.17278,-0.0769898,2.42117,-0.774341,0.00104525,0.00113458,-0.000530896,0.00132137,-3.45487e-05,-0.00172741,0.00238429,
0.252,0,0,0,0,0,0,0,0,0,0,0,0,0,0,0,0,-0.062226,0.99804,-0.00501189,0,0.997997,0.062169,-0.0108248,0,-0.0104922,-0.00567554,-0.999929,0,0.559101,0.0101999,0.16776,1,-0.061178,-35.6173,1.4217,20.3855,0.619261,2.70064,-0.00987293,-55.1354,49.9229,57.8631,55.1581,-14.0278,-12.0084,66.9116,-0.15325,0.264264,0.174044,-2.17278,-0.0769916,2.42118,-0.774352,0.000825493,-3.50356e-05,0.000260542,-0.00039202,0.000430573,-0.000396944,-0.00197984,
0.255,0,0,0,0,0,0,0,0,0,0,0,0,0,0,0,0,-0.0622259,0.99804,-0.00500863,0,0.997997,0.0621688,-0.0108334,0,-0.010501,-0.00567283,-0.999929,0,0.5591,0.0102034,0.167755,1,-0.061178,-35.6927,1.4217,20.3855,0.631163,2.70796,-0.0428319,-27.5354,-52.507,1.65755,-21.422,9.97133,6.77287,58.4307,-0.153248,0.264271,0.174047,-2.17278,-0.0769902,2.42117,-0.774347,-0.000147147,0.000701101,7.94723e-05,7.2725e-05,-0.000162528,-0.000386686,-0.000955845,
0.258,0,0,0,0,0,0,0,0,0,0,0,0,0,0,0,0,-0.0622237,0.99804,-0.00501068,0,0.997997,0.0621666,-0.0108408,0,-0.0105082,-0.00567531,-0.999929,0,0.559096,0.0102052,0.167753,1,-0.0215052,-35.653,1.4217,20.4609,0.631163,2.72902,-0.0959325,36.0226,48.6535,28.8395,-10.0515,4.34031,-0.123626,-69.1731,-0.153247,0.264269,0.174051,-2.17279,-0.0769943,2.42117,-0.774338,-0.000456013,-0.000514059,2.4507e-05,-0.00143967,-0.000180023,-0.000739541,0.002599,
0.261,0,0,0,0,0,0,0,0,0,0,0,0,0,0,0,0,-0.0622313,0.99804,-0.00500531,0,0.997997,0.0621742,-0.0108498,0,-0.0105175,-0.00567058,-0.999929,0,0.559094,0.0102056,0.167748,1,0.0142004,-35.7284,1.4217,20.4251,0.624754,2.72902,-0.00346424,167.964,66.6206,10.823,53.169,-15.4652,20.767,99.4847,-0.153249,0.264278,0.174052,-2.17279,-0.0769895,2.42117,-0.77435,-0.00176429,0.000909753,0.000317006,-0.00170782,6.94161e-06,-0.000155706,-0.00227792,
0.264,0,0,0,0,0,0,0,0,0,0,0,0,0,0,0,0,-0.0622321,0.99804,-0.00500317,0,0.997997,0.0621749,-0.0108597,0,-0.0105276,-0.00566908,-0.999929,0,0.559091,0.0102131,0.167744,1,-0.061178,-35.7284,1.386,20.4966,0.619261,2.73543,-0.103257,4.31833,-22.0499,22.1881,114.159,-35.0906,16.6381,-53.3084,-0.153241,0.26428,0.174057,-2.1728,-0.0769894,2.42117,-0.774337,0.00230039,0.000269557,0.000929316,-0.00175858,0.000205507,-0.000531245,0.0017401,
0.267,0,0,0,0,0,0,0,0,0,0,0,0,0,0,0,0,-0.0622452,0.998039,-0.00499954,0,0.997996,0.0621881,-0.0108722,0,-0.0105402,-0.00566637,-0.999928,0,0.559087,0.0102158,0.167738,1,-0.061178,-35.7681,1.386,20.4966,0.619261,2.73543,-0.0236058,-35.8622,-75.7194,35.1553,30.1955,-22.951,-5.87272,13.7565,-0.15324,0.264289,0.17406,-2.1728,-0.0769884,2.42117,-0.774347,0.000517349,0.00360643,0.000347604,-0.0026394,0.000305785,-0.000212947,-0.00112332,
0.27,0,0,0,0,0,0,0,0,0,0,0,0,0,0,0,0,-0.0622484,0.998039,-0.00499808,0,0.997995,0.0621913,-0.0108761,0,-0.0105441,-0.00566519,-0.999928,0,0.559086,0.0102209,0.167735,1,-0.061178,-35.8038,1.34632,20.4966,0.619261,2.72169,-0.0767064,-20.6625,-64.0915,-35.7958,-34.7024,-22.1699,-30.423,-2.66172,-0.153238,0.264292,0.174066,-2.17281,-0.0769898,2.42117,-0.774341,0.00055429,0.00281042,0.00306186,-0.00444583,0.000388244,0.000504633,0.000243607,
