0.001,0,0,0,0,0,0,0,0,0,0,0,0,0,0,0,0,-0.0654916,0.997539,0.0246563,0,0.995229,0.0670876,-0.0707062,0,-0.0721877,0.0199084,-0.997192,0,0.464399,0.00103149,0.0454943,1,1.01792,-31.9397,2.95704,14.2481,0.196288,2.42415,-0.228684,23.7748,10.6917,26.0956,-10.951,-3.12769,-18.8572,-60.3472,-0.214346,0.373263,0.187513,-2.44643,-0.129552,2.73761,-0.767737,0.000762007,-6.30919e-05,0.000828778,-0.000494613,0.000173072,0.000487259,0.00280841,
0.004,0,0,0,0,0,0,0,0,0,0,0,0,0,0,0,0,-0.0654961,0.997539,0.0246563,0,0.995229,0.0670921,-0.0707051,0,-0.0721867,0.0199081,-0.997192,0,0.4644,0.00102899,0.0454949,1,1.05363,-31.9397,2.99671,14.2084,0.196288,2.43788,-0.136216,70.8634,39.5098,-72.0551,-51.3355,7.476,2.21311,55.2075,-0.214349,0.373263,0.18751,-2.44642,-0.129551,2.73761,-0.767747,-0.000609251,-1.86939e-05,-0.000476274,0.000265904,6.06944e-06,-0.000160803,-0.00183157,
0.007,0,0,0,0,0,0,0,0,0,0,0,0,0,0,0,0,-0.0654947,0.997539,0.0246536,0,0.995229,0.0670904,-0.0707016,0,-0.072183,0.0199058,-0.997193,0,0.464401,0.00102876,0.0454964,1,0.982218,-31.9,3.03242,14.2084,0.202696,2.43788,-0.169175,-101.869,111.952,3.7433,-72.0604,6.34863,-6.44241,-3.38891,-0.214346,0.37326,0.187508,-2.44642,-0.129553,2.73761,-0.767743,0.00179934,-0.000727332,-0.000976355,0.000285014,-7.73213e-05,0.000103059,-0.000154625,
0.008,0,0,0,0,0,0,0,0,0,0,0,0,0,0,0,0,-0.0654908,0.997539,0.0246552,0,0.995229,0.0670867,-0.070706,0,-0.0721874,0.0199074,-0.997192,0,0.464399,0.00102509,0.0454942,1,1.0933,-31.9397,3.03242,14.2481,0.184386,2.42415,-0.142624,110.615,-29.4805,103.39,52.2298,-28.2777,-39.2888,24.4332,-0.214352,0.373263,0.187506,-2.44642,-0.129551,2.73761,-0.76775,-0.00139888,0.000443132,-0.000650908,-0.00073801,0.000626621,0.000577332,-0.00108643,
0.014,0,0,0,0,0,0,0,0,0,0,0,0,0,0,0,0,-0.0654986,0.997538,0.0246581,0,0.995228,0.0670948,-0.0707068,0,-0.0721886,0.0199096,-0.997192,0,0.4644,0.00103032,0.0454939,1,1.05363,-31.9754,2.95704,14.2084,0.209105,2.43788,-0.136216,-6.01846,-176.865,-74.9428,-19.6263,23.4297,0.29277,42.331,-0.214349,0.373266,0.187513,-2.44642,-0.12955,2.73761,-0.767748,-0.000668529,0.000874121,0.0011065,7.1166e-05,-0.00040938,3.50563e-05,-0.00165503,
0.017,0,0,0,0,0,0,0,0,0,0,0,0,0,0,0,0,-0.065495,0.997539,0.0246551,0,0.995229,0.067091,-0.0707082,0,-0.0721897,0.0199068,-0.997192,0,0.464398,0.00102774,0.0454939,1,1.01792,-31.9397,3.03242,14.2481,0.209105,2.43788,-0.142624,-52.8321,11.3932,60.3974,8.07201,12.9411,9.69098,54.5242,-0.214349,0.373263,0.187508,-2.44643,-0.129553,2.73761,-0.767746,-0.00478736,0.000197131,-0.00171379,-0.000391367,-0.000279537,7.06687e-05,-0.000716434,
0.02,0,0,0,0,0,0,0,0,0,0,0,0,0,0,0,0,-0.0654904,0.997539,0.0246552,0,0.995229,0.0670864,-0.0707078,0,-0.0721892,0.0199072,-0.997192,0,0.464399,0.00102824,0.0454936,1,1.05363,-31.9754,3.03242,14.2084,0.202696,2.43147,-0.189316,175.889,-21.2485,74.9773,-101.867,-4.40864,-13.0705,-47.675,-0.214348,0.373265,0.187508,-2.44642,-0.129553,2.73761,-0.767741,-0.00312007,0.00101736,-0.000899621,0.000420229,-0.000177016,0.000258298,0.000755997,
0.023,0,0,0,0,0,0,0,0,0,0,0,0,0,0,0,0,-0.0654917,0.997539,0.0246546,0,0.995229,0.0670875,-0.0707023,0,-0.0721837,0.0199069,-0.997193,0,0.4644,0.00102896,0.0454964,1,1.05363,-31.9,2.99671,14.2481,0.196288,2.43147,-0.189316,208.994,-48.6529,22.947,75.1101,-14.2107,-7.17172,1.81667,-0.214349,0.373258,0.187511,-2.44642,-0.129552,2.73761,-0.767741,-0.00240987,-0.00079156,-0.000101573,-0.000287941,0.000237656,-9.30094e-05,0.000529175,
0.026,0,0,0,0,0,0,0,0,0,0,0,0,0,0,0,0,-0.0655055,0.997538,0.0246561,0,0.995228,0.0671014,-0.0707037,0,-0.0721855,0.0199074,-0.997193,0,0.464401,0.0010314,0.0454952,1,0.982218,-31.9397,2.99671,14.1727,0.196288,2.43788,-0.136216,-76.7507,-71.2414,90.6819,-98.7267,-14.1599,-9.74014,60.3079,-0.214344,0.373263,0.187511,-2.44642,-0.129552,2.73761,-0.76775,0.000573349,0.000384144,-3.00959e-05,0.00167792,2.59982e-06,0.000247477,-0.00137285,
0.029,0,0,0,0,0,0,0,0,0,0,0,0,0,0,0,0,-0.0654894,0.997539,0.0246539,0,0.995229,0.0670851,-0.0707015,0,-0.0721828,0.0199065,-0.997193,0,0.464401,0.00102877,0.0454963,1,1.01792,-31.9,3.03242,14.2084,0.202696,2.43147,-0.208542,87.8604,-14.3642,136.537,-4.20551,-0.141214,-6.88415,-8.47882,-0.214346,0.37326,0.187508,-2.44642,-0.129552,2.73761,-0.767739,-0.000523881,-0.000298633,0.00382007,0.00024969,-0.000157469,0.00049153,0.00129618,
0.032,0,0,0,0,0,0,0,0,0,0,0,0,0,0,0,0,-0.0654987,0.997538,0.0246563,0,0.995229,0.0670945,-0.0706979,0,-0.0721796,0.0199084,-0.997193,0,0.464402,0.00103168,0.0454978,1,1.05363,-31.8643,2.95704,14.2084,0.196288,2.43147,-0.149033,152.039,135.16,-52.0589,49.847,0.798452,-4.6858,11.8773,-0.214346,0.373257,0.187513,-2.44642,-0.129549,2.73761,-0.767746,-0.00100907,-0.00123304,0.00304272,-0.000390028,4.3765e-05,0.000145639,-0.00139425,
0.035,0,0,0,0,0,0,0,0,0,0,0,0,0,0,0,0,-0.0654921,0.997539,0.0246559,0,0.995229,0.0670881,-0.0707073,0,-0.0721888,0.0199079,-0.997192,0,0.4644,0.00103056,0.0454941,1,1.05363,-31.9754,2.99671,14.2084,0.196288,2.4452,-0.208542,222.558,-130.385,-27.5534,11.649,6.06157,12.7863,-9.71435,-0.214346,0.373265,0.18751,-2.44642,-0.129552,2.73761,-0.767739,-0.00144109,0.0019547,0.000540895,-0.000672376,0.00019758,-0.000295932,0.000638049,
0.038,0,0,0,0,0,0,0,0,0,0,0,0,0,0,0,0,-0.065497,0.997538,0.0246572,0,0.995228,0.0670931,-0.0707093,0,-0.072191,0.0199087,-0.997192,0,0.464399,0.00103065,0.0454932,1,1.01792,-31.9754,3.03242,14.2084,0.196288,2.43788,-0.149033,18.4413,-50.7365,118.874,23.8196,-7.0488,5.86106,45.36,-0.214343,0.373266,0.187508,-2.44642,-0.129549,2.73761,-0.767747,0.000126508,0.00155875,0.00453716,-0.000199222,0.000111289,1.40417e-05,-0.00169475,
0.041,0,0,0,0,0,0,0,0,0,0,0,0,0,0,0,0,-0.0654956,0.997538,0.0246582,0,0.995228,0.0670919,-0.0707117,0,-0.0721934,0.0199096,-0.997192,0,0.464397,0.00103244,0.0454926,1,1.05363,-31.9754,2.95704,14.2481,0.184386,2.43788,-0.222275,110.926,-164.252,-14.4416,126.951,-20.6201,9.45033,-46.4813,-0.214346,0.373266,0.187513,-2.44643,-0.129551,2.73761,-0.767741,-0.000799132,0.0012352,0.0029145,-0.000987049,0.000308009,-0.000127706,0.00181869,
0.044,0,0,0,0,0,0,0,0,0,0,0,0,0,0,0,0,-0.0655012,0.997538,0.0246555,0,0.995229,0.067097,-0.0707012,0,-0.0721829,0.0199073,-0.997193,0,0.464402,0.00103041,0.045496,1,1.05363,-31.9397,2.95704,14.1727,0.196288,2.43788,-0.129807,110.799,-87.0687,-28.8457,-57.5287,-2.36507,-21.3013,45.4052,-0.214346,0.373262,0.187511,-2.44642,-0.129552,2.73761,-0.767748,-0.000979786,0.00078875,0.00140158,0.000769608,-0.00017247,5.25838e-05,-0.00206077,
0.047,0,0,0,0,0,0,0,0,0,0,0,0,0,0,0,0,-0.065491,0.997539,0.0246563,0,0.995229,0.067087,-0.0707048,0,-0.0721863,0.0199085,-0.997192,0,0.4644,0.00103054,0.0454952,1,1.05363,-31.9397,2.99671,14.2481,0.196288,2.43147,-0.195725,114.831,-30.93,-22.0297,49.2837,-0.665171,-16.6775,1.37934,-0.214346,0.373261,0.187511,-2.44642,-0.129549,2.73761,-0.76774,-0.00094017,0.00043993,-0.00593465,-0.000761856,5.43906e-05,0.000313221,0.00110366,
0.05,0,0,0,0,0,0,0,0,0,0,0,0,0,0,0,0,-0.0655077,0.997538,0.0246545,0,0.995228,0.0671034,-0.0706986,0,-0.0721804,0.0199059,-0.997193,0,0.464402,0.0010326,0.0454974,1,0.982218,-31.8643,2.99671,14.2084,0.202696,2.43147,-0.122483,-144.423,134.499,75.2656,56.3675,16.0472,-0.138926,85.1689,-0.214341,0.373258,0.187511,-2.44642,-0.129553,2.73761,-0.767749,0.00111336,-0.00163289,-0.00295223,-9.16877e-05,-0.000221243,3.25246e-05,-0.00203151,
0.053,0,0,0,0,0,0,0,0,0,0,0,0,0,0,0,0,-0.0654882,0.997539,0.0246541,0,0.995229,0.067084,-0.0707051,0,-0.0721864,0.0199065,-0.997192,0,0.4644,0.00102904,0.0454954,1,1.01792,-31.9,3.03242,14.2481,0.202696,2.43788,-0.222275,-22.4915,-15.968,130.935,135.271,-6.82962,-11.8894,-61.6935,-0.214346,0.373261,0.187508,-2.44642,-0.129552,2.73761,-0.767737,-4.13692e-05,-0.000318837,-0.00220232,-0.000254016,-0.0001183,8.4989e-05,0.00188846,
0.056,0,0,0,0,0,0,0,0,0,0,0,0,0,0,0,0,-0.0655046,0.997538,0.0246543,0,0.995228,0.0671004,-0.0707044,0,-0.072186,0.0199056,-0.997193,0,0.4644,0.00103238,0.0454955,1,0.942545,-31.9,3.03242,14.2481,0.196288,2.43147,-0.155442,-179.774,87.5244,49.8504,186.673,14.8129,1.74835,-3.33542,-0.214338,0.37326,0.187507,-2.44642,-0.129552,2.73761,-0.767746,0.00175096,-0.000888443,-0.00105166,-0.00683579,0.000123187,-0.00510566,-0.00114718,
0.059,0,0,0,0,0,0,0,0,0,0,0,0,0,0,0,0,-0.0654993,0.997538,0.024656,0,0.995229,0.0670952,-0.0707029,0,-0.0721845,0.0199077,-0.997193,0,0.464401,0.00103423,0.0454958,1,0.942545,-31.9397,2.95704,14.2084,0.190794,2.43788,-0.208542,-107.87,82.2798,-53.4067,59.5845,-3.35748,0.56521,-18.9731,-0.21434,0.373261,0.187513,-2.44642,-0.129551,2.73761,-0.767739,0.00196238,7.70316e-05,7.05477e-05,-0.00313961,0.000194739,0.00328275,0.000775305,
0.062,0,0,0,0,0,0,0,0,0,0,0,0,0,0,0,0,-0.0655018,0.997538,0.0246574,0,0.995228,0.0670978,-0.0707043,0,-0.0721861,0.0199088,-0.997192,0,0.4644,0.00103319,0.0454951,1,1.01792,-31.9397,2.95704,14.2084,0.190794,2.43788,-0.155442,-102.063,37.0049,-92.7612,15.4643,-19.5066,32.2551,47.3129,-0.214343,0.373263,0.187513,-2.44642,-0.12955,2.73761,-0.767745,0.00419753,2.28242e-05,0.000123155,-0.000869274,0.000125517,0.00108605,-0.000761159,
0.064,0,0,0,0,0,0,0,0,0,0,0,0,0,0,0,0,-0.0655049,0.997538,0.0246588,0,0.995228,0.0671011,-0.0707069,0,-0.0721888,0.0199098,-0.997192,0,0.464399,0.00103432,0.0454944,1,1.01792,-31.9397,2.92134,14.2481,0.202696,2.43788,-0.136216,-5.15547,-83.3029,-117.435,87.4047,19.2576,2.19138,69.7569,-0.214343,0.373263,0.187515,-2.44642,-0.12955,2.73761,-0.767747,0.00239594,-0.000268262,0.00119077,-0.00775171,-0.000317207,0.000560607,-0.00170593,
0.067,0,0,0,0,0,0,0,0,0,0,0,0,0,0,0,0,-0.0654957,0.997539,0.0246565,0,0.995229,0.0670916,-0.0707042,0,-0.0721858,0.0199084,-0.997192,0,0.4644,0.00103262,0.0454949,1,1.01792,-31.9397,2.95704,14.2481,0.190794,2.41774,-0.208542,-44.4703,-55.7179,-9.47744,88.4856,-3.38864,-18.6837,-58.9615,-0.214344,0.373262,0.187513,-2.44642,-0.129551,2.73761,-0.767739,0.00130566,-0.000543495,0.000285855,-0.00347657,0.000101928,0.000836511,0.00113721,
0.07,0,0,0,0,0,0,0,0,0,0,0,0,0,0,0,0,-0.065499,0.997538,0.0246562,0,0.995229,0.0670949,-0.070699,0,-0.0721807,0.0199082,-0.997193,0,0.464403,0.00103428,0.0454971,1,1.01792,-31.9397,2.92134,14.1727,0.196288,2.43788,-0.215867,-25.3173,-5.3349,-105.205,-122.525,-0.928201,-1.96998,-38.0631,-0.214343,0.373261,0.187516,-2.44642,-0.129552,2.73761,-0.767738,0.000922883,-0.000233215,0.00171174,0.000252506,-6.02216e-05,-0.000236201,0.00153128,
0.073,0,0,0,0,0,0,0,0,0,0,0,0,0,0,0,0,-0.065508,0.997538,0.0246552,0,0.995229,0.0671036,-0.0706959,0,-0.0721777,0.0199068,-0.997193,0,0.464404,0.00103366,0.0454978,1,0.982218,-31.9,2.95704,14.137,0.202696,2.43147,-0.136216,-23.5073,190.823,17.6984,-74.7225,9.69154,-9.97773,35.3517,-0.214341,0.373261,0.187513,-2.44642,-0.129553,2.73761,-0.767747,0.00144355,-0.00118272,0.000836237,0.00103352,-0.000202456,0.00013135,-0.00222128,
0.076,0,0,0,0,0,0,0,0,0,0,0,0,0,0,0,0,-0.065494,0.997539,0.0246591,0,0.995228,0.0670903,-0.0707106,0,-0.0721924,0.0199107,-0.997192,0,0.464397,0.00103344,0.045493,1,1.01792,-31.9754,2.95704,14.2838,0.190794,2.43147,-0.195725,-94.4405,-53.3775,-107.05,155.899,-12.7122,4.0491,12.813,-0.214343,0.373265,0.187513,-2.44643,-0.129547,2.73761,-0.76774,0.00510572,-8.23423e-05,0.000556731,-0.00195544,0.000203745,0.00017784,0.000404305,
0.079,0,0,0,0,0,0,0,0,0,0,0,0,0,0,0,0,-0.0655063,0.997538,0.0246581,0,0.995228,0.0671024,-0.0707103,0,-0.0721922,0.0199088,-0.997192,0,0.464398,0.00103499,0.0454931,1,0.982218,-31.9754,2.95704,14.2481,0.190794,2.4452,-0.162766,-23.3642,24.0819,-62.0236,26.715,-17.7894,5.07023,-5.49788,-0.21434,0.373266,0.187513,-2.44642,-0.129551,2.73761,-0.767745,0.00763294,-0.000230624,0.000164796,-0.00121533,0.00010558,-0.000230668,-0.000656332,
0.082,0,0,0,0,0,0,0,0,0,0,0,0,0,0,0,0,-0.065494,0.997539,0.0246574,0,0.995229,0.0670901,-0.0707061,0,-0.0721877,0.0199093,-0.997192,0,0.464401,0.00103203,0.0454942,1,0.982218,-32.015,2.99671,14.1727,0.196288,2.43147,-0.189316,-63.5633,35.9942,16.7876,-28.1606,-10.4332,11.3252,-4.91353,-0.214343,0.373267,0.187511,-2.44642,-0.129549,2.73761,-0.767741,0.00348775,0.0013237,-0.00056992,0.00139151,-2.14634e-05,0.000351113,0.00103754,
0.084,0,0,0,0,0,0,0,0,0,0,0,0,0,0,0,0,-0.0654966,0.997538,0.0246568,0,0.995228,0.0670928,-0.0707161,0,-0.0721977,0.0199078,-0.997192,0,0.464396,0.00103043,0.0454913,1,1.01792,-32.015,3.03242,14.2838,0.196288,2.45253,-0.162766,96.1855,88.1742,122.401,121.596,10.1182,12.8874,54.1153,-0.214344,0.373268,0.187508,-2.44643,-0.129552,2.73761,-0.767744,0.00133237,0.00089765,-0.00139788,-0.00226303,-9.5393e-06,-0.000544226,-0.000929118,
0.088,0,0,0,0,0,0,0,0,0,0,0,0,0,0,0,0,-0.0655065,0.997538,0.0246581,0,0.995228,0.0671026,-0.0707033,0,-0.0721853,0.0199093,-0.997193,0,0.464401,0.00103614,0.0454948,1,0.982218,-31.9754,2.92134,14.1727,0.202696,2.43147,-0.202134,-2.2442,86.3258,-165.364,-104.816,15.6257,-8.62239,0.488882,-0.21434,0.373266,0.187516,-2.44642,-0.129552,2.73761,-0.767743,0.00119765,-0.00054448,0.00165208,0.0018876,-0.000284454,0.000238144,0.00123937,
0.091,0,0,0,0,0,0,0,0,0,0,0,0,0,0,0,0,-0.0655086,0.997538,0.0246591,0,0.995227,0.067105,-0.070716,0,-0.072198,0.0199092,-0.997192,0,0.464396,0.00103486,0.0454904,1,0.982218,-32.0904,2.95704,14.2481,0.202696,2.4452,-0.136216,-41.5168,-215.522,-136.216,-0.66758,9.59506,-10.4117,28.5361,-0.21434,0.373272,0.187512,-2.44642,-0.129553,2.73761,-0.767747,0.000419052,0.00222059,0.000819462,-0.000926415,-0.000283966,-4.6965e-06,-0.00148267,
0.094,0,0,0,0,0,0,0,0,0,0,0,0,0,0,0,0,-0.0655049,0.997538,0.0246566,0,0.995228,0.0671009,-0.0707037,0,-0.0721854,0.0199079,-0.997193,0,0.464401,0.00103604,0.0454951,1,0.942545,-31.9397,2.95704,14.2084,0.196288,2.43147,-0.222275,-76.3211,142.028,-69.8874,-49.9901,-8.53996,-2.83697,-34.0542,-0.214337,0.373263,0.187513,-2.44642,-0.129552,2.73761,-0.767741,0.000563698,-0.00137338,0.000758368,0.000653158,0.000205967,0.00573253,0.00163664,
0.097,0,0,0,0,0,0,0,0,0,0,0,0,0,0,0,0,-0.0655058,0.997538,0.0246591,0,0.995228,0.067102,-0.0707084,0,-0.0721904,0.01991,-0.997192,0,0.464398,0.00103601,0.0454941,1,0.982218,-31.9397,2.92134,14.2481,0.196288,2.4452,-0.155442,-23.5964,123.496,-49.5053,55.4398,-4.25907,3.23672,-3.2468,-0.21434,0.373263,0.187516,-2.44643,-0.129549,2.73761,-0.767745,-0.000543347,-0.00118028,0.00126615,-0.000920251,0.000140147,0.00199689,-0.00128208,
0.1,0,0,0,0,0,0,0,0,0,0,0,0,0,0,0,0,-0.0654954,0.997539,0.0246568,0,0.995228,0.0670915,-0.070711,0,-0.0721926,0.0199083,-0.997192,0,0.464398,0.00103219,0.0454929,1,1.05363,-31.9754,2.99671,14.2481,0.202696,2.4452,-0.202134,75.3424,-1.21054,0.310039,36.0704,18.3173,-9.85388,-12.6859,-0.214343,0.373266,0.187511,-2.44642,-0.129551,2.73761,-0.76774,-0.001641,-0.00018473,-0.000717847,-0.000582073,-0.000143087,0.00093677,0.00117615,
0.103,0,0,0,0,0,0,0,0,0,0,0,0,0,0,0,0,-0.0655081,0.997538,0.0246581,0,0.995227,0.0671043,-0.070711,0,-0.072193,0.0199087,-0.997192,0,0.464398,0.00103836,0.0454924,1,0.90684,-32.015,2.95704,14.2084,0.196288,2.4452,-0.202134,-102.884,-32.1429,5.7456,-82.7817,7.41539,26.8209,-54.2246,-0.214333,0.373269,0.187513,-2.44642,-0.129552,2.73761,-0.76774,0.00171212,0.000471143,0.000199758,0.000446186,0.000142216,0.000194268,0.000943769,
0.106,0,0,0,0,0,0,0,0,0,0,0,0,0,0,0,0,-0.0655118,0.997537,0.0246583,0,0.995227,0.067108,-0.07071,0,-0.072192,0.0199087,-0.997192,0,0.464398,0.00103612,0.0454937,1,1.01792,-31.9397,2.92134,14.2481,0.196288,2.43788,-0.129807,82.046,157.532,-103.01,106.307,2.82033,-11.0858,108.782,-0.21434,0.373263,0.187516,-2.44643,-0.129552,2.73761,-0.767748,-0.00111073,-0.00162364,0.00120375,-0.000981432,4.21381e-05,0.000439801,-0.00177748,
0.109,0,0,0,0,0,0,0,0,0,0,0,0,0,0,0,0,-0.0655178,0.997537,0.0246605,0,0.995227,0.0671141,-0.0707077,0,-0.07219,0.0199105,-0.997192,0,0.464399,0.00104024,0.0454939,1,0.982218,-31.9754,2.84596,14.2084,0.196288,2.4452,-0.142624,-43.6752,-7.48963,-294.508,-29.8717,0.359693,-2.10845,21.1429,-0.214337,0.373266,0.187521,-2.44642,-0.129552,2.73761,-0.767746,0.000320873,-3.76912e-05,0.00279014,0.00063722,-3.27259e-05,5.37393e-05,-0.00118222,
0.112,0,0,0,0,0,0,0,0,0,0,0,0,0,0,0,0,-0.0655125,0.997537,0.0246589,0,0.995227,0.0671086,-0.0707066,0,-0.0721887,0.0199094,-0.997192,0,0.464399,0.00103853,0.0454943,1,0.982218,-31.9397,2.92134,14.2481,0.196288,2.43147,-0.162766,121.654,63.1885,-113.819,108.458,-5.56681,-6.5662,41.6798,-0.214337,0.373263,0.187518,-2.44643,-0.129552,2.73761,-0.767744,0.000167406,-0.000763895,0.00694639,-0.000223649,0.000201289,0.000533571,-0.000282471,
0.115,0,0,0,0,0,0,0,0,0,0,0,0,0,0,0,0,-0.0655087,0.997538,0.0246578,0,0.995228,0.0671048,-0.0707077,0,-0.0721897,0.0199086,-0.997192,0,0.464399,0.00103738,0.0454943,1,0.982218,-31.9397,2.92134,14.2481,0.196288,2.4452,-0.195725,-80.9397,-24.8951,-79.7241,61.4132,-6.81869,16.986,-60.0136,-0.214337,0.373263,0.187516,-2.44642,-0.129552,2.73761,-0.767742,-0.000651504,-0.000504745,0.0033658,-0.000581834,0.000112388,-6.41549e-05,0.000895881,
0.118,0,0,0,0,0,0,0,0,0,0,0,0,0,0,0,0,-0.0655002,0.997538,0.0246572,0,0.995228,0.0670964,-0.0707099,0,-0.0721916,0.0199084,-0.997192,0,0.464398,0.00103449,0.045494,1,0.982218,-31.9397,2.99671,14.2481,0.190794,2.45894,-0.181992,-61.5689,96.5447,157.182,72.7754,-15.5384,22.3012,19.7883,-0.214337,0.373263,0.187511,-2.44642,-0.129548,2.73761,-0.767742,-0.000193011,-0.000149554,5.39429e-05,-0.00133758,0.000191539,-0.000465748,0.000442524,
0.121,0,0,0,0,0,0,0,0,0,0,0,0,0,0,0,0,-0.0655104,0.997538,0.0246583,0,0.995227,0.0671066,-0.0707087,0,-0.0721907,0.0199089,-0.997192,0,0.464397,0.00103735,0.0454942,1,0.942545,-31.9,2.95704,14.3195,0.190794,2.43147,-0.142624,-108.969,97.2455,-2.29434,141.916,-3.18467,-15.4588,16.8748,-0.214335,0.373261,0.187513,-2.44643,-0.129548,2.73761,-0.767747,0.00133485,-0.00125074,0.00057858,-0.00245859,0.000207456,0.000627501,-0.00109335,
0.124,0,0,0,0,0,0,0,0,0,0,0,0,0,0,0,0,-0.0654948,0.997539,0.024658,0,0.995229,0.0670909,-0.0707086,0,-0.0721903,0.0199097,-0.997192,0,0.464399,0.00103348,0.0454938,1,1.05363,-31.9754,2.99671,14.2084,0.209105,2.45253,-0.208542,155.292,-69.9336,8.36598,35.6395,9.32334,21.566,-7.79633,-0.214342,0.373266,0.187513,-2.44642,-0.129549,2.73761,-0.767739,0.0020208,0.000598676,0.00201058,0.000426399,-0.000292686,-0.000371393,0.00135639,
0.127,0,0,0,0,0,0,0,0,0,0,0,0,0,0,0,0,-0.0655055,0.997538,0.0246557,0,0.995228,0.0671014,-0.0707018,0,-0.0721836,0.0199071,-0.997193,0,0.464401,0.00103348,0.0454962,1,1.01792,-31.9,2.95704,14.2084,0.190794,2.43788,-0.142624,-36.6636,70.1412,-41.4202,63.2998,-7.2294,-21.9147,21.992,-0.21434,0.373261,0.187511,-2.44642,-0.129551,2.73761,-0.767746,0.000638974,-0.000606276,-0.00475216,5.41612e-05,0.000459581,0.000372331,-0.00142162,
0.13,0,0,0,0,0,0,0,0,0,0,0,0,0,0,0,0,-0.0654969,0.997538,0.0246573,0,0.995228,0.067093,-0.0707093,0,-0.072191,0.0199088,-0.997192,0,0.464398,0.00103198,0.045494,1,1.01792,-31.9397,2.99671,14.2481,0.190794,2.45253,-0.162766,-46.2292,0.671722,12.9021,104.497,-4.95522,28.0959,24.517,-0.214343,0.373263,0.187511,-2.44642,-0.129548,2.73761,-0.767744,0.000839957,-4.55899e-05,-0.00299494,-0.000911972,0.000381066,-0.000432163,0.000678918,
0.133,0,0,0,0,0,0,0,0,0,0,0,0,0,0,0,0,-0.0655069,0.997538,0.0246598,0,0.995228,0.067103,-0.0707034,0,-0.0721854,0.019911,-0.997192,0,0.464401,0.00103579,0.0454947,1,1.01792,-31.9754,2.95704,14.1727,0.196288,2.43147,-0.136216,-34.9956,-159.238,-68.2567,-102.076,-18.2598,-3.21349,49.9703,-0.21434,0.373266,0.187516,-2.44642,-0.129547,2.73761,-0.767748,-7.45355e-05,0.00133728,0.00606606,0.000905278,2.2486e-05,0.000350459,-0.00170525,
0.136,0,0,0,0,0,0,0,0,0,0,0,0,0,0,0,0,-0.0654938,0.997539,0.0246577,0,0.995229,0.0670899,-0.0707054,0,-0.072187,0.0199097,-0.997192,0,0.4644,0.0010336,0.045495,1,1.05363,-31.9397,2.95704,14.2084,0.190794,2.4452,-0.215867,-7.53433,-32.2972,-57.0796,-1.99858,-1.90546,-7.01823,-41.4906,-0.214342,0.373263,0.187513,-2.44642,-0.129548,2.73761,-0.767738,-0.000731286,0.000231249,0.00252086,0.000206362,0.000142296,-0.000122208,0.00226016,
0.138,0,0,0,0,0,0,0,0,0,0,0,0,0,0,0,0,-0.0655096,0.997538,0.0246587,0,0.995228,0.0671058,-0.0707091,0,-0.0721911,0.0199093,-0.997192,0,0.464398,0.00103556,0.0454933,1,1.05363,-31.9754,2.92134,14.2481,0.209105,2.43788,-0.142624,33.9505,-91.3349,-153.328,101.236,43.7749,-4.20374,66.4263,-0.214342,0.373266,0.187517,-2.44642,-0.129553,2.73761,-0.767746,-0.000311843,0.00124734,0.00224255,-0.000836303,-0.000547109,0.000307379,-0.000724813,
0.141,0,0,0,0,0,0,0,0,0,0,0,0,0,0,0,0,-0.0655045,0.997538,0.0246568,0,0.995228,0.0671006,-0.0707067,0,-0.0721885,0.0199079,-0.997192,0,0.464399,0.00103305,0.0454954,1,1.05363,-31.9,2.95704,14.2481,0.196288,2.45894,-0.136216,49.4827,80.8571,-121.517,109.61,15.4593,22.8402,55.697,-0.214343,0.373261,0.187513,-2.44642,-0.129551,2.73761,-0.767747,-0.000435102,-0.000816222,0.000671169,-0.00076336,-6.41487e-05,-0.000820682,-0.00143169,
0.144,0,0,0,0,0,0,0,0,0,0,0,0,0,0,0,0,-0.0654981,0.997538,0.024657,0,0.995228,0.0670942,-0.0707079,0,-0.0721895,0.0199085,-0.997192,0,0.464399,0.00103448,0.0454943,1,1.01792,-31.9397,2.95704,14.2481,0.184386,2.4452,-0.215867,-29.5479,4.76993,-48.9411,132.238,-12.6525,12.5346,-55.4964,-0.214341,0.373263,0.187513,-2.44642,-0.129551,2.73761,-0.767738,0.00083336,-0.000221221,0.000477524,-0.00139136,0.000500922,4.31735e-05,0.00147467,
0.147,0,0,0,0,0,0,0,0,0,0,0,0,0,0,0,0,-0.0655109,0.997538,0.0246549,0,0.995228,0.0671067,-0.0707014,0,-0.0721832,0.0199059,-0.997193,0,0.464401,0.00103368,0.0454964,1,0.942545,-31.9,2.99671,14.2084,0.202696,2.43788,-0.142624,-149.768,130.755,86.5471,-57.2614,3.12812,-10.8235,20.772,-0.214338,0.37326,0.18751,-2.44642,-0.129553,2.73761,-0.76775,0.00247557,-0.00117917,-0.000549747,0.000206425,-0.000232106,0.00011075,-0.00111908,
0.15,0,0,0,0,0,0,0,0,0,0,0,0,0,0,0,0,-0.065491,0.997539,0.0246551,0,0.995229,0.0670869,-0.0707059,0,-0.0721873,0.0199073,-0.997192,0,0.464399,0.00103154,0.0454952,1,0.982218,-31.9,3.03242,14.2481,0.196288,2.43788,-0.222275,-80.4124,39.5023,135.929,39.3482,0.501455,0.26357,-34.1138,-0.21434,0.373261,0.187508,-2.44643,-0.129549,2.73761,-0.767738,-0.00254726,-0.000349384,-0.00137705,-0.00188768,3.67206e-05,-8.0213e-05,0.00160874,
0.153,0,0,0,0,0,0,0,0,0,0,0,0,0,0,0,0,-0.0654996,0.997538,0.0246557,0,0.995229,0.0670954,-0.0706997,0,-0.0721813,0.0199077,-0.997193,0,0.464403,0.00103156,0.0454963,1,1.01792,-31.9397,2.99671,14.137,0.196288,2.43788,-0.155442,-10.3995,-79.6556,88.8025,-192.183,-5.99048,-10.2092,69.732,-0.214343,0.373263,0.187511,-2.44642,-0.129551,2.73761,-0.767745,-0.00133533,3.05261e-05,0.000154237,0.00124517,-8.70775e-05,-2.37668e-05,-0.00134309,
0.156,0,0,0,0,0,0,0,0,0,0,0,0,0,0,0,0,-0.065497,0.997538,0.024658,0,0.995228,0.0670932,-0.0707106,0,-0.0721923,0.0199094,-0.997192,0,0.464398,0.00103355,0.0454929,1,1.01792,-31.9754,2.95704,14.2481,0.196288,2.43788,-0.202134,50.6341,-12.2704,-46.1071,89.9722,-0.564304,-14.1979,-20.0369,-0.214343,0.373266,0.187513,-2.44643,-0.129551,2.73761,-0.76774,-0.00115003,0.000256517,0.00125442,-0.0014871,-0.000138829,8.33805e-05,0.00135398,
0.159,0,0,0,0,0,0,0,0,0,0,0,0,0,0,0,0,-0.0655003,0.997538,0.0246599,0,0.995228,0.0670967,-0.070713,0,-0.0721949,0.0199109,-0.997192,0,0.464398,0.0010327,0.0454923,1,1.05363,-32.015,2.95704,14.2084,0.196288,2.43788,-0.129807,139.318,-54.2491,-25.4914,-22.6537,-3.02661,-0.134798,52.4023,-0.214345,0.373269,0.187513,-2.44642,-0.129548,2.73761,-0.767748,-0.00489788,0.00118963,0.000372648,-0.000100348,-8.63457e-05,0.000115128,-0.00211935,
0.162,0,0,0,0,0,0,0,0,0,0,0,0,0,0,0,0,-0.0654882,0.997539,0.0246577,0,0.995229,0.0670843,-0.0707077,0,-0.0721893,0.0199099,-0.997192,0,0.4644,0.00103112,0.0454939,1,1.05363,-31.9754,2.99671,14.1727,0.196288,2.4452,-0.215867,166.336,-13.3914,116.069,-88.7821,-25.6091,4.30942,-37.7958,-0.214345,0.373266,0.187511,-2.44642,-0.129548,2.73761,-0.767738,-0.0024613,-0.000266197,-0.00021914,-0.00361107,-7.07951e-05,2.65767e-05,0.00136511,
0.164,0,0,0,0,0,0,0,0,0,0,0,0,0,0,0,0,-0.0654992,0.997538,0.0246578,0,0.995228,0.0670954,-0.0707099,0,-0.0721916,0.0199091,-0.997192,0,0.464398,0.00103473,0.0454931,1,0.982218,-31.9754,2.95704,14.2481,0.190794,2.43788,-0.208542,-49.5005,31.8388,-42.0734,130.348,-2.75986,-21.8137,-55.0195,-0.21434,0.373266,0.187513,-2.44642,-0.129551,2.73761,-0.767739,-0.000160048,0.000469436,0.000521446,-0.00364767,0.000171986,0.000192657,0.00099101,
0.168,0,0,0,0,0,0,0,0,0,0,0,0,0,0,0,0,-0.0654996,0.997538,0.0246596,0,0.995228,0.067096,-0.0707153,0,-0.0721971,0.0199105,-0.997192,0,0.464396,0.00103628,0.0454913,1,0.982218,-32.015,2.95704,14.2481,0.196288,2.4452,-0.208542,-65.3411,-24.1602,-44.1004,57.0083,-7.75687,8.689,-61.5655,-0.214338,0.373269,0.187513,-2.44643,-0.129548,2.73761,-0.767739,0.000144973,0.00140227,-8.25105e-05,-0.00124276,8.79748e-05,-0.000177954,0.00117031,
0.171,0,0,0,0,0,0,0,0,0,0,0,0,0,0,0,0,-0.0655069,0.997538,0.0246578,0,0.995228,0.067103,-0.0707089,0,-0.0721908,0.0199086,-0.997192,0,0.464399,0.00103588,0.0454935,1,0.942545,-31.9754,2.99671,14.2084,0.196288,2.4452,-0.149033,-36.3984,58.9006,6.15237,-76.0348,0.0357055,-11.9547,64.9569,-0.214335,0.373266,0.187511,-2.44642,-0.129549,2.73761,-0.767746,0.000936942,-0.000512533,-0.000952437,0.000526348,-4.17502e-05,0.000116815,-0.00170282,
0.174,0,0,0,0,0,0,0,0,0,0,0,0,0,0,0,0,-0.0654978,0.997538,0.0246576,0,0.995228,0.0670939,-0.0707094,0,-0.0721911,0.019909,-0.997192,0,0.464399,0.00103431,0.0454926,1,1.01792,-32.015,2.95704,14.2084,0.202696,2.43147,-0.215867,188.04,75.6708,-4.57466,-34.0767,10.8855,-19.7837,-66.8055,-0.21434,0.373269,0.187512,-2.44642,-0.129551,2.73761,-0.767738,-0.000984418,0.000260592,0.000532405,0.000111394,-0.00017061,0.000452816,0.00209511,
0.177,0,0,0,0,0,0,0,0,0,0,0,0,0,0,0,0,-0.0655191,0.997537,0.0246623,0,0.995226,0.0671157,-0.0707152,0,-0.0721976,0.0199117,-0.997192,0,0.464396,0.00104064,0.0454908,1,0.982218,-32.0508,2.84596,14.2481,0.196288,2.4452,-0.129807,87.3383,-88.9641,-240.179,59.779,-12.3547,4.44964,104.031,-0.214337,0.373271,0.187521,-2.44643,-0.129552,2.73761,-0.767748,-0.000514274,0.000726826,0.00664762,-0.000604473,5.49418e-05,-0.000374459,-0.00250634,
0.18,0,0,0,0,0,0,0,0,0,0,0,0,0,0,0,0,-0.0655053,0.997538,0.024659,0,0.995228,0.0671016,-0.0707122,0,-0.0721942,0.0199097,-0.997192,0,0.464398,0.00103618,0.0454914,1,0.942545,-32.0508,2.99671,14.2084,0.196288,2.43788,-0.162766,-86.629,-68.8516,136.1,-44.1044,-18.8233,-4.32833,-25.3817,-0.214335,0.373271,0.187511,-2.44642,-0.129549,2.73761,-0.767744,0.000773087,0.000287535,0.000155321,0.000813165,9.53987e-05,0.000311021,-1.17037e-05,
0.183,0,0,0,0,0,0,0,0,0,0,0,0,0,0,0,0,-0.065506,0.997538,0.0246577,0,0.995227,0.0671023,-0.0707149,0,-0.0721968,0.0199081,-0.997192,0,0.464397,0.00103746,0.0454915,1,0.942545,-32.015,2.99671,14.2481,0.190794,2.45253,-0.202134,-47.1533,41.3815,16.8149,102.473,-0.887867,14.8372,-1.71914,-0.214332,0.373269,0.187511,-2.44643,-0.129551,2.73761,-0.76774,0.00102196,0.000415158,-0.000424405,-0.000566692,0.0001639,-0.00045038,0.000512694,
0.186,0,0,0,0,0,0,0,0,0,0,0,0,0,0,0,0,-0.0655062,0.997538,0.0246577,0,0.995228,0.0671024,-0.0707102,0,-0.0721921,0.0199084,-0.997192,0,0.464399,0.00103772,0.0454925,1,0.982218,-32.015,2.95704,14.2084,0.202696,2.43788,-0.215867,18.39,-37.0949,-23.673,-29.1879,-8.19618,6.82929,-75.849,-0.214334,0.373269,0.187513,-2.44642,-0.129553,2.73761,-0.767738,-0.000501936,0.00012301,0.000693389,0.00044936,-0.00032443,0.00010768,0.00182472,
0.189,0,0,0,0,0,0,0,0,0,0,0,0,0,0,0,0,-0.0655155,0.997537,0.0246601,0,0.995227,0.0671118,-0.0707108,0,-0.072193,0.0199101,-0.997192,0,0.464397,0.00104084,0.0454927,1,0.90684,-31.9754,2.92134,14.2481,0.190794,2.43147,-0.149033,-125.642,53.462,-112.567,71.342,17.6767,-22.581,44.6012,-0.21433,0.373266,0.187515,-2.44643,-0.129548,2.73761,-0.767746,0.0014081,-0.00116998,0.00128796,-0.000486132,9.9788e-05,0.000510391,-0.00138835,
0.192,0,0,0,0,0,0,0,0,0,0,0,0,0,0,0,0,-0.065508,0.997538,0.0246585,0,0.995227,0.0671043,-0.0707121,0,-0.0721941,0.019909,-0.997192,0,0.464398,0.00103892,0.045493,1,0.982218,-31.9754,2.92134,14.2481,0.202696,2.43147,-0.208542,13.7576,79.926,-57.0303,93.3144,12.6345,-17.0457,-65.8529,-0.214334,0.373266,0.187516,-2.44642,-0.129551,2.73761,-0.767739,-0.000675868,-0.000738491,0.000862953,-0.00103106,-0.000264306,0.000264255,0.00124261,
0.195,0,0,0,0,0,0,0,0,0,0,0,0,0,0,0,0,-0.0655073,0.997538,0.0246563,0,0.995228,0.0671033,-0.070708,0,-0.0721898,0.0199071,-0.997192,0,0.464399,0.00103603,0.0454938,1,0.982218,-31.9754,2.99671,14.2084,0.202696,2.4452,-0.189316,4.46918,100.321,120.68,-74.1701,12.8873,9.5973,23.568,-0.214334,0.373266,0.187511,-2.44642,-0.129552,2.73761,-0.767742,-0.000592122,-0.000425039,-0.00130432,0.00414614,-0.000210179,-0.00020804,-0.000185656,
0.198,0,0,0,0,0,0,0,0,0,0,0,0,0,0,0,0,-0.0655195,0.997537,0.0246595,0,0.995227,0.0671158,-0.0707097,0,-0.072192,0.0199093,-0.997192,0,0.464399,0.00104146,0.0454928,1,0.942545,-32.015,2.92134,14.2084,0.209105,2.4452,-0.162766,-35.9956,-45.7047,-85.7546,-20.3678,4.45229,-3.60088,-22.686,-0.214331,0.373269,0.187518,-2.44642,-0.129553,2.73761,-0.767744,0.000628826,0.000410252,0.000585883,0.00159877,-0.000446571,-0.00017467,-0.000103988,
0.201,0,0,0,0,0,0,0,0,0,0,0,0,0,0,0,0,-0.0655094,0.997538,0.0246567,0,0.995228,0.0671055,-0.0707081,0,-0.0721899,0.0199074,-0.997192,0,0.464399,0.00103773,0.0454937,1,0.942545,-31.9754,2.95704,14.2084,0.196288,2.4452,-0.189316,-68.7413,76.5617,-41.3801,-100.92,-2.39477,8.50008,-6.30372,-0.214331,0.373266,0.187511,-2.44642,-0.129552,2.73761,-0.767742,-0.000277697,-0.000497124,-0.00665902,0.000660372,7.86685e-05,-0.000372,0.000764153,
0.204,0,0,0,0,0,0,0,0,0,0,0,0,0,0,0,0,-0.065517,0.997537,0.0246584,0,0.995227,0.0671132,-0.0707109,0,-0.072193,0.0199083,-0.997192,0,0.464397,0.00103887,0.0454936,1,0.982218,-31.9397,2.92134,14.2838,0.196288,2.45253,-0.136216,29.9987,105.081,-11.3428,194.376,-2.7554,22.5089,22.9801,-0.214334,0.373263,0.187516,-2.44643,-0.129552,2.73761,-0.767747,-0.000494736,-0.000982514,-0.00199772,-0.00167443,-2.1902e-05,-0.000494518,-0.00118267,
0.207,0,0,0,0,0,0,0,0,0,0,0,0,0,0,0,0,-0.0655054,0.997538,0.0246588,0,0.995228,0.0671016,-0.0707088,0,-0.0721907,0.0199097,-0.997192,0,0.464399,0.00103922,0.0454937,1,0.942545,-31.9754,2.95704,14.2084,0.196288,2.4452,-0.215867,-129.461,-0.386699,-20.7326,41.4072,-17.8617,2.80964,-30.0741,-0.214331,0.373266,0.187514,-2.44642,-0.129548,2.73761,-0.767739,-1.25424e-05,-0.000126134,-0.00194506,0.000836323,-6.4895e-06,-0.000176665,0.00143919,
0.21,0,0,0,0,0,0,0,0,0,0,0,0,0,0,0,0,-0.0655209,0.997537,0.0246572,0,0.995227,0.0671169,-0.0707051,0,-0.0721873,0.0199072,-0.997192,0,0.4644,0.00104315,0.0454956,1,0.871134,-31.9,2.92134,14.2481,0.190794,2.4452,-0.181992,-176.499,208.21,-45.345,97.5372,-16.0969,18.3276,-38.081,-0.214324,0.373261,0.187516,-2.44642,-0.129551,2.73761,-0.767742,0.00218229,-0.00192435,4.6527e-05,-0.000851809,0.000133711,-5.23451e-05,4.96668e-05,
0.213,0,0,0,0,0,0,0,0,0,0,0,0,0,0,0,0,-0.0655103,0.997538,0.0246561,0,0.995227,0.0671063,-0.0707091,0,-0.072191,0.0199066,-0.997192,0,0.464398,0.00103775,0.0454937,1,0.942545,-31.9397,2.95704,14.2838,0.202696,2.43788,-0.189316,-88.6784,58.8108,-47.4797,142.833,12.4517,-14.678,-8.84106,-0.214331,0.373263,0.187511,-2.44643,-0.129553,2.73761,-0.767741,-0.000167992,-0.00120948,-0.000602172,-0.00108169,-0.000303234,0.000195476,0.000930243,
0.216,0,0,0,0,0,0,0,0,0,0,0,0,0,0,0,0,-0.0655168,0.997537,0.024658,0,0.995227,0.0671129,-0.0707079,0,-0.07219,0.0199081,-0.997192,0,0.464399,0.00103997,0.0454943,1,0.942545,-31.9397,2.92134,14.2481,0.196288,2.4452,-0.162766,-49.9855,66.3098,-76.5437,56.1066,-14.9862,23.7555,46.5983,-0.214332,0.373263,0.187516,-2.44642,-0.129552,2.73761,-0.767744,-0.00332115,-0.00024494,0.00075558,-0.000245828,0.000147512,-0.000382891,-0.000624829,
0.219,0,0,0,0,0,0,0,0,0,0,0,0,0,0,0,0,-0.0655078,0.997538,0.0246592,0,0.995227,0.0671042,-0.0707148,0,-0.0721968,0.0199096,-0.997192,0,0.464397,0.00103803,0.0454909,1,0.982218,-32.0508,2.95704,14.2084,0.190794,2.4452,-0.189316,60.2135,-230.892,65.0091,-41.8685,-15.6172,2.46158,-46.3317,-0.214334,0.373271,0.187513,-2.44642,-0.129551,2.73761,-0.767741,-0.00234878,0.00252588,-0.00108588,0.000856234,0.000232087,-0.000203872,0.000918773,
0.222,0,0,0,0,0,0,0,0,0,0,0,0,0,0,0,0,-0.0655223,0.997537,0.024658,0,0.995227,0.0671184,-0.0707054,0,-0.0721877,0.0199079,-0.997192,0,0.464401,0.00104008,0.0454944,1,0.942545,-31.9754,2.92134,14.1727,0.209105,2.4452,-0.122483,-81.8637,-108.248,-17.6758,-135.974,27.2026,17.4559,67.1712,-0.214331,0.373266,0.187516,-2.44642,-0.129554,2.73761,-0.767749,4.78483e-05,0.000150352,0.000509035,0.000903757,-0.000417254,-0.000342977,-0.00195066,
0.225,0,0,0,0,0,0,0,0,0,0,0,0,0,0,0,0,-0.0655125,0.997537,0.0246592,0,0.995227,0.0671087,-0.07071,0,-0.0721921,0.0199095,-0.997192,0,0.464398,0.00104152,0.0454933,1,0.942545,-31.9754,2.92134,14.2481,0.190794,2.4452,-0.215867,7.63353,-69.9528,16.698,67.1958,-19.8203,19.8174,-56.1015,-0.214331,0.373266,0.187518,-2.44642,-0.129551,2.73761,-0.767738,-0.000341954,0.000436379,0.000612962,-0.000825034,0.000475418,-0.000124228,0.00235322,
0.228,0,0,0,0,0,0,0,0,0,0,0,0,0,0,0,0,-0.0655099,0.997538,0.0246584,0,0.995228,0.067106,-0.0707068,0,-0.0721889,0.0199091,-0.997192,0,0.4644,0.00103873,0.0454939,1,0.982218,-31.9754,2.95704,14.2084,0.196288,2.43788,-0.215867,62.4458,-71.4054,52.9502,11.8532,-20.8666,-12.7374,-29.5115,-0.214334,0.373266,0.187516,-2.44642,-0.129551,2.73761,-0.767741,-0.00075279,-0.000180042,-0.00019038,0.000168078,0.000276498,0.0002646,0.00122472,
0.231,0,0,0,0,0,0,0,0,0,0,0,0,0,0,0,0,-0.065505,0.997538,0.0246579,0,0.995228,0.0671013,-0.070713,0,-0.0721948,0.0199086,-0.997192,0,0.464398,0.00103739,0.0454932,1,1.05363,-31.9397,2.95704,14.2481,0.196288,2.4452,-0.215867,247.138,64.9506,79.6545,149.146,-25.4152,20.5386,-101.567,-0.214337,0.373265,0.187516,-2.44642,-0.129552,2.73761,-0.767738,-0.00183514,0.00179034,0.00594442,-0.000568846,1.41086e-05,-0.000271987,0.0021977,
0.234,0,0,0,0,0,0,0,0,0,0,0,0,0,0,0,0,-0.0655079,0.997538,0.024659,0,0.995228,0.0671041,-0.070707,0,-0.072189,0.0199098,-0.997192,0,0.4644,0.00103775,0.0454939,1,0.982218,-31.9754,2.95704,14.2084,0.190794,2.43788,-0.162766,27.2493,37.7402,-24.7436,-130.923,-24.5658,-8.67232,43.9455,-0.214334,0.373266,0.187514,-2.44642,-0.129548,2.73761,-0.767744,-0.000384599,0.00094429,0.00227134,0.00024392,0.000516574,3.99745e-05,-0.00105932,
0.237,0,0,0,0,0,0,0,0,0,0,0,0,0,0,0,0,-0.0655059,0.997538,0.0246579,0,0.995228,0.0671019,-0.0707047,0,-0.0721866,0.019909,-0.997192,0,0.4644,0.00103833,0.0454956,1,0.982218,-31.9,2.95704,14.2481,0.190794,2.43788,-0.189316,8.60075,222.383,109.362,6.40018,-13.1682,6.41945,-31.9858,-0.214332,0.373261,0.187513,-2.44642,-0.129547,2.73761,-0.767741,-0.000116417,-0.00126279,0.000727207,-0.000267995,0.000153059,-3.71345e-05,0.00146444,
0.239,0,0,0,0,0,0,0,0,0,0,0,0,0,0,0,0,-0.0655066,0.997538,0.0246563,0,0.995228,0.0671026,-0.070705,0,-0.0721868,0.0199074,-0.997192,0,0.464401,0.00103777,0.0454961,1,0.942545,-31.9,2.99671,14.1727,0.202696,2.43788,-0.189316,-71.0599,166.751,97.6976,-194.639,-13.4272,-9.22029,-32.2258,-0.21433,0.373261,0.187511,-2.44642,-0.129548,2.73761,-0.767741,0.000565962,-0.0010901,-0.000472898,0.00133479,-7.89103e-05,-1.65042e-05,0.000492621,
0.24,0,0,0,0,0,0,0,0,0,0,0,0,0,0,0,0,-0.0655183,0.997537,0.0246598,0,0.995226,0.0671148,-0.0707171,0,-0.0721994,0.0199092,-0.997191,0,0.464396,0.00104053,0.0454904,1,0.942545,-32.0508,2.95704,14.2481,0.202696,2.4452,-0.142624,-27.9144,-102.504,10.629,132.192,0.629401,6.45327,61.2674,-0.214329,0.373271,0.187514,-2.44643,-0.129551,2.73761,-0.767746,0.000376921,0.00282313,0.000665134,-0.000873376,-5.26068e-05,-0.00028227,-0.00140092,
0.246,0,0,0,0,0,0,0,0,0,0,0,0,0,0,0,0,-0.0655184,0.997537,0.0246601,0,0.995226,0.0671148,-0.0707159,0,-0.0721982,0.0199096,-0.997192,0,0.464396,0.00104162,0.0454907,1,0.942545,-32.0508,2.92134,14.2084,0.209105,2.45253,-0.169175,-8.18442,-56.8851,-44.5574,-6.33004,12.5129,23.7965,23.2996,-0.214329,0.373271,0.187516,-2.44642,-0.129552,2.73761,-0.767744,-0.000501886,0.00105316,0.000128406,0.000219681,-0.000123507,-0.000396518,-0.000847903,
0.249,0,0,0,0,0,0,0,0,0,0,0,0,0,0,0,0,-0.0655067,0.997538,0.0246594,0,0.995227,0.067103,-0.0707141,0,-0.0721961,0.0199099,-0.997192,0,0.464397,0.00103945,0.0454918,1,1.01792,-32.015,2.92134,14.2481,0.184386,2.45253,-0.222275,127.809,15.2473,-46.0536,37.7756,-10.5435,15.8366,-53.3676,-0.214333,0.373269,0.187516,-2.44642,-0.129551,2.73761,-0.767738,-0.00228323,0.000461109,-0.000539164,-0.000460787,0.000547384,-0.00023805,0.00206584,
0.252,0,0,0,0,0,0,0,0,0,0,0,0,0,0,0,0,-0.0655094,0.997538,0.0246563,0,0.995227,0.0671056,-0.070717,0,-0.0721989,0.0199064,-0.997192,0,0.464396,0.00103516,0.0454908,1,0.942545,-32.015,3.07209,14.2838,0.202696,2.45253,-0.142624,-24.7315,76.4368,323.259,137.245,-22.1516,24.2306,87.3187,-0.214331,0.373269,0.187506,-2.44643,-0.129552,2.73761,-0.767746,0.000498947,-0.000139797,-0.00349618,-0.000786143,-0.000158058,-0.000160956,-0.00173511,
0.255,0,0,0,0,0,0,0,0,0,0,0,0,0,0,0,0,-0.0655191,0.997537,0.0246604,0,0.995226,0.0671155,-0.0707156,0,-0.0721979,0.0199098,-0.997192,0,0.464396,0.00104169,0.0454913,1,0.942545,-32.015,2.95704,14.2481,0.184386,2.45253,-0.149033,14.1163,91.8462,28.139,-33.654,-30.0451,28.0568,0.912514,-0.214329,0.373269,0.187516,-2.44643,-0.12955,2.73761,-0.767746,-0.000130584,8.31518e-05,-0.000301925,-6.795e-05,0.000657709,-0.000288817,-0.000468897,
0.258,0,0,0,0,0,0,0,0,0,0,0,0,0,0,0,0,-0.0655278,0.997536,0.0246619,0,0.995226,0.0671243,-0.0707137,0,-0.0721962,0.0199108,-0.997192,0,0.464397,0.0010447,0.0454917,1,0.90684,-32.015,2.88563,14.2481,0.196288,2.45253,-0.129807,-116.315,104.928,-111.557,22.326,-3.71897,24.6592,99.322,-0.214329,0.373269,0.187521,-2.44642,-0.129552,2.73761,-0.767748,0.000796521,-0.000160613,0.00139616,-0.0005357,0.000157201,-0.000296561,-0.00195115,
0.261,0,0,0,0,0,0,0,0,0,0,0,0,0,0,0,0,-0.0655093,0.997538,0.0246595,0,0.995228,0.0671056,-0.0707089,0,-0.0721909,0.0199101,-0.997192,0,0.464399,0.00103966,0.0454929,1,0.982218,-32.015,2.92134,14.1727,0.209105,2.43788,-0.202134,134.42,51.2501,-27.8688,-81.0785,25.4363,-12.8099,-73.568,-0.214333,0.373269,0.187516,-2.44642,-0.12955,2.73761,-0.76774,-0.00106322,-0.000129931,-0.000235602,0.00108895,-0.00034902,0.000394383,0.00177663,
0.264,0,0,0,0,0,0,0,0,0,0,0,0,0,0,0,0,-0.0655193,0.997537,0.0246591,0,0.995227,0.0671156,-0.070713,0,-0.0721952,0.0199087,-0.997192,0,0.464397,0.00104073,0.0454918,1,0.90684,-32.015,2.95704,14.2481,0.190794,2.4452,-0.169175,-86.261,-16.3914,79.436,71.0974,-13.5988,8.14713,30.0361,-0.214328,0.373269,0.187513,-2.44642,-0.129551,2.73761,-0.767747,0.000561433,-0.000502445,-0.000626479,-0.000461011,0.000495635,-6.39907e-05,-0.000287392,
0.267,0,0,0,0,0,0,0,0,0,0,0,0,0,0,0,0,-0.0655138,0.997537,0.0246593,0,0.995227,0.06711,-0.0707086,0,-0.0721907,0.0199096,-0.997192,0,0.464399,0.00104068,0.0454935,1,0.982218,-31.9754,2.92134,14.2084,0.209105,2.43788,-0.181992,38.2813,81.469,-7.30126,-86.0257,5.24621,-16.708,-39.3174,-0.214331,0.373266,0.187517,-2.44642,-0.12955,2.73761,-0.767742,-0.00131848,-0.00115936,0.00077339,-0.000188152,-0.000339166,0.000252307,0.00118453,
0.27,0,0,0,0,0,0,0,0,0,0,0,0,0,0,0,0,-0.0655144,0.997537,0.0246598,0,0.995227,0.0671108,-0.0707118,0,-0.072194,0.0199098,-0.997192,0,0.464398,0.00104103,0.0454922,1,0.942545,-32.015,2.95704,14.2084,0.196288,2.45253,-0.169175,47.589,10.9977,39.9588,-138.789,-6.86468,28.2612,49.6012,-0.214328,0.373269,0.187514,-2.44642,-0.129549,2.73761,-0.767743,0.000815765,-0.000209455,-0.000327634,0.000253591,0.000110492,-0.000377355,-0.000383711,
0.273,0,0,0,0,0,0,0,0,0,0,0,0,0,0,0,0,-0.0655194,0.997537,0.0246593,0,0.995227,0.0671157,-0.0707123,0,-0.0721945,0.019909,-0.997192,0,0.464398,0.00104173,0.045492,1,0.942545,-32.015,2.95704,14.2084,0.209105,2.4452,-0.162766,36.119,-24.6107,77.2884,44.1239,3.73844,19.0011,-22.7254,-0.214328,0.373269,0.187516,-2.44642,-0.129552,2.73761,-0.767744,0.000365444,-0.000835406,-0.000839482,0.000590705,-0.00036286,-0.00014195,0.000300744,
