block:
  urdf_path: block10.urdf
  asset_options:
    max_linear_velocity: 10.0
    max_angular_velocity: 40.0
  block1:
    shape_props:
      restitution: 0.3
      friction: 0.9219403360312048
      rolling_friction: 0.4939127572697385
      torsion_friction: 0.9530289565041936
      thickness: 2e-3
  block2:
    shape_props:
      restitution: 0.3
      friction: 0.9219403360312048
      rolling_friction: 0.4939127572697385
      torsion_friction: 0.9530289565041936
      thickness: 2e-3
  block3:
    shape_props:
      restitution: 0.3
      friction: 0.9219403360312048
      rolling_friction: 0.4939127572697385
      torsion_friction: 0.9530289565041936
      thickness: 2e-3