block:
  urdf_path: block97.urdf
  asset_options:
    max_linear_velocity: 10.0
    max_angular_velocity: 40.0
  block1:
    shape_props:
      restitution: 0.3
      friction: 0.1472239413352635
      rolling_friction: 0.045031984634524735
      torsion_friction: 0.9310476920516373
      thickness: 2e-3
  block2:
    shape_props:
      restitution: 0.3
      friction: 0.7221827729099504
      rolling_friction: 0.40740992921981023
      torsion_friction: 0.43140183665996534
      thickness: 2e-3
  block3:
    shape_props:
      restitution: 0.3
      friction: 0.7221827729099504
      rolling_friction: 0.40740992921981023
      torsion_friction: 0.43140183665996534
      thickness: 2e-3