block:
  urdf_path: block20.urdf
  asset_options:
    max_linear_velocity: 10.0
    max_angular_velocity: 40.0
  block1:
    shape_props:
      restitution: 0.3
      friction: 0.9331919576290838
      rolling_friction: 0.9605603851238101
      torsion_friction: 0.8136089414161826
      thickness: 2e-3
  block2:
    shape_props:
      restitution: 0.3
      friction: 0.9331919576290838
      rolling_friction: 0.9605603851238101
      torsion_friction: 0.8136089414161826
      thickness: 2e-3
  block3:
    shape_props:
      restitution: 0.3
      friction: 0.28433113970951196
      rolling_friction: 0.1041274309446224
      torsion_friction: 0.9353135563900224
      thickness: 2e-3