block:
  urdf_path: block64.urdf
  asset_options:
    max_linear_velocity: 10.0
    max_angular_velocity: 40.0
  block1:
    shape_props:
      restitution: 0.3
      friction: 0.05288005192582679
      rolling_friction: 0.24516126507039404
      torsion_friction: 0.8862809056356541
      thickness: 2e-3
  block2:
    shape_props:
      restitution: 0.3
      friction: 0.05288005192582679
      rolling_friction: 0.24516126507039404
      torsion_friction: 0.8862809056356541
      thickness: 2e-3
  block3:
    shape_props:
      restitution: 0.3
      friction: 0.05288005192582679
      rolling_friction: 0.24516126507039404
      torsion_friction: 0.8862809056356541
      thickness: 2e-3