block:
  urdf_path: block29.urdf
  asset_options:
    max_linear_velocity: 10.0
    max_angular_velocity: 40.0
  block1:
    shape_props:
      restitution: 0.3
      friction: 0.36466388644847914
      rolling_friction: 0.26611086791081195
      torsion_friction: 0.6657767857215781
      thickness: 2e-3
  block2:
    shape_props:
      restitution: 0.3
      friction: 0.5205518449104269
      rolling_friction: 0.8506406387098802
      torsion_friction: 0.5462872018752268
      thickness: 2e-3
  block3:
    shape_props:
      restitution: 0.3
      friction: 0.36466388644847914
      rolling_friction: 0.26611086791081195
      torsion_friction: 0.6657767857215781
      thickness: 2e-3