block:
  urdf_path: block54.urdf
  asset_options:
    max_linear_velocity: 10.0
    max_angular_velocity: 40.0
  block1:
    shape_props:
      restitution: 0.3
      friction: 0.18823320566262447
      rolling_friction: 0.24479516225543152
      torsion_friction: 0.8324728956669236
      thickness: 2e-3
  block2:
    shape_props:
      restitution: 0.3
      friction: 0.18823320566262447
      rolling_friction: 0.24479516225543152
      torsion_friction: 0.8324728956669236
      thickness: 2e-3
  block3:
    shape_props:
      restitution: 0.3
      friction: 0.7005673008211369
      rolling_friction: 0.26639274435754645
      torsion_friction: 0.5726479317579696
      thickness: 2e-3