block:
  urdf_path: block66.urdf
  asset_options:
    max_linear_velocity: 10.0
    max_angular_velocity: 40.0
  block1:
    shape_props:
      restitution: 0.3
      friction: 0.2368954451409585
      rolling_friction: 0.596303052203535
      torsion_friction: 0.43235839323122494
      thickness: 2e-3
  block2:
    shape_props:
      restitution: 0.3
      friction: 0.2368954451409585
      rolling_friction: 0.596303052203535
      torsion_friction: 0.43235839323122494
      thickness: 2e-3
  block3:
    shape_props:
      restitution: 0.3
      friction: 0.2368954451409585
      rolling_friction: 0.596303052203535
      torsion_friction: 0.43235839323122494
      thickness: 2e-3