block:
  urdf_path: block24.urdf
  asset_options:
    max_linear_velocity: 10.0
    max_angular_velocity: 40.0
  block1:
    shape_props:
      restitution: 0.3
      friction: 0.19740314042216645
      rolling_friction: 0.18957933847401354
      torsion_friction: 0.742606660030974
      thickness: 2e-3
  block2:
    shape_props:
      restitution: 0.3
      friction: 0.1998460982572784
      rolling_friction: 0.7189795680233685
      torsion_friction: 0.8472058593475695
      thickness: 2e-3
  block3:
    shape_props:
      restitution: 0.3
      friction: 0.1998460982572784
      rolling_friction: 0.7189795680233685
      torsion_friction: 0.8472058593475695
      thickness: 2e-3