block:
  urdf_path: block79.urdf
  asset_options:
    max_linear_velocity: 10.0
    max_angular_velocity: 40.0
  block1:
    shape_props:
      restitution: 0.3
      friction: 0.6940720446327499
      rolling_friction: 0.4185132224467324
      torsion_friction: 0.9747716814859835
      thickness: 2e-3
  block2:
    shape_props:
      restitution: 0.3
      friction: 0.6713508981821407
      rolling_friction: 0.4918967827117211
      torsion_friction: 0.8974540959978787
      thickness: 2e-3
  block3:
    shape_props:
      restitution: 0.3
      friction: 0.6713508981821407
      rolling_friction: 0.4918967827117211
      torsion_friction: 0.8974540959978787
      thickness: 2e-3