block:
  urdf_path: block84.urdf
  asset_options:
    max_linear_velocity: 10.0
    max_angular_velocity: 40.0
  block1:
    shape_props:
      restitution: 0.3
      friction: 0.8462262569826757
      rolling_friction: 0.47855496345196524
      torsion_friction: 0.20890793552529152
      thickness: 2e-3
  block2:
    shape_props:
      restitution: 0.3
      friction: 0.29741267578272956
      rolling_friction: 0.9271185431623512
      torsion_friction: 0.03384980153614359
      thickness: 2e-3
  block3:
    shape_props:
      restitution: 0.3
      friction: 0.12715688375896694
      rolling_friction: 0.8708850846807487
      torsion_friction: 0.19037918781416463
      thickness: 2e-3