block:
  urdf_path: block76.urdf
  asset_options:
    max_linear_velocity: 10.0
    max_angular_velocity: 40.0
  block1:
    shape_props:
      restitution: 0.3
      friction: 0.8421187689257854
      rolling_friction: 0.40240199529156995
      torsion_friction: 0.07007062903778016
      thickness: 2e-3
  block2:
    shape_props:
      restitution: 0.3
      friction: 0.5204969532742618
      rolling_friction: 0.6399017809716142
      torsion_friction: 0.5190419128697915
      thickness: 2e-3
  block3:
    shape_props:
      restitution: 0.3
      friction: 0.5204969532742618
      rolling_friction: 0.6399017809716142
      torsion_friction: 0.5190419128697915
      thickness: 2e-3