block:
  urdf_path: block3.urdf
  asset_options:
    max_linear_velocity: 10.0
    max_angular_velocity: 40.0
  block1:
    shape_props:
      restitution: 0.3
      friction: 0.8882628616485895
      rolling_friction: 0.7697017648138015
      torsion_friction: 0.12558239370362434
      thickness: 2e-3
  block2:
    shape_props:
      restitution: 0.3
      friction: 0.6486481041203306
      rolling_friction: 0.24754053716226654
      torsion_friction: 0.8260850702346931
      thickness: 2e-3
  block3:
    shape_props:
      restitution: 0.3
      friction: 0.8882628616485895
      rolling_friction: 0.7697017648138015
      torsion_friction: 0.12558239370362434
      thickness: 2e-3