block:
  urdf_path: block61.urdf
  asset_options:
    max_linear_velocity: 10.0
    max_angular_velocity: 40.0
  block1:
    shape_props:
      restitution: 0.3
      friction: 0.900695979346568
      rolling_friction: 0.5943618147434511
      torsion_friction: 0.20334474945445813
      thickness: 2e-3
  block2:
    shape_props:
      restitution: 0.3
      friction: 0.2073608955131161
      rolling_friction: 0.9954812243000383
      torsion_friction: 0.16678508278194593
      thickness: 2e-3
  block3:
    shape_props:
      restitution: 0.3
      friction: 0.8190400700860617
      rolling_friction: 0.07371748086574559
      torsion_friction: 0.2983942954865404
      thickness: 2e-3