block:
  urdf_path: block0.urdf
  asset_options:
    max_linear_velocity: 10.0
    max_angular_velocity: 40.0
  block1:
    shape_props:
      restitution: 0.3
      friction: 0.5862930006061222
      rolling_friction: 0.07858634063407188
      torsion_friction: 0.5159838489207751
      thickness: 2e-3
  block2:
    shape_props:
      restitution: 0.3
      friction: 0.3394225102294548
      rolling_friction: 0.9540490685943361
      torsion_friction: 0.7320892349365231
      thickness: 2e-3
  block3:
    shape_props:
      restitution: 0.3
      friction: 0.5862930006061222
      rolling_friction: 0.07858634063407188
      torsion_friction: 0.5159838489207751
      thickness: 2e-3