block:
  urdf_path: block78.urdf
  asset_options:
    max_linear_velocity: 10.0
    max_angular_velocity: 40.0
  block1:
    shape_props:
      restitution: 0.3
      friction: 0.5126551327438346
      rolling_friction: 0.8575943828555277
      torsion_friction: 0.54711042766942
      thickness: 2e-3
  block2:
    shape_props:
      restitution: 0.3
      friction: 0.313936254732342
      rolling_friction: 0.3721070747784482
      torsion_friction: 0.0152900794634786
      thickness: 2e-3
  block3:
    shape_props:
      restitution: 0.3
      friction: 0.313936254732342
      rolling_friction: 0.3721070747784482
      torsion_friction: 0.0152900794634786
      thickness: 2e-3