block:
  urdf_path: block9.urdf
  asset_options:
    max_linear_velocity: 10.0
    max_angular_velocity: 40.0
  block1:
    shape_props:
      restitution: 0.3
      friction: 0.9365023085525419
      rolling_friction: 0.5786095290932808
      torsion_friction: 0.5339945683570544
      thickness: 2e-3
  block2:
    shape_props:
      restitution: 0.3
      friction: 0.8057870588945959
      rolling_friction: 0.4047870671569621
      torsion_friction: 0.49305942531213665
      thickness: 2e-3
  block3:
    shape_props:
      restitution: 0.3
      friction: 0.9365023085525419
      rolling_friction: 0.5786095290932808
      torsion_friction: 0.5339945683570544
      thickness: 2e-3