block:
  urdf_path: block52.urdf
  asset_options:
    max_linear_velocity: 10.0
    max_angular_velocity: 40.0
  block1:
    shape_props:
      restitution: 0.3
      friction: 0.08158052208070143
      rolling_friction: 0.6556795399335061
      torsion_friction: 0.2775522533239182
      thickness: 2e-3
  block2:
    shape_props:
      restitution: 0.3
      friction: 0.08158052208070143
      rolling_friction: 0.6556795399335061
      torsion_friction: 0.2775522533239182
      thickness: 2e-3
  block3:
    shape_props:
      restitution: 0.3
      friction: 0.08158052208070143
      rolling_friction: 0.6556795399335061
      torsion_friction: 0.2775522533239182
      thickness: 2e-3