block:
  urdf_path: block57.urdf
  asset_options:
    max_linear_velocity: 10.0
    max_angular_velocity: 40.0
  block1:
    shape_props:
      restitution: 0.3
      friction: 0.022604193081293356
      rolling_friction: 0.29591725057524454
      torsion_friction: 0.6044627971065395
      thickness: 2e-3
  block2:
    shape_props:
      restitution: 0.3
      friction: 0.7609750046024147
      rolling_friction: 0.10817697758166
      torsion_friction: 0.8635591756005847
      thickness: 2e-3
  block3:
    shape_props:
      restitution: 0.3
      friction: 0.7609750046024147
      rolling_friction: 0.10817697758166
      torsion_friction: 0.8635591756005847
      thickness: 2e-3