block:
  urdf_path: block25.urdf
  asset_options:
    max_linear_velocity: 10.0
    max_angular_velocity: 40.0
  block1:
    shape_props:
      restitution: 0.3
      friction: 0.947091964677863
      rolling_friction: 0.08671752038250102
      torsion_friction: 0.3643969088441772
      thickness: 2e-3
  block2:
    shape_props:
      restitution: 0.3
      friction: 0.947091964677863
      rolling_friction: 0.08671752038250102
      torsion_friction: 0.3643969088441772
      thickness: 2e-3
  block3:
    shape_props:
      restitution: 0.3
      friction: 0.4019236768785286
      rolling_friction: 0.6604809956746954
      torsion_friction: 0.03739364311168736
      thickness: 2e-3