block:
  urdf_path: block73.urdf
  asset_options:
    max_linear_velocity: 10.0
    max_angular_velocity: 40.0
  block1:
    shape_props:
      restitution: 0.3
      friction: 0.2837514387837806
      rolling_friction: 0.46471314963973576
      torsion_friction: 0.9553769622712003
      thickness: 2e-3
  block2:
    shape_props:
      restitution: 0.3
      friction: 0.2837514387837806
      rolling_friction: 0.46471314963973576
      torsion_friction: 0.9553769622712003
      thickness: 2e-3
  block3:
    shape_props:
      restitution: 0.3
      friction: 0.2837514387837806
      rolling_friction: 0.46471314963973576
      torsion_friction: 0.9553769622712003
      thickness: 2e-3