block:
  urdf_path: block92.urdf
  asset_options:
    max_linear_velocity: 10.0
    max_angular_velocity: 40.0
  block1:
    shape_props:
      restitution: 0.3
      friction: 0.895226817795474
      rolling_friction: 0.9354611219651779
      torsion_friction: 0.991599202497241
      thickness: 2e-3
  block2:
    shape_props:
      restitution: 0.3
      friction: 0.6052976970334691
      rolling_friction: 0.19171980007220812
      torsion_friction: 0.026038385612971227
      thickness: 2e-3
  block3:
    shape_props:
      restitution: 0.3
      friction: 0.895226817795474
      rolling_friction: 0.9354611219651779
      torsion_friction: 0.991599202497241
      thickness: 2e-3