block:
  urdf_path: block100.urdf
  asset_options:
    max_linear_velocity: 10.0
    max_angular_velocity: 40.0
  block1:
    shape_props:
      restitution: 0.3
      friction: 0.08929532290903752
      rolling_friction: 0.609693790608964
      torsion_friction: 0.21928241526324632
      thickness: 2e-3
  block2:
    shape_props:
      restitution: 0.3
      friction: 0.15203444780682462
      rolling_friction: 0.06803099571728477
      torsion_friction: 0.2574485219512861
      thickness: 2e-3
  block3:
    shape_props:
      restitution: 0.3
      friction: 0.3274846889489519
      rolling_friction: 0.8563087320247826
      torsion_friction: 0.9064450922439904
      thickness: 2e-3