block:
  urdf_path: block72.urdf
  asset_options:
    max_linear_velocity: 10.0
    max_angular_velocity: 40.0
  block1:
    shape_props:
      restitution: 0.3
      friction: 0.2906787393235031
      rolling_friction: 0.3065001291915097
      torsion_friction: 0.10407676932188181
      thickness: 2e-3
  block2:
    shape_props:
      restitution: 0.3
      friction: 0.2906787393235031
      rolling_friction: 0.3065001291915097
      torsion_friction: 0.10407676932188181
      thickness: 2e-3
  block3:
    shape_props:
      restitution: 0.3
      friction: 0.2906787393235031
      rolling_friction: 0.3065001291915097
      torsion_friction: 0.10407676932188181
      thickness: 2e-3