block:
  urdf_path: block2.urdf
  asset_options:
    max_linear_velocity: 10.0
    max_angular_velocity: 40.0
  block1:
    shape_props:
      restitution: 0.3
      friction: 0.7202708492482445
      rolling_friction: 0.4128780124560347
      torsion_friction: 0.2053388389855073
      thickness: 2e-3
  block2:
    shape_props:
      restitution: 0.3
      friction: 0.7202708492482445
      rolling_friction: 0.4128780124560347
      torsion_friction: 0.2053388389855073
      thickness: 2e-3
  block3:
    shape_props:
      restitution: 0.3
      friction: 0.7510840215295599
      rolling_friction: 0.4174039580681277
      torsion_friction: 0.2147706244561861
      thickness: 2e-3