block:
  urdf_path: block91.urdf
  asset_options:
    max_linear_velocity: 10.0
    max_angular_velocity: 40.0
  block1:
    shape_props:
      restitution: 0.3
      friction: 0.5821401951180715
      rolling_friction: 0.977728159313459
      torsion_friction: 0.12798535491512852
      thickness: 2e-3
  block2:
    shape_props:
      restitution: 0.3
      friction: 0.5821401951180715
      rolling_friction: 0.977728159313459
      torsion_friction: 0.12798535491512852
      thickness: 2e-3
  block3:
    shape_props:
      restitution: 0.3
      friction: 0.5821401951180715
      rolling_friction: 0.977728159313459
      torsion_friction: 0.12798535491512852
      thickness: 2e-3