block:
  urdf_path: block41.urdf
  asset_options:
    max_linear_velocity: 10.0
    max_angular_velocity: 40.0
  block1:
    shape_props:
      restitution: 0.3
      friction: 0.5470698673519389
      rolling_friction: 0.06865714828148184
      torsion_friction: 0.4376060380281861
      thickness: 2e-3
  block2:
    shape_props:
      restitution: 0.3
      friction: 0.5470698673519389
      rolling_friction: 0.06865714828148184
      torsion_friction: 0.4376060380281861
      thickness: 2e-3
  block3:
    shape_props:
      restitution: 0.3
      friction: 0.5470698673519389
      rolling_friction: 0.06865714828148184
      torsion_friction: 0.4376060380281861
      thickness: 2e-3