block:
  urdf_path: block18.urdf
  asset_options:
    max_linear_velocity: 10.0
    max_angular_velocity: 40.0
  block1:
    shape_props:
      restitution: 0.3
      friction: 0.1757392629944905
      rolling_friction: 0.5460847085820332
      torsion_friction: 0.9137321436876914
      thickness: 2e-3
  block2:
    shape_props:
      restitution: 0.3
      friction: 0.2217694740999152
      rolling_friction: 0.9353188312241157
      torsion_friction: 0.6589168102778351
      thickness: 2e-3
  block3:
    shape_props:
      restitution: 0.3
      friction: 0.1757392629944905
      rolling_friction: 0.5460847085820332
      torsion_friction: 0.9137321436876914
      thickness: 2e-3