block:
  urdf_path: block34.urdf
  asset_options:
    max_linear_velocity: 10.0
    max_angular_velocity: 40.0
  block1:
    shape_props:
      restitution: 0.3
      friction: 0.5297207803372755
      rolling_friction: 0.013732099101063766
      torsion_friction: 0.7184583300097164
      thickness: 2e-3
  block2:
    shape_props:
      restitution: 0.3
      friction: 0.5297207803372755
      rolling_friction: 0.013732099101063766
      torsion_friction: 0.7184583300097164
      thickness: 2e-3
  block3:
    shape_props:
      restitution: 0.3
      friction: 0.6956595999696015
      rolling_friction: 0.07793631613874907
      torsion_friction: 0.049003297804983026
      thickness: 2e-3