block:
  urdf_path: block48.urdf
  asset_options:
    max_linear_velocity: 10.0
    max_angular_velocity: 40.0
  block1:
    shape_props:
      restitution: 0.3
      friction: 0.06938070455041556
      rolling_friction: 0.4918860040876021
      torsion_friction: 0.40299094220932685
      thickness: 2e-3
  block2:
    shape_props:
      restitution: 0.3
      friction: 0.0012230190103641458
      rolling_friction: 0.7820728361955006
      torsion_friction: 0.34968366972249065
      thickness: 2e-3
  block3:
    shape_props:
      restitution: 0.3
      friction: 0.06938070455041556
      rolling_friction: 0.4918860040876021
      torsion_friction: 0.40299094220932685
      thickness: 2e-3