block:
  urdf_path: block94.urdf
  asset_options:
    max_linear_velocity: 10.0
    max_angular_velocity: 40.0
  block1:
    shape_props:
      restitution: 0.3
      friction: 0.11913485902362375
      rolling_friction: 0.9461396588111424
      torsion_friction: 0.9927796999484727
      thickness: 2e-3
  block2:
    shape_props:
      restitution: 0.3
      friction: 0.23079054771973495
      rolling_friction: 0.4105265979184116
      torsion_friction: 0.02278606363903901
      thickness: 2e-3
  block3:
    shape_props:
      restitution: 0.3
      friction: 0.7900070581924652
      rolling_friction: 0.8324237668159611
      torsion_friction: 0.8825555748376538
      thickness: 2e-3