block:
  urdf_path: block4.urdf
  asset_options:
    max_linear_velocity: 10.0
    max_angular_velocity: 40.0
  block1:
    shape_props:
      restitution: 0.3
      friction: 0.5026480382041221
      rolling_friction: 0.13728941613537837
      torsion_friction: 0.09190214366094851
      thickness: 2e-3
  block2:
    shape_props:
      restitution: 0.3
      friction: 0.5026480382041221
      rolling_friction: 0.13728941613537837
      torsion_friction: 0.09190214366094851
      thickness: 2e-3
  block3:
    shape_props:
      restitution: 0.3
      friction: 0.06924446616297042
      rolling_friction: 0.1563888457554813
      torsion_friction: 0.023259857667512485
      thickness: 2e-3