block:
  urdf_path: block90.urdf
  asset_options:
    max_linear_velocity: 10.0
    max_angular_velocity: 40.0
  block1:
    shape_props:
      restitution: 0.3
      friction: 0.3668210431959963
      rolling_friction: 0.6775678575917264
      torsion_friction: 0.9582497517766738
      thickness: 2e-3
  block2:
    shape_props:
      restitution: 0.3
      friction: 0.3668210431959963
      rolling_friction: 0.6775678575917264
      torsion_friction: 0.9582497517766738
      thickness: 2e-3
  block3:
    shape_props:
      restitution: 0.3
      friction: 0.3668210431959963
      rolling_friction: 0.6775678575917264
      torsion_friction: 0.9582497517766738
      thickness: 2e-3