block:
  urdf_path: block68.urdf
  asset_options:
    max_linear_velocity: 10.0
    max_angular_velocity: 40.0
  block1:
    shape_props:
      restitution: 0.3
      friction: 0.39809145855016403
      rolling_friction: 0.7589708970402131
      torsion_friction: 0.7462934470917133
      thickness: 2e-3
  block2:
    shape_props:
      restitution: 0.3
      friction: 0.6671331665513047
      rolling_friction: 0.7213233928761476
      torsion_friction: 0.39656325669014714
      thickness: 2e-3
  block3:
    shape_props:
      restitution: 0.3
      friction: 0.39809145855016403
      rolling_friction: 0.7589708970402131
      torsion_friction: 0.7462934470917133
      thickness: 2e-3