block:
  urdf_path: block1.urdf
  asset_options:
    max_linear_velocity: 10.0
    max_angular_velocity: 40.0
  block1:
    shape_props:
      restitution: 0.3
      friction: 0.14055047174961377
      rolling_friction: 0.4202723775035906
      torsion_friction: 0.15690757758769847
      thickness: 2e-3
  block2:
    shape_props:
      restitution: 0.3
      friction: 0.14055047174961377
      rolling_friction: 0.4202723775035906
      torsion_friction: 0.15690757758769847
      thickness: 2e-3
  block3:
    shape_props:
      restitution: 0.3
      friction: 0.9854568649803188
      rolling_friction: 0.17931648980617987
      torsion_friction: 0.19496169031066168
      thickness: 2e-3