block:
  urdf_path: block27.urdf
  asset_options:
    max_linear_velocity: 10.0
    max_angular_velocity: 40.0
  block1:
    shape_props:
      restitution: 0.3
      friction: 0.5941269168310752
      rolling_friction: 0.8792870437174948
      torsion_friction: 0.9246837241396658
      thickness: 2e-3
  block2:
    shape_props:
      restitution: 0.3
      friction: 0.5941269168310752
      rolling_friction: 0.8792870437174948
      torsion_friction: 0.9246837241396658
      thickness: 2e-3
  block3:
    shape_props:
      restitution: 0.3
      friction: 0.5941269168310752
      rolling_friction: 0.8792870437174948
      torsion_friction: 0.9246837241396658
      thickness: 2e-3