block:
  urdf_path: block40.urdf
  asset_options:
    max_linear_velocity: 10.0
    max_angular_velocity: 40.0
  block1:
    shape_props:
      restitution: 0.3
      friction: 0.29677333227950786
      rolling_friction: 0.8667396956115603
      torsion_friction: 0.7124013169394114
      thickness: 2e-3
  block2:
    shape_props:
      restitution: 0.3
      friction: 0.29677333227950786
      rolling_friction: 0.8667396956115603
      torsion_friction: 0.7124013169394114
      thickness: 2e-3
  block3:
    shape_props:
      restitution: 0.3
      friction: 0.47681180466263196
      rolling_friction: 0.21190934392002714
      torsion_friction: 0.6876153851188734
      thickness: 2e-3