block:
  urdf_path: block31.urdf
  asset_options:
    max_linear_velocity: 10.0
    max_angular_velocity: 40.0
  block1:
    shape_props:
      restitution: 0.3
      friction: 0.14050732556384715
      rolling_friction: 0.7489682037096766
      torsion_friction: 0.596517980331023
      thickness: 2e-3
  block2:
    shape_props:
      restitution: 0.3
      friction: 0.14050732556384715
      rolling_friction: 0.7489682037096766
      torsion_friction: 0.596517980331023
      thickness: 2e-3
  block3:
    shape_props:
      restitution: 0.3
      friction: 0.15761002261703572
      rolling_friction: 0.14423417455610976
      torsion_friction: 0.746960338802626
      thickness: 2e-3