block:
  urdf_path: block70.urdf
  asset_options:
    max_linear_velocity: 10.0
    max_angular_velocity: 40.0
  block1:
    shape_props:
      restitution: 0.3
      friction: 0.06126526113051378
      rolling_friction: 0.571838559879988
      torsion_friction: 0.6417202778879894
      thickness: 2e-3
  block2:
    shape_props:
      restitution: 0.3
      friction: 0.06126526113051378
      rolling_friction: 0.571838559879988
      torsion_friction: 0.6417202778879894
      thickness: 2e-3
  block3:
    shape_props:
      restitution: 0.3
      friction: 0.06126526113051378
      rolling_friction: 0.571838559879988
      torsion_friction: 0.6417202778879894
      thickness: 2e-3