block:
  urdf_path: block19.urdf
  asset_options:
    max_linear_velocity: 10.0
    max_angular_velocity: 40.0
  block1:
    shape_props:
      restitution: 0.3
      friction: 0.5665828265104033
      rolling_friction: 0.35327580010421067
      torsion_friction: 0.976627604430706
      thickness: 2e-3
  block2:
    shape_props:
      restitution: 0.3
      friction: 0.048332556563076
      rolling_friction: 0.1472023656939483
      torsion_friction: 0.10738242074074478
      thickness: 2e-3
  block3:
    shape_props:
      restitution: 0.3
      friction: 0.5665828265104033
      rolling_friction: 0.35327580010421067
      torsion_friction: 0.976627604430706
      thickness: 2e-3