block:
  urdf_path: block77.urdf
  asset_options:
    max_linear_velocity: 10.0
    max_angular_velocity: 40.0
  block1:
    shape_props:
      restitution: 0.3
      friction: 0.6201236925258641
      rolling_friction: 0.9288567152602151
      torsion_friction: 0.22198240208241726
      thickness: 2e-3
  block2:
    shape_props:
      restitution: 0.3
      friction: 0.8759818023664648
      rolling_friction: 0.4900122483182897
      torsion_friction: 0.8953862479331381
      thickness: 2e-3
  block3:
    shape_props:
      restitution: 0.3
      friction: 0.8759818023664648
      rolling_friction: 0.4900122483182897
      torsion_friction: 0.8953862479331381
      thickness: 2e-3