block:
  urdf_path: block33.urdf
  asset_options:
    max_linear_velocity: 10.0
    max_angular_velocity: 40.0
  block1:
    shape_props:
      restitution: 0.3
      friction: 0.0704454528252928
      rolling_friction: 0.964753775979462
      torsion_friction: 0.7735375013284939
      thickness: 2e-3
  block2:
    shape_props:
      restitution: 0.3
      friction: 0.0704454528252928
      rolling_friction: 0.964753775979462
      torsion_friction: 0.7735375013284939
      thickness: 2e-3
  block3:
    shape_props:
      restitution: 0.3
      friction: 0.9449824538631791
      rolling_friction: 0.6467105482558035
      torsion_friction: 0.7284258438474535
      thickness: 2e-3