block:
  urdf_path: block60.urdf
  asset_options:
    max_linear_velocity: 10.0
    max_angular_velocity: 40.0
  block1:
    shape_props:
      restitution: 0.3
      friction: 0.8351781672981885
      rolling_friction: 0.8648547928339321
      torsion_friction: 0.5659195945718476
      thickness: 2e-3
  block2:
    shape_props:
      restitution: 0.3
      friction: 0.8351781672981885
      rolling_friction: 0.8648547928339321
      torsion_friction: 0.5659195945718476
      thickness: 2e-3
  block3:
    shape_props:
      restitution: 0.3
      friction: 0.8351781672981885
      rolling_friction: 0.8648547928339321
      torsion_friction: 0.5659195945718476
      thickness: 2e-3