0,0,0,0,0,0,0,0,0,0,0,0,0,0,0,0,0,-0.0464294,0.9963,0.0721876,0,0.991591,0.054702,-0.117203,0,-0.12072,0.0661402,-0.990481,0,0.468846,-0.0882693,0.334051,1,0.200663,-23.3862,-0.712698,22.0319,0.679686,2.15498,-0.0171971,-76.5184,-118.817,-148.978,25.5722,15.4993,-2.32347,-42.3979,-0.271916,-0.137445,0.0679152,-2.18542,0.0525529,1.91566,-1.06254,0.00139591,0.000853639,0.000409682,-0.000208563,-0.000262591,0.000294601,0.000381067,
0.001,0,0,0,0,0,0,0,0,0,0,0,0,0,0,0,0,-0.0464233,0.996301,0.0721849,0,0.991591,0.0546952,-0.117199,0,-0.120715,0.0661384,-0.990481,0,0.468846,-0.0882729,0.334053,1,0.236368,-23.3465,-0.637319,22.0319,0.679686,2.15498,-0.0300145,49.3143,-74.7287,131.998,2.22527,6.00767,-20.2006,-16.6521,-0.271918,-0.137449,0.0679104,-2.18542,0.0525507,1.91566,-1.06254,0.000165214,-0.000357626,-0.00149018,-0.000139081,-0.00017506,0.000196402,0.000728762,
0.002,0,0,0,0,0,0,0,0,0,0,0,0,0,0,0,0,-0.0464346,0.9963,0.0721844,0,0.991591,0.0547064,-0.117198,0,-0.120716,0.0661367,-0.990482,0,0.468847,-0.0882704,0.334053,1,0.200663,-23.3465,-0.676992,21.9962,0.679686,2.16231,0.0166774,34.5427,14.7349,-6.21372,-55.8007,0.522782,22.624,25.9889,-0.271915,-0.137449,0.0679133,-2.18542,0.05255,1.91566,-1.06254,0.000997727,-0.000237441,-6.54779e-05,0.000742467,-0.000116707,-0.000140331,-0.00124349,
0.003,0,0,0,0,0,0,0,0,0,0,0,0,0,0,0,0,-0.0464389,0.9963,0.0721878,0,0.99159,0.0547115,-0.117205,0,-0.120723,0.0661391,-0.990481,0,0.468846,-0.0882701,0.334051,1,0.236368,-23.4219,-0.712698,21.9962,0.667784,2.14766,0.0624537,-57.2642,-187.931,-165.722,-121.365,-32.0129,-4.7391,35.0563,-0.271918,-0.137444,0.0679159,-2.18542,0.0525511,1.91566,-1.06255,-0.000130791,0.00160568,0.000791532,0.000494956,0.000363005,0.000448982,-0.00252441,
0.004,0,0,0,0,0,0,0,0,0,0,0,0,0,0,0,0,-0.0464212,0.996301,0.0721844,0,0.991592,0.054693,-0.117196,0,-0.120713,0.0661384,-0.990482,0,0.468847,-0.0882745,0.334054,1,0.16099,-23.4973,-0.637319,21.9962,0.673277,2.12019,-0.0300145,-126.643,-279.296,19.127,-153.601,2.68393,-68.9296,-92.5697,-0.271919,-0.137447,0.0679085,-2.18541,0.0525504,1.91566,-1.06254,-0.00138675,-0.00336014,-0.00123558,0.000329954,3.85527e-05,0.00131657,0.00174181,
0.005,0,0,0,0,0,0,0,0,0,0,0,0,0,0,0,0,-0.0464365,0.9963,0.072181,0,0.991592,0.0547075,-0.117191,0,-0.120709,0.0661334,-0.990483,0,0.468848,-0.0882711,0.334057,1,0.16099,-23.9456,-0.637319,22.1787,0.685179,2.10005,0.0294947,69.9047,-712.444,91.2137,177.932,15.057,27.6268,26.7589,-0.271921,-0.137452,0.0679184,-2.18541,0.052549,1.91566,-1.06254,-0.0011601,-0.0110415,0.0116472,0.00523528,-0.000415108,0.0016237,-0.00104284,
0.006,0,0,0,0,0,0,0,0,0,0,0,0,0,0,0,0,-0.0464693,0.996299,0.0721764,0,0.991589,0.0547399,-0.117198,0,-0.120717,0.0661245,-0.990482,0,0.468851,-0.0882552,0.334056,1,0.831461,-25.7467,0.560801,23.0198,0.800536,2.16872,-0.00346424,835.749,-1395.37,928.046,578.886,116.483,110.989,-65.3044,-0.271909,-0.137447,0.067942,-2.18541,0.0525458,1.91566,-1.06254,0.0078497,-0.00142892,0.0182638,0.000391459,0.000142042,0.00777679,0.000525475,
0.007,0,0,0,0,0,0,0,0,0,0,0,0,0,0,0,0,-0.046524,0.996298,0.0721545,0,0.991591,0.0547889,-0.117155,0,-0.120677,0.0660986,-0.990489,0,0.468857,-0.0882328,0.33408,1,1.91056,-26.687,1.15986,23.6783,0.854552,2.29323,0.0294947,1417.87,-1323.68,882.783,813.406,47.1798,186.902,-16.8921,-0.271923,-0.137492,0.0680041,-2.1854,0.0525462,1.91565,-1.06254,0.00361154,-0.0206742,0.036394,0.00502952,-0.00151497,0.00134277,-0.000870386,
0.008,0,0,0,0,0,0,0,0,0,0,0,0,0,0,0,0,-0.046573,0.996298,0.0721311,0,0.991597,0.0548303,-0.117086,0,-0.12061,0.0660732,-0.990499,0,0.468865,-0.088207,0.334114,1,2.94999,-27.5479,1.4217,24.3726,0.812438,2.43147,-0.00987293,1407.7,-1159.26,274.061,917.313,-68.173,10.7597,-18.3308,-0.271939,-0.137555,0.0680737,-2.18539,0.0525562,1.91565,-1.06254,-0.00612708,-0.0374853,0.0453899,0.00554925,0.000843013,-0.00364765,0.000877805,
0.009,0,0,0,0,0,0,0,0,0,0,0,0,0,0,0,0,-0.0466031,0.996298,0.0721079,0,0.991604,0.0548528,-0.117018,0,-0.120542,0.0660504,-0.990508,0,0.468865,-0.0881933,0.334145,1,3.13645,-29.0118,1.4217,25.6858,0.728209,2.40401,0.00294445,-307.202,-852.305,-189.086,812.286,-30.9982,-18.6668,-20.4033,-0.271941,-0.137635,0.068103,-2.18541,0.0525609,1.91566,-1.06254,-0.0173505,-0.0357018,0.0238502,-0.0109546,0.00390149,-0.00098151,0.000110485,
0.01,0,0,0,0,0,0,0,0,0,0,0,0,0,0,0,0,-0.0466468,0.996298,0.0720734,0,0.991616,0.0548847,-0.116906,0,-0.120431,0.0660171,-0.990524,0,0.468871,-0.088176,0.334195,1,2.13273,-29.4998,0.89802,26.4197,0.691588,2.36189,0.00294445,-1382.52,-593.51,-742.709,834.661,-49.8921,-40.5938,-9.35629,-0.271906,-0.13774,0.0681048,-2.18541,0.0525634,1.91568,-1.06254,-0.00841311,-0.0619317,0.0066995,-0.00856919,0.00412225,0.00589593,7.36568e-05,
0.011,0,0,0,0,0,0,0,0,0,0,0,0,0,0,0,0,-0.0466053,0.996302,0.0720425,0,0.991628,0.0548344,-0.116828,0,-0.120349,0.0659957,-0.990536,0,0.468861,-0.088197,0.334244,1,1.05363,-29.8013,0.187876,27.0386,0.715392,2.59077,-0.0428319,-1496.32,-405.601,-1060.23,734.846,36.2525,252.256,16.9249,-0.271908,-0.137848,0.068062,-2.18541,0.0525539,1.91566,-1.06253,-0.0152704,-0.0788314,-0.0154215,-0.00988206,0.00199024,-0.00391411,0.00174453,
0.012,0,0,0,0,0,0,0,0,0,0,0,0,0,0,0,0,-0.046631,0.996306,0.0719829,0,0.991635,0.0548484,-0.116762,0,-0.120281,0.0659373,-0.990548,0,0.468841,-0.0882038,0.334294,1,-1.28707,-30.1742,-1.87511,28.1018,0.9635,2.84621,0.00935314,-1501.81,-245.547,-1316.98,803.531,221.924,343.847,14.9749,-0.27188,-0.137991,0.0680267,-2.18545,0.0525112,1.91563,-1.06254,0.0133134,-0.0886037,-0.00219366,-0.0219255,-0.00776958,-0.0115956,-0.000769763,
0.013,0,0,0,0,0,0,0,0,0,0,0,0,0,0,0,0,-0.0465275,0.996313,0.0719425,0,0.991649,0.0547358,-0.116691,0,-0.120201,0.0659137,-0.990559,0,0.46882,-0.0882626,0.334347,1,-1.99325,-30.1385,-2.28771,28.32,1.17407,3.1291,-0.0300145,-932.614,96.9287,-581.366,269.793,275.284,349.748,-35.3467,-0.271919,-0.13811,0.0679446,-2.18545,0.0524828,1.91559,-1.06254,0.00179164,-0.101867,-0.0188378,-0.016677,-0.0129091,-0.0178524,0.000944887,
0.014,0,0,0,0,0,0,0,0,0,0,0,0,0,0,0,0,-0.0464749,0.996318,0.0719122,0,0.991653,0.0546791,-0.116682,0,-0.120187,0.0658904,-0.990562,0,0.468791,-0.0882945,0.334389,1,-2.40188,-29.837,-2.39879,28.3915,1.38556,3.55757,-0.0300145,-404.94,485.679,29.8266,12.7886,240.422,224.111,37.1894,-0.271936,-0.138221,0.067894,-2.18547,0.0524512,1.91551,-1.06253,0.00240919,-0.104353,-0.0218301,-0.0196178,-0.0163867,-0.0368427,0.000629925,
0.015,0,0,0,0,0,0,0,0,0,0,0,0,0,0,0,0,-0.0464323,0.996322,0.0718862,0,0.991667,0.0546276,-0.116591,0,-0.120091,0.0658749,-0.990575,0,0.468767,-0.0883178,0.334451,1,-1.47353,-28.0755,-1.83544,27.8797,1.25281,3.59968,0.0954127,951.217,1476.73,532.741,-668.864,-185.445,45.7569,196.231,-0.271987,-0.138389,0.067884,-2.1855,0.0524569,1.91548,-1.06255,-0.008765,-0.114071,-0.0110968,-0.0247499,-0.00596862,-0.0406587,-0.0042255,
0.016,0,0,0,0,0,0,0,0,0,0,0,0,0,0,0,0,-0.046421,0.996321,0.0719001,0,0.991672,0.0546156,-0.116554,0,-0.120055,0.065892,-0.990578,0,0.468756,-0.0883104,0.334476,1,-0.691976,-26.7981,-1.42284,27.0029,0.896666,3.48158,0.115554,1025.08,1629.78,550.14,-1136.99,-495.629,-164.186,68.9703,-0.27201,-0.138464,0.0679054,-2.18552,0.0524903,1.91545,-1.06255,-0.0134633,-0.0911556,-0.000256588,-0.0287947,0.00924065,-0.0383256,-0.00356299,
0.017,0,0,0,0,0,0,0,0,0,0,0,0,0,0,0,0,-0.0463976,0.99632,0.0719346,0,0.991673,0.0545962,-0.11655,0,-0.120051,0.0659293,-0.990576,0,0.468744,-0.0882961,0.334482,1,-0.061178,-25.2231,-1.01421,26.0547,0.402281,2.9286,0.0230861,818.849,2012.76,351.531,-1203.01,-647.71,-469.795,-61.9474,-0.27202,-0.138512,0.0679233,-2.18556,0.0525367,1.91544,-1.06254,-0.0146648,-0.0759991,0.00297631,-0.0349469,0.024493,-0.0216531,0.00104943,
0.018,0,0,0,0,0,0,0,0,0,0,0,0,0,0,0,0,-0.0463739,0.996317,0.0719971,0,0.991685,0.0545741,-0.11646,0,-0.119962,0.065999,-0.990582,0,0.468762,-0.0882808,0.334519,1,0.0142004,-22.8228,-0.450857,22.984,-0.370424,2.56239,0.0761866,-156.344,1527.16,338.492,-2307.99,-352.575,-481.068,77.0354,-0.272001,-0.138542,0.06791,-2.18551,0.0526293,1.91543,-1.06254,-0.00794365,-0.0728385,-0.00999766,0.0117549,0.0496551,-0.0131968,-0.00126707,
0.019,0,0,0,0,0,0,0,0,0,0,0,0,0,0,0,0,-0.0463763,0.996313,0.0720448,0,0.991676,0.054587,-0.116532,0,-0.120037,0.0660421,-0.99057,0,0.468762,-0.0882654,0.334482,1,-0.136556,-22.2952,-0.411184,21.409,-0.479372,2.2383,0.056045,-295.539,800.783,27.8095,-2125.69,-102.736,-411.921,16.5492,-0.271982,-0.138469,0.0679138,-2.18552,0.0526565,1.91543,-1.06254,-0.00111135,-0.0270284,-0.00669611,0.00696638,0.0422331,-0.00442644,-9.87292e-05,
0.02,0,0,0,0,0,0,0,0,0,0,0,0,0,0,0,0,-0.0463476,0.996311,0.0720916,0,0.991666,0.0545703,-0.116625,0,-0.120131,0.0660868,-0.990556,0,0.468762,-0.0882614,0.33444,1,-0.0968836,-21.9977,-0.486563,19.9134,-0.437257,1.95448,-0.0767064,13.364,434.163,-72.1028,-1961,61.0967,-161.436,-1.16338,-0.271982,-0.138375,0.0679149,-2.18551,0.052676,1.91541,-1.06253,-0.00117546,0.0138867,-0.00515313,0.00429107,0.0366789,0.000243041,0.0048509,
0.021,0,0,0,0,0,0,0,0,0,0,0,0,0,0,0,0,-0.0463598,0.996309,0.0721111,0,0.991653,0.0545914,-0.116724,0,-0.120232,0.0660992,-0.990543,0,0.468782,-0.0882639,0.334395,1,0.0142004,-21.9223,-0.938833,17.3902,0.0159288,1.86476,-0.0565648,34.5947,-44.6273,-232.874,-1419.19,398.701,-140.018,38.4731,-0.271991,-0.138216,0.0679325,-2.18544,0.0526593,1.91539,-1.06253,-0.003012,0.0444042,0.00428616,0.0382225,0.0136181,-0.00363428,0.00248795,
0.022,0,0,0,0,0,0,0,0,0,0,0,0,0,0,0,0,-0.0463633,0.996308,0.0721258,0,0.991639,0.0546042,-0.116836,0,-0.120345,0.0661071,-0.990529,0,0.468784,-0.088272,0.33434,1,-0.0215052,-21.9977,-0.974539,16.4023,0.444396,1.70546,-0.00346424,-74.7187,-124.649,-55.5083,-1274.07,576.824,-220.956,64.1543,-0.271991,-0.138092,0.067926,-2.18542,0.0526325,1.91539,-1.06254,-0.000895215,0.0727048,0.00361727,0.0319275,-0.000744128,-0.00336326,-0.000308056,
0.023,0,0,0,0,0,0,0,0,0,0,0,0,0,0,0,0,-0.0463663,0.996309,0.0721075,0,0.991635,0.0546071,-0.116867,0,-0.120376,0.0660869,-0.990526,0,0.468801,-0.0882835,0.334301,1,-0.0968836,-21.8469,-1.08562,15.708,0.84265,1.02156,-0.0171971,-11.809,97.2075,-176.066,-938.421,522.8,-515.163,-8.90383,-0.271995,-0.137988,0.0679265,-2.18541,0.0525983,1.91546,-1.06253,-0.00170799,0.0875465,0.00495343,0.0252149,-0.00914536,0.02107,0.000303256,
0.024,0,0,0,0,0,0,0,0,0,0,0,0,0,0,0,0,-0.0463845,0.996311,0.0720734,0,0.991628,0.0546247,-0.116922,0,-0.12043,0.0660479,-0.990522,0,0.468816,-0.0882967,0.334258,1,-0.0215052,-21.1725,-1.42284,15.1249,1.29492,0.57936,0.00294445,69.6086,464.652,-197.921,-185.019,214.47,-580.419,37.6778,-0.272014,-0.137874,0.0679456,-2.18539,0.0525419,1.91551,-1.06253,-0.00601127,0.0858987,0.011148,0.0222142,-0.0260994,0.0381345,0.00430998,
0.025,0,0,0,0,0,0,0,0,0,0,0,0,0,0,0,0,-0.0463818,0.996312,0.0720573,0,0.991625,0.0546216,-0.116945,0,-0.120452,0.066031,-0.990521,0,0.468829,-0.0883124,0.334223,1,0.0895788,-20.7956,-1.46251,15.0138,1.39746,0.150893,0.0432277,208.816,509.28,-103.758,-107.975,142.766,-555.584,54.3829,-0.272031,-0.137787,0.0679469,-2.18538,0.0525124,1.91557,-1.06253,-0.00693225,0.0861942,0.00832825,0.0162129,-0.0298911,0.0503482,0.00178583,
0.026,0,0,0,0,0,0,0,0,0,0,0,0,0,0,0,0,-0.0463865,0.996313,0.0720366,0,0.991628,0.0546222,-0.116921,0,-0.120428,0.0660112,-0.990525,0,0.468853,-0.0883244,0.334195,1,0.049906,-20.7599,-1.38714,15.1606,1.40936,-0.201585,0.0761866,62.3672,-8.50614,106.444,115.802,-0.245003,-96.7596,25.7957,-0.272035,-0.137705,0.0679454,-2.18537,0.0524923,1.91567,-1.06253,-0.00706084,0.0818573,0.00683136,0.0170144,-0.0298134,0.0611295,0.000273216,
0.027,0,0,0,0,0,0,0,0,0,0,0,0,0,0,0,0,-0.046372,0.996313,0.0720447,0,0.991627,0.0546099,-0.116939,0,-0.120445,0.06602,-0.990522,0,0.468868,-0.0883279,0.334165,1,0.0895788,-21.6208,-1.34746,16.073,1.10815,-0.0633405,-0.0171971,-143.143,-839.294,-45.0173,772.476,-233.399,191.228,-91.8881,-0.272045,-0.13762,0.0679545,-2.18536,0.0524939,1.91572,-1.06252,-0.00911775,0.0739213,0.00699619,0.0138274,-0.0144049,0.0607442,0.00386832,
0.028,0,0,0,0,0,0,0,0,0,0,0,0,0,0,0,0,-0.0463692,0.996314,0.0720361,0,0.991631,0.0546037,-0.116905,0,-0.120409,0.0660137,-0.990527,0,0.468886,-0.0883316,0.334166,1,0.200663,-22.5967,-1.31176,16.9141,0.945189,0.261672,-0.0501561,-70.6601,-1253.55,73.903,1151.3,-212.884,433.559,-73.0228,-0.272055,-0.137589,0.0679645,-2.18532,0.0524951,1.91575,-1.06252,-0.009263,0.052735,0.0105231,0.0185325,-0.00937673,0.055091,0.00397023,
0.029,0,0,0,0,0,0,0,0,0,0,0,0,0,0,0,0,-0.0463658,0.996315,0.072023,0,0.991637,0.0545957,-0.116859,0,-0.120363,0.0660037,-0.990533,0,0.468896,-0.0883369,0.334185,1,0.347452,-23.6837,-1.161,18.013,0.836241,1.29072,-0.0501561,162.684,-1334.89,273.279,1550.3,-142.032,753.422,-34.484,-0.272064,-0.137601,0.0679666,-2.18529,0.0524951,1.91576,-1.06252,-0.0100485,0.0281962,0.0105292,0.0273208,-0.00344297,0.0263718,0.0027748,
0.03,0,0,0,0,0,0,0,0,0,0,0,0,0,0,0,0,-0.0463508,0.996316,0.0720184,0,0.991645,0.0545762,-0.116797,0,-0.1203,0.0660043,-0.990541,0,0.468893,-0.0883358,0.334208,1,0.573588,-25.2588,-1.08562,20.8258,0.649474,1.87849,-0.0831151,220.257,-883.676,-42.2624,1967.29,-106.644,787.272,-88.7985,-0.272079,-0.13767,0.0679762,-2.18532,0.052515,1.91577,-1.06252,-0.0123184,0.0105666,0.00953387,-0.00534693,0.00370182,0.0197734,0.00316656,
0.031,0,0,0,0,0,0,0,0,0,0,0,0,0,0,0,0,-0.0463697,0.996317,0.0719906,0,0.99166,0.0545833,-0.116672,0,-0.120174,0.0659814,-0.990558,0,0.468899,-0.088328,0.334269,1,0.573588,-25.7864,-1.08562,22.3969,0.600951,2.39668,-0.0565648,-45.1234,-654.953,-22.6198,1986.03,-55.1446,665.409,4.58909,-0.272075,-0.137784,0.0679854,-2.1853,0.0525297,1.91578,-1.06252,-0.00533318,-0.0289273,0.0106091,-0.0018681,0.0129684,0.0179892,0.00119968,
0.032,0,0,0,0,0,0,0,0,0,0,0,0,0,0,0,0,-0.0463887,0.996319,0.071957,0,0.991675,0.0545896,-0.116543,0,-0.120045,0.0659529,-0.990575,0,0.468897,-0.0883242,0.334334,1,0.609293,-26.0125,-1.04992,23.9322,0.600951,2.82515,0.0359034,-7.38089,-351.503,-47.4195,2001.35,11.4684,555.106,27.177,-0.272076,-0.137925,0.0679902,-2.18531,0.0525392,1.91577,-1.06253,-0.00431557,-0.0680583,0.00734239,-0.00435516,0.0135801,0.011024,-0.00257097,
0.033,0,0,0,0,0,0,0,0,0,0,0,0,0,0,0,0,-0.0464072,0.996321,0.0719202,0,0.991686,0.0545967,-0.11644,0,-0.119941,0.0659199,-0.99059,0,0.468869,-0.0883077,0.334396,1,0.236368,-26.1593,-0.748403,26.6379,0.679686,3.28108,-0.0364232,-343.547,-1.92701,289.335,1545.49,60.3194,217.745,-73.0694,-0.272045,-0.138135,0.06798,-2.18539,0.0525432,1.91576,-1.06252,0.00904833,-0.091861,0.0017334,-0.0426963,0.00672529,-0.00453928,0.00100528,
0.034,0,0,0,0,0,0,0,0,0,0,0,0,0,0,0,0,-0.0464316,0.996322,0.07188,0,0.991701,0.0546074,-0.116309,0,-0.119809,0.0658843,-0.990608,0,0.468867,-0.0882968,0.334461,1,0.125284,-26.2744,-0.748403,27.6972,0.7218,3.35707,-0.0501561,-120.401,-199.823,25.1777,1352.81,54.4334,106.828,-36.4281,-0.272033,-0.138286,0.0679879,-2.18541,0.0525492,1.91576,-1.06252,0.0120758,-0.112621,0.00513072,-0.0366031,0.00800511,-0.00209224,0.00120918,
0.035,0,0,0,0,0,0,0,0,0,0,0,0,0,0,0,0,-0.0464603,0.996323,0.0718506,0,0.991709,0.0546274,-0.116233,0,-0.119733,0.0658559,-0.990619,0,0.468854,-0.0882868,0.334515,1,0.049906,-26.5362,-0.712698,28.5025,0.763915,3.51637,0.00935314,-92.0436,-326.198,-133.293,953.121,53.9784,132.264,61.1491,-0.272025,-0.138423,0.0679945,-2.18543,0.0525481,1.91573,-1.06253,0.0103038,-0.126828,0.00662967,-0.0308784,0.0044944,-0.0091457,-0.00137515,
0.036,0,0,0,0,0,0,0,0,0,0,0,0,0,0,0,0,-0.0464738,0.996324,0.0718231,0,0.991716,0.0546332,-0.116167,0,-0.119667,0.0658307,-0.990629,0,0.468834,-0.0882728,0.334567,1,0.049906,-27.6986,-0.712698,29.3436,0.752013,3.66835,-0.0831151,-87.11,-841.32,-1.00934,504.813,-19.38,199.29,-106.758,-0.272017,-0.138576,0.068006,-2.18547,0.0525506,1.91569,-1.06252,0.0103643,-0.119815,0.00849113,-0.0350409,0.00397517,-0.019362,0.00252507,
0.037,0,0,0,0,0,0,0,0,0,0,0,0,0,0,0,0,-0.0465003,0.996325,0.0717932,0,0.991723,0.0546512,-0.116097,0,-0.119597,0.0658017,-0.99064,0,0.468821,-0.0882618,0.334623,1,-0.061178,-28.262,-0.676992,29.5261,0.758421,3.86885,-0.0831151,-184.368,-752.781,-12.7328,294.477,-5.42686,270.759,-23.2581,-0.272003,-0.138711,0.0680095,-2.18548,0.0525471,1.91564,-1.06252,0.0131272,-0.130224,0.00892155,-0.0300043,0.00281632,-0.0292847,0.00169619,
0.038,0,0,0,0,0,0,0,0,0,0,0,0,0,0,0,0,-0.0465182,0.996325,0.0717827,0,0.991725,0.0546663,-0.116074,0,-0.119574,0.0657905,-0.990643,0,0.468801,-0.0882534,0.334668,1,-0.0968836,-28.7857,-0.561941,29.5618,0.745604,4.11787,-0.0236058,-51.6577,-680.236,91.1211,41.6139,-20.7886,68.1263,-10.2892,-0.271994,-0.138826,0.0680076,-2.18549,0.0525475,1.91556,-1.06252,0.0102458,-0.126318,0.00424509,-0.0213909,-0.00204735,-0.0431711,-0.00106364,
0.039,0,0,0,0,0,0,0,0,0,0,0,0,0,0,0,0,-0.0465356,0.996327,0.0717444,0,0.991733,0.0546741,-0.116001,0,-0.1195,0.0657544,-0.990654,0,0.468789,-0.0882465,0.334722,1,-0.0215052,-29.1983,-0.601614,29.1611,0.775816,3.99336,-0.0501561,284.215,109.943,-47.629,-405.716,9.72303,-175.773,-97.1264,-0.271988,-0.138958,0.0680146,-2.18551,0.0525375,1.91553,-1.06252,0.00867085,-0.109801,0.00449956,-0.0189807,-0.00264873,-0.0443044,0.00536633,
0.04,0,0,0,0,0,0,0,0,0,0,0,0,0,0,0,0,-0.0465446,0.996328,0.0717211,0,0.991739,0.054677,-0.115951,0,-0.119449,0.0657329,-0.990662,0,0.468777,-0.0882434,0.334757,1,0.049906,-28.9364,-0.637319,28.7564,0.794127,3.71687,-0.0364232,137.74,443.375,-103.44,-592.048,40.7383,-394.408,-4.33513,-0.271988,-0.139058,0.0680164,-2.18553,0.0525332,1.91551,-1.06252,0.00786019,-0.100744,0.00439104,-0.0252332,-0.00256763,-0.0454714,0.00349807,
0.041,0,0,0,0,0,0,0,0,0,0,0,0,0,0,0,0,-0.0465505,0.99633,0.0717002,0,0.991746,0.0546767,-0.115897,0,-0.119394,0.0657146,-0.99067,0,0.46877,-0.0882479,0.334783,1,0.049906,-28.2263,-0.526235,28.0622,0.800536,2.85994,0.0624537,-9.24686,1034.22,81.1998,-927.851,21.6406,-572.74,64.7821,-0.271988,-0.139133,0.0680062,-2.18556,0.0525286,1.91551,-1.06253,0.00597253,-0.0936646,0.000745989,-0.0304584,-0.0067148,-0.0210284,-0.0010082,
0.042,0,0,0,0,0,0,0,0,0,0,0,0,0,0,0,0,-0.0465381,0.996332,0.0716792,0,0.991757,0.054656,-0.115809,0,-0.119304,0.0657001,-0.990682,0,0.468768,-0.0882551,0.334832,1,-0.0968836,-26.0125,-0.375479,25.7969,0.715392,2.42415,0.069778,-62.8649,1611.8,255.119,-1720.41,-84.6187,-564.207,2.49297,-0.271982,-0.139231,0.0679821,-2.18555,0.0525335,1.9155,-1.06253,0.00796467,-0.0967465,-0.00584016,-0.00538246,-0.00178201,-0.016285,-0.000702009,
0.043,0,0,0,0,0,0,0,0,0,0,0,0,0,0,0,0,-0.0465237,0.996332,0.0716876,0,0.991755,0.0546443,-0.115833,0,-0.119327,0.0657088,-0.990678,0,0.468756,-0.0882564,0.334828,1,-0.207968,-24.7747,-0.411184,24.3726,0.654967,2.10646,0.0359034,-135.674,1598.53,-55.7727,-1873.63,-82.4294,-399.278,-43.6837,-0.27198,-0.139245,0.0679716,-2.18557,0.0525355,1.91548,-1.06253,0.00523264,-0.0719351,-0.00621756,-0.0100791,0.000705726,-0.01791,0.000967651,
0.044,0,0,0,0,0,0,0,0,0,0,0,0,0,0,0,0,-0.0464926,0.996332,0.0717119,0,0.991751,0.0546194,-0.115881,0,-0.119375,0.0657339,-0.990671,0,0.468744,-0.0882622,0.334813,1,-0.319052,-23.6084,-0.339773,22.984,0.558836,1.85744,0.0294947,-122.965,1467.1,128.568,-1895.47,-113.368,-77.743,4.97365,-0.271982,-0.139232,0.0679537,-2.18559,0.0525446,1.91546,-1.06252,-0.000116315,-0.0445373,-0.00915865,-0.0125123,0.0037727,-0.0165628,0.0056785,
0.045,0,0,0,0,0,0,0,0,0,0,0,0,0,0,0,0,-0.0464781,0.996331,0.0717254,0,0.991753,0.0546054,-0.115862,0,-0.119356,0.0657502,-0.990672,0,0.468759,-0.0882671,0.334828,1,-0.358724,-22.0334,-0.561941,20.0959,0.426085,1.86476,0.0230861,116.457,750.798,-147.969,-1757.25,-49.9479,24.3113,-32.863,-0.271994,-0.139207,0.0679543,-2.18553,0.0525621,1.91544,-1.06252,0.000368001,-0.0427411,-0.00451049,0.0293776,0.00723823,-0.0155297,0.00451322,
0.046,0,0,0,0,0,0,0,0,0,0,0,0,0,0,0,0,-0.046465,0.996329,0.0717588,0,0.991744,0.0546021,-0.115949,0,-0.119444,0.06578,-0.990659,0,0.468755,-0.0882693,0.334789,1,-0.24764,-22.1087,-0.748403,19.1437,0.407774,1.87849,0.056045,182.988,-70.816,-288.925,-1203.29,-12.5057,8.25251,2.70648,-0.272008,-0.139131,0.0679603,-2.18553,0.0525682,1.91542,-1.06253,-0.00271498,-0.0139186,0.000744204,0.0250503,0.00535844,-0.0140242,0.00215575,
0.047,0,0,0,0,0,0,0,0,0,0,0,0,0,0,0,0,-0.0464449,0.99633,0.0717714,0,0.991743,0.0545846,-0.115964,0,-0.119458,0.0657941,-0.990657,0,0.468764,-0.0882761,0.334771,1,-0.207968,-22.7475,-0.748403,18.4851,0.426085,1.76131,0.0166774,32.289,-895.007,42.3761,-730.383,44.7012,-141.179,12.9599,-0.272016,-0.139073,0.0679558,-2.18551,0.0525739,1.91544,-1.06252,-0.0030094,-0.00033328,-0.0030529,0.0255229,0.0074292,0.00197609,0.00317096,
0.048,0,0,0,0,0,0,0,0,0,0,0,0,0,0,0,0,-0.0464477,0.996329,0.0717739,0,0.991742,0.0545882,-0.115971,0,-0.119466,0.0657958,-0.990656,0,0.468784,-0.0882823,0.334749,1,-0.0968836,-25.1873,-0.863455,18.6676,0.570738,1.56081,0.0359034,116.122,-1873.37,-8.26255,589.028,100.497,-274.742,-7.35338,-0.272029,-0.138989,0.0679666,-2.18547,0.05257,1.91548,-1.06253,-0.00480827,0.0273224,0.00630268,0.0290318,-9.94138e-05,0.0171849,0.0016087,
0.049,0,0,0,0,0,0,0,0,0,0,0,0,0,0,0,0,-0.0464466,0.996331,0.0717523,0,0.991751,0.0545797,-0.115899,0,-0.119392,0.0657785,-0.990666,0,0.468803,-0.0882905,0.334763,1,0.0142004,-26.7624,-0.823782,19.3262,0.654967,1.33284,0.069778,140.983,-1935.51,104.716,1007.54,83.7969,-315.256,29.5887,-0.272037,-0.138986,0.0679669,-2.18545,0.0525679,1.91554,-1.06253,-0.00595662,0.0130628,0.00334366,0.0329727,-0.00295686,0.0292932,-2.70456e-05,
0.05,0,0,0,0,0,0,0,0,0,0,0,0,0,0,0,0,-0.0464497,0.996334,0.0716994,0,0.991769,0.0545667,-0.115751,0,-0.119241,0.0657339,-0.990687,0,0.468833,-0.0882976,0.334789,1,0.125284,-28.1112,-0.863455,20.4251,0.775816,0.883315,-0.00987293,185.277,-1648.85,13.1371,1543.64,138.443,-274.58,8.37679,-0.272044,-0.139013,0.0679771,-2.18543,0.0525601,1.91565,-1.06252,-0.00668403,-0.000912244,0.00320954,0.0288985,-0.00627542,0.0558167,0.00304833,
0.051,0,0,0,0,0,0,0,0,0,0,0,0,0,0,0,0,-0.0464507,0.996338,0.0716479,0,0.991781,0.054555,-0.115654,0,-0.119141,0.0656881,-0.990702,0,0.468833,-0.0883132,0.334817,1,0.458536,-29.0118,-0.748403,22.3612,0.9635,0.800002,0.069778,292.441,-19.9821,91.4918,1048.14,81.3224,-104.809,108.684,-0.27207,-0.13909,0.06798,-2.18546,0.0525379,1.91571,-1.06253,-0.0123373,-0.00777624,-0.000512249,-0.0103296,-0.0202014,0.0518106,-0.000830571,
0.052,0,0,0,0,0,0,0,0,0,0,0,0,0,0,0,0,-0.0464603,0.996341,0.0715983,0,0.991796,0.0545502,-0.115527,0,-0.119012,0.0656447,-0.99072,0,0.46884,-0.0883161,0.334869,1,0.458536,-28.5635,-0.712698,23.1665,0.980895,0.918105,0.0432277,25.448,622.338,43.2053,1013.63,7.52501,170.272,-15.5195,-0.272073,-0.139194,0.0679833,-2.18546,0.0525291,1.91574,-1.06253,-0.0114411,-0.031622,0.00194034,-0.0160473,-0.0147815,0.0465401,0.00936024,
0.053,0,0,0,0,0,0,0,0,0,0,0,0,0,0,0,0,-0.0464558,0.996344,0.071564,0,0.991805,0.0545369,-0.115454,0,-0.118937,0.0656152,-0.990731,0,0.468834,-0.0883216,0.334917,1,0.458536,-27.6629,-0.601614,23.4958,0.908568,1.73292,0.00294445,-174.677,1219.24,-36.702,424.099,-82.0266,655.426,-15.3409,-0.272076,-0.139299,0.0679753,-2.18546,0.0525189,1.91572,-1.06252,-0.0110852,-0.0571655,-0.00102548,-0.0151797,-0.00767783,0.0177998,0.00851997,
0.054,0,0,0,0,0,0,0,0,0,0,0,0,0,0,0,0,-0.0464537,0.996346,0.0715296,0,0.991818,0.0545236,-0.115348,0,-0.118829,0.0655873,-0.990746,0,0.468815,-0.0883267,0.334985,1,0.422831,-25.7864,-0.486563,23.9322,0.806029,2.33443,0.089004,-89.3086,1187.35,-53.8013,109.572,-129.909,793.175,131.972,-0.272087,-0.139474,0.0679672,-2.18549,0.052521,1.91568,-1.06253,-0.0101621,-0.0995387,-0.00316535,-0.0209366,-0.00640163,0.00213075,0.00308347,
0.055,0,0,0,0,0,0,0,0,0,0,0,0,0,0,0,0,-0.0464376,0.996348,0.0715196,0,0.991822,0.0545048,-0.115324,0,-0.118803,0.0655806,-0.99075,0,0.468801,-0.0883309,0.335016,1,0.422831,-25.1477,-0.450857,23.9679,0.745604,2.90846,0.056045,-27.7981,904.327,141.82,87.1729,-90.2292,743.032,22.7452,-0.272096,-0.139554,0.0679604,-2.1855,0.0525215,1.91564,-1.06253,-0.00740562,-0.0986167,-0.00278828,-0.0164915,-0.00270433,-0.0119051,0.00371951,
0.056,0,0,0,0,0,0,0,0,0,0,0,0,0,0,0,0,-0.0464132,0.996349,0.0715262,0,0.991821,0.0544823,-0.11534,0,-0.118818,0.0655891,-0.990747,0,0.468781,-0.0883297,0.335046,1,0.347452,-24.7351,-0.450857,23.714,0.691588,3.65462,-0.0693822,-58.2091,562.097,-16.1269,-293.166,-95.513,362.199,-70.7351,-0.272102,-0.139627,0.0679568,-2.1855,0.0525286,1.91555,-1.06251,-0.00676466,-0.0956078,-0.00487707,-0.0103226,-0.000308187,-0.0373662,0.0074575,
0.057,0,0,0,0,0,0,0,0,0,0,0,0,0,0,0,0,-0.046396,0.99635,0.0715178,0,0.991832,0.0544589,-0.11526,0,-0.118736,0.0655873,-0.990757,0,0.468776,-0.0883371,0.335098,1,0.387125,-24.3979,-0.486563,23.3133,0.565245,3.76539,0.00294445,47.8563,202.704,-48.626,-375.517,-68.171,132.841,107.333,-0.272117,-0.13973,0.0679475,-2.18549,0.0525462,1.91552,-1.06252,-0.00605247,-0.0947497,-0.00568268,0.00265117,0.00409448,-0.0365476,0.00254218,
0.058,0,0,0,0,0,0,0,0,0,0,0,0,0,0,0,0,-0.0463757,0.996351,0.0715225,0,0.991836,0.0544373,-0.115231,0,-0.118707,0.0655959,-0.99076,0,0.468767,-0.0883362,0.335123,1,0.347452,-24.3979,-0.561941,23.2737,0.474608,3.70955,-0.0300145,-61.627,-91.9966,-146.953,-71.884,-115.072,-40.7101,-2.81783,-0.272123,-0.139792,0.0679446,-2.1855,0.0525638,1.91549,-1.06251,-0.00671734,-0.0869024,-0.00241272,-0.000449315,0.0104896,-0.0310818,0.00310245,
0.059,0,0,0,0,0,0,0,0,0,0,0,0,0,0,0,0,-0.0463549,0.996352,0.0715152,0,0.991844,0.0544123,-0.115178,0,-0.118652,0.0655941,-0.990767,0,0.468765,-0.0883427,0.335153,1,0.347452,-24.4336,-0.561941,23.1665,0.462706,3.24721,-0.0693822,-45.9328,-85.6738,-96.1596,-116.64,-7.67395,-385.551,-36.0634,-0.272132,-0.139853,0.0679354,-2.18549,0.0525741,1.91548,-1.06251,-0.0082042,-0.0780934,-0.0018991,-0.00100871,0.0123042,-0.0176518,0.00366658,
0.06,0,0,0,0,0,0,0,0,0,0,0,0,0,0,0,0,-0.0463413,0.996354,0.071497,0,0.991851,0.054393,-0.115124,0,-0.118595,0.0655807,-0.990775,0,0.468763,-0.0883543,0.335183,1,0.498209,-24.8462,-0.637319,22.984,0.558836,2.9286,0.00294445,290.345,-365.961,-60.0745,-82.6223,105.069,-441.429,60.3833,-0.272154,-0.139911,0.0679334,-2.18548,0.0525727,1.91547,-1.06252,-0.00971191,-0.0633195,0.000279201,0.00320711,0.00516639,-0.0152511,-0.000129216,
0.061,0,0,0,0,0,0,0,0,0,0,0,0,0,0,0,0,-0.0463415,0.996355,0.0714787,0,0.991859,0.054387,-0.115063,0,-0.118533,0.0655658,-0.990783,0,0.468768,-0.0883611,0.335209,1,0.533915,-25.1873,-0.748403,22.8016,0.619261,2.54225,0.0496363,83.7253,-505.969,-200.531,-352.104,90.7567,-505.314,63.6431,-0.272167,-0.139952,0.0679345,-2.18547,0.0525723,1.91548,-1.06253,-0.010962,-0.0582591,-0.000517436,0.00611499,0.0015993,-0.00741837,-0.0017366,
0.062,0,0,0,0,0,0,0,0,0,0,0,0,0,0,0,0,-0.0463189,0.996359,0.0714459,0,0.991871,0.0543546,-0.114972,0,-0.118439,0.065541,-0.990796,0,0.468781,-0.0883783,0.335233,1,0.644999,-25.6357,-0.712698,22.6151,0.70349,1.86476,0.00294445,208.508,-629.274,-1.1339,-281.164,113.169,-403.071,-20.1724,-0.272185,-0.139983,0.0679255,-2.18546,0.0525651,1.91553,-1.06252,-0.0168068,-0.0495042,-0.00463769,0.00821937,-0.00175863,0.0177047,0.00063075,
0.063,0,0,0,0,0,0,0,0,0,0,0,0,0,0,0,0,-0.0463288,0.996361,0.071411,0,0.991878,0.0543561,-0.11491,0,-0.118376,0.0655086,-0.990806,0,0.468796,-0.0883831,0.335257,1,0.458536,-26.5719,-0.823782,22.1787,0.812438,1.65053,-0.0171971,-351.906,-606.963,-45.6946,-279.41,40.1052,-266.442,-27.9945,-0.272185,-0.139998,0.067929,-2.18542,0.0525473,1.91555,-1.06252,-0.0138838,-0.032036,-0.00103757,0.0185492,-0.00498646,0.0179062,0.00121085,
0.064,0,0,0,0,0,0,0,0,0,0,0,0,0,0,0,0,-0.0463285,0.996363,0.071386,0,0.991887,0.0543479,-0.114835,0,-0.118299,0.0654879,-0.990816,0,0.468804,-0.0883925,0.335286,1,0.533915,-26.7624,-0.89916,22.0319,0.794127,1.53975,0.0359034,-82.7411,-308.707,-9.19633,-171.346,-18.7781,-135.675,40.988,-0.272202,-0.140041,0.0679308,-2.1854,0.0525442,1.91557,-1.06252,-0.0154292,-0.0347505,0.000663355,0.0221737,-0.00248034,0.0193343,-0.00112618,
0.065,0,0,0,0,0,0,0,0,0,0,0,0,0,0,0,0,-0.046336,0.996365,0.0713529,0,0.991898,0.0543452,-0.11474,0,-0.118203,0.0654594,-0.990829,0,0.468814,-0.0883931,0.335323,1,0.422831,-26.7227,-1.01421,21.9208,0.775816,1.48482,0.0166774,-139.761,102.632,-93.3328,-194.813,-23.8133,-59.1252,-33.367,-0.272202,-0.140101,0.0679355,-2.18539,0.0525414,1.9156,-1.06252,-0.0120438,-0.0448433,-0.000283071,0.0212602,-0.000851046,0.0236362,-1.37537e-05,
0.066,0,0,0,0,0,0,0,0,0,0,0,0,0,0,0,0,-0.0463438,0.996369,0.0712923,0,0.991916,0.054336,-0.114592,0,-0.118052,0.0654066,-0.990851,0,0.468822,-0.0883982,0.335384,1,0.276041,-26.0482,-1.01421,22.0676,0.824339,1.45003,-0.0300145,133.033,719.519,-32.9522,148.615,81.3782,-5.70869,-65.6175,-0.272203,-0.140223,0.0679344,-2.18538,0.052528,1.91563,-1.06251,-0.00884955,-0.0663924,-0.000677513,0.0114745,-0.00227125,0.0222474,0.00173888,
0.067,0,0,0,0,0,0,0,0,0,0,0,0,0,0,0,0,-0.0463676,0.996371,0.0712482,0,0.991927,0.0543477,-0.114489,0,-0.117948,0.0653657,-0.990866,0,0.468824,-0.0883987,0.33543,1,0.125284,-25.4492,-1.01421,22.2501,0.878356,1.50496,0.00935314,-186.061,858.792,-2.86747,172.507,71.4089,35.4052,33.6504,-0.2722,-0.140322,0.0679362,-2.18539,0.0525161,1.91565,-1.06252,-0.00350773,-0.079069,-0.000818275,0.00671166,-0.00344482,0.0225714,-0.000284773,
0.068,0,0,0,0,0,0,0,0,0,0,0,0,0,0,0,0,-0.0463677,0.996373,0.0712116,0,0.991939,0.0543371,-0.114394,0,-0.117851,0.0653346,-0.99088,0,0.468823,-0.0884,0.335478,1,0.125284,-24.8105,-1.04992,22.3969,0.891173,1.76771,-0.0300145,25.7822,987.097,-125.01,95.9674,15.3205,192.115,-64.6833,-0.272207,-0.140424,0.0679414,-2.18539,0.0525127,1.91565,-1.06251,-0.00630835,-0.0916487,0.00623808,0.00472078,-0.0027188,0.0112324,0.00127874,
0.069,0,0,0,0,0,0,0,0,0,0,0,0,0,0,0,0,-0.0463778,0.996376,0.0711657,0,0.991953,0.0543338,-0.114273,0,-0.117728,0.0652946,-0.990897,0,0.468813,-0.0883978,0.335539,1,0.0142004,-23.8742,-1.01421,22.873,0.884764,1.94807,-0.0364232,-143.561,412.822,-13.5657,113.468,-41.0555,242.285,-58.7058,-0.272208,-0.140583,0.067944,-2.18543,0.0525096,1.91566,-1.06251,-0.00250518,-0.110294,0.0036359,-0.00725244,-0.00153583,0.00678026,0.00109775,
0.07,0,0,0,0,0,0,0,0,0,0,0,0,0,0,0,0,-0.0463802,0.996378,0.0711389,0,0.991963,0.0543275,-0.11419,0,-0.117643,0.0652722,-0.990908,0,0.468808,-0.0883995,0.335583,1,-0.061178,-23.4576,-0.89916,23.0198,0.866454,2.12019,-0.00987293,-195.837,524.247,30.548,136.811,-41.8806,243.723,3.74361,-0.27221,-0.140686,0.0679398,-2.18544,0.0525103,1.91565,-1.06252,-0.00681841,-0.111026,0.00306536,-0.00771617,-0.000316213,0.00418323,-0.000245589,
0.071,0,0,0,0,0,0,0,0,0,0,0,0,0,0,0,0,-0.0463851,0.996379,0.0711134,0,0.991971,0.0543246,-0.114116,0,-0.117569,0.0652504,-0.990919,0,0.468804,-0.0884,0.335621,1,-0.136556,-23.2711,-0.863455,23.1269,0.866454,2.23097,0.00935314,-73.4011,280.235,59.6399,59.793,-3.5014,164.39,-26.8261,-0.272213,-0.140777,0.0679407,-2.18545,0.0525099,1.91565,-1.06252,-0.00380736,-0.109412,0.00164228,-0.010037,-0.000188677,0.000106232,-0.000871361,
0.072,0,0,0,0,0,0,0,0,0,0,0,0,0,0,0,0,-0.0463757,0.996381,0.0711049,0,0.991979,0.0543101,-0.114054,0,-0.117505,0.0652466,-0.990927,0,0.468798,-0.0883993,0.335658,1,-0.061178,-23.5727,-0.863455,23.0912,0.7218,2.42415,0.00935314,77.3906,-348.718,-114.089,-193.059,-138.055,126.128,13.2767,-0.272228,-0.140865,0.0679483,-2.18546,0.0525258,1.91564,-1.06252,-0.00821221,-0.094483,0.00456123,-0.0090258,0.00524834,-0.00601861,-0.000577576,
0.073,0,0,0,0,0,0,0,0,0,0,0,0,0,0,0,0,-0.0463679,0.996381,0.0711015,0,0.991985,0.0542993,-0.114013,0,-0.117463,0.0652464,-0.990932,0,0.468796,-0.0883978,0.335681,1,-0.061178,-23.9853,-0.89916,22.984,0.637572,2.49373,-0.0171971,90.0823,-600.222,-109.008,-249.987,-124.318,104.343,-11.5298,-0.272235,-0.140915,0.0679533,-2.18546,0.0525383,1.91563,-1.06251,-0.0063132,-0.0820539,0.00438186,-0.00675332,0.00663092,-0.00579051,0.000600792,
0.074,0,0,0,0,0,0,0,0,0,0,0,0,0,0,0,0,-0.0463751,0.996381,0.071101,0,0.991987,0.0543047,-0.113987,0,-0.117438,0.0652464,-0.990935,0,0.46879,-0.0883942,0.335698,1,-0.0968836,-24.3979,-0.938833,23.0555,0.558836,2.50746,0.056045,17.7624,-507.648,-115.568,-89.7565,-129.244,-30.7512,35.1916,-0.272239,-0.140964,0.067959,-2.18547,0.0525481,1.91562,-1.06252,-0.00400238,-0.0737817,0.00422863,-0.00954768,0.00734607,-0.00844281,-0.00231027,
0.075,0,0,0,0,0,0,0,0,0,0,0,0,0,0,0,0,-0.0463683,0.996381,0.0710991,0,0.991992,0.054295,-0.113946,0,-0.117397,0.0652475,-0.990939,0,0.468793,-0.0883898,0.335717,1,-0.24764,-25.4492,-0.974539,22.873,0.522215,2.43788,-0.0236058,-105.611,-676.658,-77.9713,-237.59,25.2136,-93.5284,-100.208,-0.27224,-0.140997,0.0679647,-2.18546,0.0525621,1.91562,-1.06251,-0.00268904,-0.0530289,0.00393883,-0.00872941,0.0109574,-0.00761741,0.00141126,
0.078,0,0,0,0,0,0,0,0,0,0,0,0,0,0,0,0,-0.0463861,0.996384,0.0710501,0,0.992007,0.0542984,-0.113817,0,-0.117266,0.0652039,-0.990958,0,0.468789,-0.0883887,0.335779,1,-0.207968,-26.7624,-1.161,23.0198,0.667784,2.17604,0.0230861,31.4454,0.901733,-113.905,53.2492,27.9334,-15.8587,-29.9514,-0.272255,-0.141143,0.0679821,-2.18548,0.0525586,1.91563,-1.06252,-0.00477702,-0.0500554,0.00526258,-0.00694756,0.00255974,-0.00310305,-0.000680401,
0.079,0,0,0,0,0,0,0,0,0,0,0,0,0,0,0,0,-0.0463938,0.996385,0.0710299,0,0.992012,0.0543006,-0.11377,0,-0.117218,0.0651855,-0.990965,0,0.468789,-0.0883873,0.335804,1,-0.24764,-26.9488,-1.20067,22.984,0.685179,2.18977,0.00935314,-15.5686,-101.735,-68.4021,55.4368,30.7993,17.4299,2.92769,-0.272256,-0.141196,0.0679873,-2.18548,0.0525547,1.91563,-1.06252,-0.00270894,-0.0544813,0.00452644,-0.00418602,0.00144904,-0.00323568,5.547e-05,
0.08,0,0,0,0,0,0,0,0,0,0,0,0,0,0,0,0,-0.0464092,0.996385,0.0710153,0,0.992016,0.0543117,-0.113732,0,-0.11718,0.0651714,-0.99097,0,0.468785,-0.0883841,0.33583,1,-0.319052,-26.9131,-1.23638,23.0198,0.691588,2.33443,0.069778,-52.4921,26.3486,-149.389,171.7,26.6374,97.7567,64.1707,-0.272254,-0.141257,0.0679906,-2.18549,0.0525534,1.91561,-1.06252,-0.000474736,-0.0594409,0.00392036,-0.00391804,0.00101877,-0.00800842,-0.00220064,
0.081,0,0,0,0,0,0,0,0,0,0,0,0,0,0,0,0,-0.0464228,0.996387,0.0709778,0,0.992027,0.0543147,-0.113638,0,-0.117085,0.0651377,-0.990983,0,0.468782,-0.0883801,0.335883,1,-0.505514,-26.4608,-1.161,22.984,0.685179,2.43788,0.0496363,-155.571,331.989,-17.1145,-5.48497,18.1421,140.678,-25.5371,-0.272242,-0.14137,0.0679877,-2.18549,0.0525475,1.9156,-1.06252,0.00379079,-0.0719033,0.000900976,-0.00199592,0.00113412,-0.00954092,-0.000720859,
0.082,0,0,0,0,0,0,0,0,0,0,0,0,0,0,0,0,-0.0464193,0.996389,0.070953,0,0.992035,0.054304,-0.113573,0,-0.117018,0.0651171,-0.990993,0,0.46878,-0.0883835,0.335921,1,-0.39443,-26.2347,-1.161,22.9444,0.685179,2.53493,0.00935314,105.531,281.742,-1.48929,-128.739,11.1144,129.274,-50.9031,-0.272253,-0.141449,0.0679906,-2.18548,0.0525453,1.91559,-1.06252,-0.000262066,-0.0779663,0.00063863,-0.000566926,0.000919264,-0.0102327,0.00101159,
0.083,0,0,0,0,0,0,0,0,0,0,0,0,0,0,0,0,-0.046429,0.99639,0.0709338,0,0.99204,0.0543082,-0.113525,0,-0.11697,0.0650996,-0.991,0,0.468773,-0.0883827,0.335955,1,-0.434103,-26.0125,-1.04992,23.0198,0.709898,2.6805,0.0432277,-49.7051,245.835,261.8,45.5674,29.7188,69.5052,41.8924,-0.272249,-0.141528,0.0679859,-2.18549,0.0525418,1.91557,-1.06252,0.000610205,-0.0820123,-0.00214422,-0.00226444,-0.000180296,-0.0170781,-0.000580081,
0.084,0,0,0,0,0,0,0,0,0,0,0,0,0,0,0,0,-0.0464269,0.996393,0.0708945,0,0.992054,0.0542939,-0.113409,0,-0.116851,0.0650672,-0.991016,0,0.468769,-0.0883844,0.336019,1,-0.358724,-25.3738,-0.938833,22.984,0.70349,2.71437,-0.00987293,-21.2126,344.469,157.844,-45.6811,-11.0691,17.3246,-91.2061,-0.272251,-0.141665,0.0679834,-2.18549,0.0525423,1.91555,-1.06252,0.004709,-0.0943751,-0.00400657,-0.000766845,0.000208952,-0.0178702,0.00158007,
0.085,0,0,0,0,0,0,0,0,0,0,0,0,0,0,0,0,-0.0464274,0.996395,0.0708709,0,0.992063,0.0542869,-0.113337,0,-0.116778,0.0650477,-0.991026,0,0.468764,-0.0883881,0.336058,1,-0.24764,-25.112,-0.89916,23.0555,0.70349,2.6869,0.0359034,109.521,316.542,31.8342,86.6395,-4.37034,-41.7262,-6.77319,-0.272258,-0.141756,0.0679803,-2.1855,0.0525422,1.91555,-1.06252,0.000974776,-0.097085,-0.00358304,-0.0050233,0.000208145,-0.0162693,-0.00064196,
0.086,0,0,0,0,0,0,0,0,0,0,0,0,0,0,0,0,-0.0464198,0.996397,0.0708413,0,0.992074,0.0542699,-0.113245,0,-0.116684,0.0650242,-0.991038,0,0.468765,-0.0883924,0.336104,1,-0.24764,-24.8105,-0.712698,22.873,0.70349,2.52852,-0.0171971,9.53045,350.183,235.226,-178.284,-3.77652,-148.254,-11.6018,-0.272258,-0.141849,0.0679713,-2.18549,0.0525422,1.91555,-1.06251,0.000975276,-0.099683,-0.00673837,0.000637002,0.000190396,-0.0059603,0.00153877,
0.087,0,0,0,0,0,0,0,0,0,0,0,0,0,0,0,0,-0.0464002,0.9964,0.0708126,0,0.99209,0.0542389,-0.113123,0,-0.116559,0.0650048,-0.991054,0,0.46876,-0.0884035,0.336168,1,0.049906,-24.4732,-0.637319,22.7262,0.631163,2.45253,0.0294947,348.575,305.511,148.482,-149.927,-50.805,-109.131,-8.017,-0.272279,-0.141983,0.0679632,-2.18549,0.0525534,1.91554,-1.06252,-0.0060659,-0.105929,-0.00624647,0.000417971,0.00284442,-0.00678184,-0.000703435,
0.088,0,0,0,0,0,0,0,0,0,0,0,0,0,0,0,0,-0.0463968,0.996402,0.0707861,0,0.9921,0.0542268,-0.113037,0,-0.116471,0.0649836,-0.991066,0,0.46876,-0.0884057,0.33621,1,0.0142004,-24.3979,-0.601614,22.6548,0.595458,2.35548,-0.00346424,14.2979,169.23,48.2493,-102.854,-46.145,-124.171,-68.134,-0.272278,-0.142073,0.0679576,-2.18549,0.0525552,1.91554,-1.06252,-0.00302566,-0.104396,-0.00810684,0.00152087,0.00324775,-0.00188561,0.00075178,
0.089,0,0,0,0,0,0,0,0,0,0,0,0,0,0,0,0,-0.0463874,0.996404,0.0707607,0,0.992112,0.0542084,-0.112943,0,-0.116375,0.0649646,-0.991078,0,0.468762,-0.0884121,0.336252,1,0.049906,-24.3979,-0.526235,22.508,0.58264,2.18977,0.0230861,-151.075,14.7263,56.9566,-155.549,8.35693,-95.1927,28.8138,-0.272284,-0.142156,0.0679491,-2.18549,0.0525591,1.91555,-1.06252,-0.00575025,-0.101885,-0.00742223,0.00412643,0.00266167,0.00416135,0.00408878,
0.09,0,0,0,0,0,0,0,0,0,0,0,0,0,0,0,0,-0.046381,0.996407,0.0707234,0,0.992128,0.0541892,-0.112815,0,-0.116244,0.0649354,-0.991096,0,0.468762,-0.0884224,0.336314,1,0.0895788,-24.3225,-0.526235,22.3612,0.595458,2.12752,0.069778,-70.4944,160,-62.4307,-16.075,28.6737,-59.2858,59.1578,-0.272296,-0.142281,0.0679395,-2.18549,0.0525618,1.91556,-1.06252,-0.00491148,-0.0991406,-0.00826525,0.00594376,0.00131606,0.00454075,0.00137745,
0.091,0,0,0,0,0,0,0,0,0,0,0,0,0,0,0,0,-0.0463659,0.99641,0.0706933,0,0.99214,0.0541644,-0.11272,0,-0.116147,0.0649125,-0.991109,0,0.468765,-0.0884329,0.336356,1,0.125284,-24.3582,-0.486563,22.1787,0.619261,2.05153,0.0432277,29.9909,-63.8668,10.0869,-247.704,40.0494,-81.3218,-25.0766,-0.272304,-0.142363,0.0679272,-2.18548,0.0525604,1.91557,-1.06252,-0.00422202,-0.0946544,-0.00996318,0.00501208,8.01003e-06,0.00543713,0.00218734,
0.092,0,0,0,0,0,0,0,0,0,0,0,0,0,0,0,0,-0.0463537,0.996413,0.07066,0,0.992152,0.054142,-0.112623,0,-0.116047,0.0648862,-0.991122,0,0.468766,-0.088441,0.336397,1,0.16099,-24.2868,-0.561941,22.2501,0.637572,1.94807,0.00294445,79.8557,111,-51.9339,10.3181,21.5299,-49.3876,-24.252,-0.272317,-0.142449,0.067925,-2.18548,0.0525589,1.91559,-1.06252,-0.00373425,-0.0939849,-0.00858521,0.00128224,-0.000663639,0.0118115,0.00316447,
0.093,0,0,0,0,0,0,0,0,0,0,0,0,0,0,0,0,-0.0463538,0.996416,0.0706176,0,0.992167,0.0541292,-0.1125,0,-0.115922,0.0648509,-0.991139,0,0.468767,-0.0884517,0.336453,1,0.16099,-24.2114,-0.601614,22.3255,0.654967,1.91328,0.089004,17.973,35.9194,56.8113,62.7874,10.7418,-47.0216,129.272,-0.272328,-0.142567,0.0679168,-2.18548,0.0525539,1.9156,-1.06253,-0.00563813,-0.0963076,-0.0116787,0.0020546,-0.00107979,0.0139513,-0.000917042,
0.094,0,0,0,0,0,0,0,0,0,0,0,0,0,0,0,0,-0.0463579,0.996418,0.0705835,0,0.992177,0.0541233,-0.112408,0,-0.115828,0.0648216,-0.991152,0,0.468767,-0.0884531,0.336495,1,0.049906,-24.1717,-0.676992,22.4326,0.679686,1.89955,0.0624537,-118.311,67.6323,-50.0372,195.909,15.3687,-28.721,18.6354,-0.272329,-0.142658,0.0679163,-2.18549,0.0525501,1.91562,-1.06252,-0.00146486,-0.0974787,-0.0101786,0.00217373,-0.00163022,0.0196325,0.000492511,
