0.001,0,0,0,0,0,0,0,0,0,0,0,0,0,0,0,0,0.00536373,0.99853,0.0537608,0,0.999961,-0.00505862,-0.00580969,0,-0.0055293,0.0537908,-0.998537,0,0.465004,0.00821341,0.0438354,1,0.311747,-29.5395,3.29426,12.8199,-0.0142836,2.21724,-0.142624,58.7679,-29.8624,-55.7178,19.6276,-0.44273,35.2868,23.9357,-0.340653,0.38429,0.300575,-2.48486,-0.195384,2.83924,-0.653542,0.000137738,-7.03286e-05,-0.000187713,4.00814e-05,-2.49368e-05,-0.000484248,0.00040812,
0.004,0,0,0,0,0,0,0,0,0,0,0,0,0,0,0,0,0.00535851,0.99853,0.0537605,0,0.999961,-0.00505358,-0.00580632,0,-0.00552621,0.0537905,-0.998537,0,0.465004,0.00821401,0.0438365,1,0.276041,-29.4998,3.25855,12.8556,-0.0142836,2.20351,-0.109665,-32.9637,29.7198,-2.19708,117.962,6.87416,-2.28767,65.5874,-0.340653,0.384287,0.300576,-2.48486,-0.195384,2.83924,-0.653545,0.000875989,-0.000638472,0.000501381,-0.00100895,-0.000154325,4.48993e-05,-0.00140495,
0.007,0,0,0,0,0,0,0,0,0,0,0,0,0,0,0,0,0.00536309,0.99853,0.0537616,0,0.999961,-0.00505805,-0.0058083,0,-0.00552794,0.0537917,-0.998537,0,0.465004,0.00821524,0.043835,1,0.276041,-29.5752,3.29426,12.8199,-0.00238179,2.19618,-0.175583,-19.611,-73.4334,101.022,-1.18849,7.97044,-1.77079,-74.7885,-0.34065,0.384292,0.300576,-2.48485,-0.195386,2.83925,-0.653538,0.000610121,0.00105894,-0.000500978,7.2261e-05,-0.000486535,0.000194148,0.000774286,
0.01,0,0,0,0,0,0,0,0,0,0,0,0,0,0,0,0,0.00535345,0.99853,0.0537633,0,0.999961,-0.00504866,-0.00580333,0,-0.00552347,0.0537933,-0.998537,0,0.465006,0.00822029,0.043838,1,0.276041,-29.4998,3.18318,12.7842,-0.00879048,2.21724,-0.175583,40.632,62.717,-129.323,-90.1092,8.44505,1.62732,-67.8618,-0.340649,0.384287,0.300586,-2.48485,-0.195385,2.83924,-0.653538,0.000366373,-0.000985283,0.00152203,0.000856629,-0.000106483,-0.000402122,0.00109597,
0.013,0,0,0,0,0,0,0,0,0,0,0,0,0,0,0,0,0.00534729,0.99853,0.0537646,0,0.999961,-0.00504241,-0.00580457,0,-0.00552504,0.0537945,-0.998537,0,0.465005,0.00822084,0.0438368,1,0.276041,-29.5395,3.22285,12.8199,-0.00879048,2.20351,-0.122483,26.0676,5.76542,75.239,-34.5104,3.65673,-0.164919,62.3287,-0.340649,0.38429,0.300586,-2.48485,-0.195385,2.83924,-0.653544,0.000108552,-0.00015781,-0.000549213,-0.000117392,-9.93672e-05,0.000272683,-0.000443859,
0.016,0,0,0,0,0,0,0,0,0,0,0,0,0,0,0,0,0.00533777,0.99853,0.0537649,0,0.999961,-0.00503289,-0.00580442,0,-0.0055254,0.0537948,-0.998537,0,0.465005,0.00822409,0.0438375,1,0.276041,-29.4998,3.18318,12.8199,-0.00238179,2.20991,-0.103257,-32.9866,76.7728,-107.999,94.9575,17.2434,-2.87872,68.3387,-0.340647,0.384287,0.30059,-2.48486,-0.195386,2.83924,-0.653546,-0.000359668,-0.000273575,0.00122931,0.000243623,-0.000334618,-0.000269592,-0.00164232,
0.019,0,0,0,0,0,0,0,0,0,0,0,0,0,0,0,0,0.0053314,0.99853,0.053769,0,0.999961,-0.00502637,-0.00580645,0,-0.00552776,0.0537989,-0.998536,0,0.465005,0.00822943,0.0438362,1,0.236368,-29.5752,3.22285,12.8199,-0.0142836,2.20991,-0.116074,-59.5272,-97.3561,41.0101,-7.20008,1.93049,-14.6392,27.4309,-0.340643,0.384292,0.300596,-2.48485,-0.195384,2.83924,-0.653544,0.000615224,0.00088822,0.00259964,-2.06174e-05,0.000164586,0.000123571,-0.00163196,
0.022,0,0,0,0,0,0,0,0,0,0,0,0,0,0,0,0,0.00532636,0.998529,0.0537704,0,0.999961,-0.00502144,-0.00580424,0,-0.0055258,0.0538003,-0.998536,0,0.465005,0.0082341,0.0438377,1,0.236368,-29.5395,3.22285,12.7842,-0.00238179,2.21724,-0.162766,1.89765,60.6402,-32.788,-86.8408,6.52647,-7.89902,-55.6011,-0.340641,0.38429,0.300604,-2.48485,-0.195386,2.83924,-0.653539,0.000182288,9.82009e-05,0.00406243,0.000179495,-0.000376973,-0.000121626,0.000755996,
0.024,0,0,0,0,0,0,0,0,0,0,0,0,0,0,0,0,0.00532151,0.998529,0.0537721,0,0.999961,-0.00501661,-0.0058037,0,-0.00552552,0.0538019,-0.998536,0,0.465006,0.00823535,0.0438379,1,0.276041,-29.5395,3.25855,12.7842,-0.00879048,2.21724,-0.129807,-6.21648,17.5745,-70.7989,71.3287,10.2781,33.988,25.1705,-0.340643,0.38429,0.300608,-2.48485,-0.195385,2.83924,-0.653543,-0.00112541,0.000631393,0.00201205,7.97756e-05,-7.7121e-05,-0.000223598,-0.000229142,
0.028,0,0,0,0,0,0,0,0,0,0,0,0,0,0,0,0,0.00531306,0.998529,0.053778,0,0.999961,-0.00500832,-0.00579979,0,-0.00552203,0.0538077,-0.998536,0,0.465007,0.00824309,0.0438397,1,0.311747,-29.5395,3.29426,12.7842,-0.0142836,2.22365,-0.169175,79.6584,43.8236,14.9476,-61.8469,-6.08527,-6.78052,-13.3271,-0.340646,0.38429,0.300625,-2.48485,-0.195384,2.83924,-0.653539,-0.0010094,-6.0883e-05,0.00219824,7.76261e-05,0.0055379,-0.000174778,0.00141908,
0.031,0,0,0,0,0,0,0,0,0,0,0,0,0,0,0,0,0.00529701,0.998529,0.0537832,0,0.999961,-0.00499205,-0.00580288,0,-0.00552596,0.0538129,-0.998536,0,0.465005,0.00824818,0.0438391,1,0.387125,-29.5395,3.36964,12.8199,-0.0206923,2.22365,-0.0895238,122.563,-94.4159,23.6456,48.99,-7.41719,-5.95262,62.6456,-0.340651,0.38429,0.300639,-2.48486,-0.195384,2.83924,-0.653547,-0.00831964,0.000105697,0.00674659,-6.98017e-05,0.0025509,-5.1786e-05,-0.00196066,
0.034,0,0,0,0,0,0,0,0,0,0,0,0,0,0,0,0,0.00528912,0.998529,0.053785,0,0.999961,-0.00498437,-0.0057985,0,-0.00552199,0.0538146,-0.998536,0,0.465006,0.00825365,0.0438409,1,0.347452,-29.4998,3.36964,12.8199,-0.00879048,2.21724,-0.122483,42.0379,52.279,11.7192,-9.23401,10.637,-9.98994,24.0768,-0.340648,0.384287,0.300647,-2.48486,-0.195385,2.83924,-0.653544,-0.00243627,-0.000195531,0.00355576,0.000257724,0.00076952,0.000169269,-0.00085597,
0.037,0,0,0,0,0,0,0,0,0,0,0,0,0,0,0,0,0.00527842,0.998529,0.053789,0,0.999961,-0.00497345,-0.00580202,0,-0.00552607,0.0538185,-0.998535,0,0.465005,0.00825939,0.04384,1,0.276041,-29.5395,3.29426,12.8199,-0.0142836,2.22365,-0.109665,-25.3139,1.2372,-109.685,18.1947,-7.26724,-23.5278,18.1048,-0.340646,0.38429,0.300656,-2.48486,-0.195384,2.83924,-0.653545,-0.00169829,-0.000625058,0.0022043,0.000540373,0.000480681,3.50832e-05,-0.00174182,
0.04,0,0,0,0,0,0,0,0,0,0,0,0,0,0,0,0,0.00527601,0.998529,0.0537925,0,0.999961,-0.00497065,-0.00580889,0,-0.00553307,0.053822,-0.998535,0,0.465003,0.00826511,0.0438374,1,0.236368,-29.6148,3.22285,12.8556,-0.0142836,2.23097,-0.175583,-62.3216,-145.418,-102.924,91.7445,-0.817056,7.13329,-57.3759,-0.340641,0.384295,0.30066,-2.48486,-0.195384,2.83924,-0.653538,0.000249735,0.00129963,0.00203455,-0.000675108,0.00016166,-0.000200591,0.00165028,
0.043,0,0,0,0,0,0,0,0,0,0,0,0,0,0,0,0,0.00527471,0.998529,0.0537869,0,0.999961,-0.00497006,-0.00579615,0,-0.00552041,0.0538165,-0.998536,0,0.465008,0.00826275,0.0438429,1,0.200663,-29.4641,3.29426,12.7842,-0.0142836,2.2383,-0.155442,-15.9615,184.294,217.384,-33.684,-6.93217,2.41466,-2.00935,-0.340638,0.384285,0.300656,-2.48485,-0.195384,2.83924,-0.65354,0.000963274,-0.00244023,-0.00139157,-1.44279e-05,6.87299e-05,-0.000330702,0.0012651,
0.046,0,0,0,0,0,0,0,0,0,0,0,0,0,0,0,0,0.00525796,0.998529,0.0537934,0,0.999961,-0.00495291,-0.00580257,0,-0.0055277,0.0538228,-0.998535,0,0.465005,0.0082703,0.0438392,1,0.16099,-29.5752,3.22285,12.8556,-0.0206923,2.21724,-0.116074,-119.225,-91.9,48.2868,37.1945,-13.0503,-29.0809,24.681,-0.340633,0.384293,0.300664,-2.48486,-0.195384,2.83924,-0.653546,0.00142765,0.000514329,0.0021713,-0.000540464,0.000134645,0.000621626,-0.000273184,
0.049,0,0,0,0,0,0,0,0,0,0,0,0,0,0,0,0,0.00524998,0.998529,0.0537929,0,0.999961,-0.00494481,-0.00580457,0,-0.00553014,0.0538224,-0.998535,0,0.465005,0.00827284,0.0438404,1,0.200663,-29.5395,3.18318,12.8199,-0.0142836,2.2447,-0.0959325,72.3815,17.851,-1.73091,30.629,-14.6712,9.46042,62.9248,-0.340632,0.38429,0.300669,-2.48486,-0.195385,2.83924,-0.653547,0.00288528,-0.000218814,0.00128935,0.000303872,-9.5799e-05,-0.000347046,-0.00175753,
0.052,0,0,0,0,0,0,0,0,0,0,0,0,0,0,0,0,0.00524389,0.998529,0.0537946,0,0.999961,-0.00493916,-0.00579602,0,-0.0055219,0.053824,-0.998535,0,0.465007,0.00827761,0.043843,1,0.16099,-29.4998,3.1078,12.8199,-0.0142836,2.2447,-0.122483,-68.7411,122.664,-192.789,-11.75,-0.179252,22.1961,-1.83204,-0.340629,0.384287,0.300675,-2.48485,-0.195384,2.83924,-0.653544,0.00136782,-0.000992854,0.00208864,0.000945877,-2.68208e-05,-0.000155575,-0.00112733,
0.055,0,0,0,0,0,0,0,0,0,0,0,0,0,0,0,0,0.00524174,0.998528,0.0537975,0,0.999961,-0.00493642,-0.00580662,0,-0.00553262,0.0538269,-0.998535,0,0.465003,0.0082813,0.0438387,1,0.16099,-29.5752,3.1078,12.8556,-0.00879048,2.2383,-0.175583,13.5294,-99.8057,-145.643,36.9679,22.9093,-15.9646,-56.8396,-0.340626,0.384294,0.300678,-2.48486,-0.195388,2.83924,-0.653538,0.000967262,0.00115972,0.00118884,-0.000554958,-0.000210738,0.000281685,0.00187002,
0.058,0,0,0,0,0,0,0,0,0,0,0,0,0,0,0,0,0.00525042,0.998529,0.0537948,0,0.999961,-0.00494558,-0.0057984,0,-0.00552393,0.0538242,-0.998535,0,0.465007,0.00827695,0.0438428,1,0.236368,-29.4998,3.14747,12.8199,-0.0206923,2.25844,-0.162766,166.205,40.2974,-64.9493,-143.515,-13.3915,4.56237,-13.1172,-0.340631,0.384287,0.300676,-2.48485,-0.195384,2.83924,-0.653539,-0.00109987,-0.000367861,0.000148355,0.000299578,0.000212873,-0.000300833,0.00122095,
0.061,0,0,0,0,0,0,0,0,0,0,0,0,0,0,0,0,0.00524163,0.998529,0.0537921,0,0.999961,-0.00493589,-0.00581493,0,-0.00554097,0.0538215,-0.998535,0,0.465,0.00827642,0.0438379,1,0.16099,-29.5395,3.29426,12.9309,-0.00879048,2.26576,-0.0895238,-112.058,-85.9161,251.705,196.474,6.09013,9.50121,90.0164,-0.340623,0.38429,0.300666,-2.48486,-0.195385,2.83923,-0.653547,0.00198699,0.000117853,-0.00319443,-0.00232409,-0.000245753,-0.000269981,-0.00130729,
0.068,0,0,0,0,0,0,0,0,0,0,0,0,0,0,0,0,0.00524929,0.998529,0.053792,0,0.999961,-0.0049439,-0.00580882,0,-0.00553444,0.0538214,-0.998535,0,0.465002,0.00827626,0.0438411,1,0.276041,-29.4641,3.22285,12.8952,-0.0142836,2.26576,-0.155442,92.6787,91.9404,6.66438,12.7271,-0.109015,0.532037,-19.3902,-0.340627,0.384285,0.300671,-2.48486,-0.195384,2.83923,-0.65354,-0.00106553,-0.000829975,-0.000451345,-0.00261486,-2.1982e-05,-4.09187e-05,0.000275549,
0.071,0,0,0,0,0,0,0,0,0,0,0,0,0,0,0,0,0.00524815,0.998529,0.0537928,0,0.999961,-0.00494238,-0.0058157,0,-0.00554138,0.0538223,-0.998535,0,0.465,0.00827508,0.0438384,1,0.276041,-29.5395,3.25855,12.8556,-0.0206923,2.27949,-0.109665,46.8515,-35.6332,21.6109,-116.218,-0.456071,4.06513,43.3668,-0.340628,0.38429,0.300669,-2.48486,-0.195384,2.83923,-0.653545,-0.00126542,0.000259337,-0.000617819,-0.000207059,0.000151733,-0.000275856,-0.00129353,
0.074,0,0,0,0,0,0,0,0,0,0,0,0,0,0,0,0,0.00525485,0.998529,0.0537939,0,0.999961,-0.00494866,-0.0058235,0,-0.00554883,0.0538234,-0.998535,0,0.464997,0.00827448,0.043836,1,0.311747,-29.5395,3.25855,12.9309,-0.0206923,2.27949,-0.149033,131.397,3.13897,134.565,170.054,-8.52999,24.5495,-26.7692,-0.340631,0.384292,0.300669,-2.48487,-0.195384,2.83923,-0.653541,-0.00091915,0.000283067,-0.000368431,-0.00199657,0.000176827,-0.000232439,7.63791e-05,
0.077,0,0,0,0,0,0,0,0,0,0,0,0,0,0,0,0,0.00526179,0.998528,0.0537955,0,0.999961,-0.00495566,-0.00582221,0,-0.00554716,0.0538251,-0.998535,0,0.464998,0.00827205,0.0438356,1,0.387125,-29.6148,3.22285,12.8952,-0.0206923,2.26576,-0.155442,147.829,-202.523,-54.0564,-126.514,0.0774494,-16.594,-22.4063,-0.340638,0.384295,0.300671,-2.48486,-0.195384,2.83923,-0.65354,0.00157277,-0.0016549,0.000540546,1.59331e-05,0.000199331,0.000289051,0.00052749,
0.08,0,0,0,0,0,0,0,0,0,0,0,0,0,0,0,0,0.0052708,0.998529,0.0537928,0,0.999961,-0.00496471,-0.00582211,0,-0.00554658,0.0538224,-0.998535,0,0.464996,0.00826783,0.0438366,1,0.422831,-29.4998,3.25855,12.9309,-0.0142836,2.26576,-0.175583,175.407,91.316,10.6287,140.72,12.8722,-25.1769,-45.832,-0.340644,0.384289,0.300668,-2.48487,-0.195384,2.83923,-0.653538,-0.000328301,-0.0026418,-0.000489411,-0.00077608,-8.03398e-05,0.000420961,0.00127527,
0.083,0,0,0,0,0,0,0,0,0,0,0,0,0,0,0,0,0.00526194,0.998529,0.0537928,0,0.999961,-0.0049555,-0.00582853,0,-0.00555349,0.0538224,-0.998535,0,0.464994,0.0082704,0.0438344,1,0.276041,-29.5752,3.25855,12.9309,-0.0142836,2.2859,-0.142624,-245.443,79.5987,-14.0751,69.0355,-3.72624,15.8849,18.1491,-0.340636,0.384293,0.300665,-2.48487,-0.195384,2.83923,-0.653542,0.00285308,-0.000700191,-0.000423399,-0.000629274,-2.38042e-05,-0.000398967,-0.000707211,
0.086,0,0,0,0,0,0,0,0,0,0,0,0,0,0,0,0,0.00526949,0.998529,0.0537927,0,0.999961,-0.00496339,-0.00582222,0,-0.00554676,0.0538223,-0.998535,0,0.464997,0.00826545,0.0438367,1,0.387125,-29.5395,3.25855,12.8952,-0.0261855,2.27217,-0.109665,53.2304,52.3391,-12.13,6.67792,-20.8612,-29.9057,58.0682,-0.340647,0.38429,0.300667,-2.48487,-0.195383,2.83923,-0.653545,0.000326152,-0.00191493,-3.26424e-05,-2.46316e-05,0.000478968,0.000168125,-0.0023307,
0.089,0,0,0,0,0,0,0,0,0,0,0,0,0,0,0,0,0.0052706,0.998529,0.0537934,0,0.999961,-0.00496425,-0.00582696,0,-0.00555144,0.053823,-0.998535,0,0.464995,0.00826716,0.0438349,1,0.347452,-29.5752,3.25855,12.9309,-0.0142836,2.27949,-0.155442,-92.1078,58.7429,20.5188,110.112,18.7544,19.7404,-63.4787,-0.340645,0.384292,0.300667,-2.48487,-0.195384,2.83923,-0.65354,0.00133633,-0.000352934,0.000175935,-0.000565444,-5.39989e-05,-0.000221452,0.000164667,
0.092,0,0,0,0,0,0,0,0,0,0,0,0,0,0,0,0,0.00527517,0.998529,0.0537923,0,0.999961,-0.00496879,-0.00582769,0,-0.00555194,0.053822,-0.998535,0,0.464996,0.00826178,0.0438352,1,0.422831,-29.5752,3.25855,12.8199,-0.0206923,2.27949,-0.122483,109.089,46.8656,-105.151,-168.871,-11.8659,13.2347,-19.3018,-0.340653,0.384292,0.300665,-2.48487,-0.195384,2.83923,-0.653547,-0.00114703,-0.000118504,0.000330536,0.00224475,-0.00673947,-6.56156e-05,-0.000471139,
0.095,0,0,0,0,0,0,0,0,0,0,0,0,0,0,0,0,0.00528136,0.998529,0.0537924,0,0.999961,-0.00497511,-0.00582547,0,-0.00554938,0.0538221,-0.998535,0,0.464996,0.00826178,0.0438353,1,0.422831,-29.5752,3.25855,12.8556,-0.0142836,2.27949,-0.155442,32.6641,141.785,-126.676,-28.1304,-2.47835,21.5447,-13.6367,-0.340653,0.384292,0.300665,-2.48487,-0.195384,2.83923,-0.65354,-0.000519543,-4.09891e-05,0.000376343,0.000293666,-0.00283808,-1.94416e-05,0.00123935,
0.098,0,0,0,0,0,0,0,0,0,0,0,0,0,0,0,0,0.00527608,0.998528,0.0537937,0,0.999961,-0.00496972,-0.00582727,0,-0.00555146,0.0538234,-0.998535,0,0.464995,0.00826465,0.0438341,1,0.347452,-29.5752,3.25855,12.8556,-0.0206923,2.25844,-0.149033,-90.5624,101.968,-77.4147,-62.7131,-4.20479,-20.1722,-17.0104,-0.340648,0.384295,0.300665,-2.48487,-0.195384,2.83923,-0.653541,0.00133339,-0.000530191,0.000781746,0.000396252,-0.000975922,0.000604591,0.000555594,
0.101,0,0,0,0,0,0,0,0,0,0,0,0,0,0,0,0,0.0052762,0.998529,0.0537911,0,0.999961,-0.00496957,-0.00583253,0,-0.00555674,0.0538208,-0.998535,0,0.464993,0.0082625,0.0438329,1,0.311747,-29.5752,3.29426,12.8556,-0.00879048,2.2859,-0.129807,-214.858,78.8486,-20.3807,-63.6888,5.77815,23.3227,33.3243,-0.340646,0.384295,0.300659,-2.48487,-0.195385,2.83923,-0.653543,0.00154069,-0.00046748,-0.000139579,0.000426706,-0.000608261,-0.000747692,-0.000528618,
0.103,0,0,0,0,0,0,0,0,0,0,0,0,0,0,0,0,0.00528688,0.998529,0.0537921,0,0.999961,-0.0049801,-0.00583549,0,-0.00555912,0.0538219,-0.998535,0,0.464992,0.00825993,0.0438318,1,0.387125,-29.6148,3.29426,12.8952,-0.00879048,2.29323,-0.169175,-16.9697,1.0403,-2.1636,64.1517,4.24909,28.5643,-52.8707,-0.340653,0.384298,0.30066,-2.48487,-0.195385,2.83923,-0.653539,-0.000211917,0.000998242,-0.000340441,-0.000150644,-0.000400458,-0.000603575,0.0015509,
0.107,0,0,0,0,0,0,0,0,0,0,0,0,0,0,0,0,0.00527784,0.998529,0.0537912,0,0.999961,-0.00497116,-0.00583346,0,-0.00555758,0.053821,-0.998535,0,0.464992,0.00826118,0.0438335,1,0.387125,-29.5395,3.25855,12.9667,-0.0206923,2.26576,-0.109665,154.133,172.843,-18.2184,212.005,-23.5283,-3.00714,34.9698,-0.340652,0.384291,0.300662,-2.48488,-0.195384,2.83923,-0.653545,-0.00115868,-0.00130507,0.000118356,-0.0027554,0.000130502,0.000270094,-0.000585315,
0.11,0,0,0,0,0,0,0,0,0,0,0,0,0,0,0,0,0.00528641,0.998529,0.0537916,0,0.999961,-0.00497985,-0.00583145,0,-0.0055551,0.0538213,-0.998535,0,0.464994,0.00825894,0.0438334,1,0.422831,-29.5752,3.25855,12.8556,-0.00238179,2.2859,-0.155442,146.963,14.3789,-41.9054,-73.2918,13.5325,12.879,-45.8763,-0.340656,0.384295,0.300662,-2.48487,-0.195386,2.83923,-0.65354,-0.00148779,-0.000324898,-0.000243337,0.000152849,-0.000451613,-0.000534091,0.00176689,
0.113,0,0,0,0,0,0,0,0,0,0,0,0,0,0,0,0,0.00527336,0.998529,0.0537933,0,0.999961,-0.00496664,-0.00583378,0,-0.00555814,0.053823,-0.998535,0,0.464993,0.0082647,0.0438321,1,0.311747,-29.6148,3.25855,12.8556,-0.0142836,2.27949,-0.129807,-5.9323,-105.021,-65.3502,-123.35,-4.56826,19.2584,29.5729,-0.340646,0.384297,0.300662,-2.48487,-0.195384,2.83923,-0.653543,0.000714075,0.00111013,0.00479015,0.000169023,0.000170156,-0.00020346,0.000308769,
0.116,0,0,0,0,0,0,0,0,0,0,0,0,0,0,0,0,0.00526975,0.998529,0.0537905,0,0.999961,-0.00496324,-0.00583011,0,-0.00555466,0.0538202,-0.998535,0,0.464994,0.00826378,0.0438345,1,0.311747,-29.5395,3.25855,12.8952,-0.00879048,2.27217,-0.129807,-65.1964,31.9671,-61.7333,33.0118,2.50855,-7.57842,19.4584,-0.340646,0.384291,0.300662,-2.48487,-0.195385,2.83923,-0.653546,0.000211592,-0.000918759,0.00239842,-0.0005686,1.06412e-05,7.53225e-06,-0.000115731,
0.119,0,0,0,0,0,0,0,0,0,0,0,0,0,0,0,0,0.00526442,0.998529,0.0537925,0,0.999961,-0.00495774,-0.00583292,0,-0.00555776,0.0538221,-0.998535,0,0.464993,0.00826781,0.0438336,1,0.276041,-29.5752,3.22285,12.8556,-0.0142836,2.27217,-0.116074,-42.1231,62.2394,6.03455,-62.1774,-11.0981,-2.11212,-13.3741,-0.340641,0.384293,0.300665,-2.48487,-0.195384,2.83923,-0.653545,0.000805116,-0.000416589,0.00179362,0.000367715,0.000137901,0.000232056,-0.00064841,
0.122,0,0,0,0,0,0,0,0,0,0,0,0,0,0,0,0,0.00526881,0.998529,0.0537934,0,0.999961,-0.00496234,-0.00582911,0,-0.0055537,0.0538231,-0.998535,0,0.464994,0.00826808,0.0438336,1,0.236368,-29.5752,3.22285,12.8199,-0.0142836,2.27217,-0.155442,-105.379,4.34445,-69.7382,-72.2436,-10.7598,10.704,-64.1931,-0.34064,0.384295,0.300664,-2.48487,-0.195384,2.83923,-0.65354,0.00123875,-0.000123436,0.00137838,0.00164534,8.56972e-05,4.99192e-05,0.00191774,
0.125,0,0,0,0,0,0,0,0,0,0,0,0,0,0,0,0,0.00527589,0.998529,0.0537935,0,0.999961,-0.00496905,-0.00583615,0,-0.00556037,0.0538232,-0.998535,0,0.464991,0.00826475,0.0438311,1,0.311747,-29.6148,3.29426,12.8952,-0.00879048,2.26576,-0.155442,160.386,-33.7536,67.1688,-8.34636,8.6376,9.14953,-46.8417,-0.340646,0.384298,0.300662,-2.48487,-0.195385,2.83923,-0.65354,-0.00441003,0.000685218,-0.00121793,-0.000605493,-1.24419e-05,0.000199403,0.00189065,
0.128,0,0,0,0,0,0,0,0,0,0,0,0,0,0,0,0,0.00526513,0.998529,0.053794,0,0.999961,-0.00495801,-0.00584102,0,-0.00556582,0.0538237,-0.998535,0,0.46499,0.00826873,0.0438307,1,0.276041,-29.6148,3.25855,12.8556,-0.0142836,2.2859,-0.136216,83.6029,-22.1272,79.7438,171.415,-1.83563,14.0767,1.55097,-0.34064,0.384298,0.300665,-2.48487,-0.195384,2.83923,-0.653543,-0.00189425,0.000512367,0.000307349,-4.5358e-05,0.000131881,-0.000385495,0.000635544,
0.131,0,0,0,0,0,0,0,0,0,0,0,0,0,0,0,0,0.00525657,0.998529,0.0537928,0,0.999961,-0.00495003,-0.00583018,0,-0.00555543,0.0538224,-0.998535,0,0.464993,0.00826954,0.043833,1,0.200663,-29.5752,3.25855,12.8556,-0.0142836,2.26576,-0.0767064,-71.9301,48.6543,30.2171,-61.7384,-1.39022,3.61944,59.3797,-0.340635,0.384296,0.300662,-2.48487,-0.195384,2.83923,-0.653549,0.00080877,-0.000569981,-0.000880662,-0.00355232,-4.00719e-05,0.000330356,-0.00192155,
0.134,0,0,0,0,0,0,0,0,0,0,0,0,0,0,0,0,0.00526985,0.998529,0.0537892,0,0.999961,-0.0049634,-0.00582919,0,-0.00555374,0.0538188,-0.998535,0,0.464995,0.00826545,0.0438343,1,0.276041,-29.5752,3.33393,12.7842,-0.00879048,2.2859,-0.149033,113.44,18.342,233.945,-161.834,-7.13416,30.0528,-52.6733,-0.340637,0.384293,0.300657,-2.48487,-0.195386,2.83923,-0.653541,-0.00141688,0.000418863,-0.00242301,0.000173489,-0.000147519,-0.000648102,0.00123533,
0.137,0,0,0,0,0,0,0,0,0,0,0,0,0,0,0,0,0.00525087,0.998529,0.0537938,0,0.999961,-0.00494403,-0.00583543,0,-0.00556099,0.0538234,-0.998535,0,0.464991,0.00827509,0.0438335,1,0.200663,-29.5752,3.18318,12.8952,-0.00879048,2.27949,-0.129807,-12.411,-56.5531,-113.201,84.7088,18.9385,24.5512,8.8843,-0.340631,0.384292,0.30067,-2.48487,-0.195385,2.83923,-0.653543,0.000330566,0.000124107,0.00164476,-0.00160029,-9.80581e-06,-0.000237241,0.000878419,
0.14,0,0,0,0,0,0,0,0,0,0,0,0,0,0,0,0,0.00524464,0.998529,0.0537931,0,0.999961,-0.00493783,-0.00583465,0,-0.00556055,0.0538227,-0.998535,0,0.464991,0.00827514,0.043833,1,0.16099,-29.5395,3.22285,12.9309,-0.00238179,2.26576,-0.0831151,-59.7138,94.7464,-21.3251,154.757,14.0107,-10.3955,70.3634,-0.340629,0.384292,0.300667,-2.48488,-0.195386,2.83923,-0.653548,0.00088819,-0.000334435,-0.000130753,-0.00190404,-0.000285478,6.53399e-05,-0.00183828,
0.143,0,0,0,0,0,0,0,0,0,0,0,0,0,0,0,0,0.00525336,0.998529,0.0537922,0,0.999961,-0.00494645,-0.00583699,0,-0.00556243,0.0538218,-0.998535,0,0.464991,0.0082722,0.0438328,1,0.236368,-29.5752,3.25855,12.8952,-0.00879048,2.2859,-0.142624,117.792,-108.883,104.035,60.2028,0.339113,19.8031,-26.7151,-0.340632,0.384293,0.300665,-2.48487,-0.195385,2.83923,-0.653546,-0.000990427,0.000859862,-0.00118305,-0.000350056,-2.43052e-05,-0.000481731,1.62611e-06,
0.146,0,0,0,0,0,0,0,0,0,0,0,0,0,0,0,0,0.00526105,0.998529,0.0537919,0,0.999961,-0.00495429,-0.00583444,0,-0.00555946,0.0538215,-0.998535,0,0.464992,0.00827176,0.043833,1,0.236368,-29.5752,3.29426,12.8952,-0.00879048,2.26576,-0.169175,-18.988,-164.232,159.604,80.5242,1.53535,-1.92286,-79.0431,-0.340631,0.384293,0.300663,-2.48487,-0.195385,2.83923,-0.653539,-0.000481562,0.00053318,0.00117823,-4.56182e-05,-0.00012023,0.00024156,0.00234016,
0.149,0,0,0,0,0,0,0,0,0,0,0,0,0,0,0,0,0.00525741,0.998529,0.0537907,0,0.999961,-0.00495107,-0.00582676,0,-0.00555197,0.0538203,-0.998535,0,0.464994,0.00827199,0.0438353,1,0.236368,-29.4998,3.29426,12.8199,-0.00879048,2.26576,-0.149033,66.2612,79.3004,82.7248,-105.078,-5.31823,-9.39776,-25.2819,-0.340629,0.38429,0.300662,-2.48487,-0.195385,2.83923,-0.653541,-0.000329343,-0.00172899,-3.61302e-06,0.00143444,-3.56239e-05,-7.91307e-05,0.00139416,
0.152,0,0,0,0,0,0,0,0,0,0,0,0,0,0,0,0,0.00524833,0.998529,0.0537923,0,0.999961,-0.00494197,-0.0058266,0,-0.0055523,0.0538218,-0.998535,0,0.464994,0.00827358,0.0438355,1,0.236368,-29.5395,3.25855,12.8556,-0.00879048,2.25844,-0.0895238,9.91989,28.4131,48.0672,-19.1227,0.672249,-17.8809,69.5584,-0.34063,0.38429,0.300667,-2.48487,-0.195385,2.83923,-0.653547,2.57079e-05,-0.000378247,-0.00559349,5.13066e-05,2.33531e-05,0.000417363,-0.00127857,
0.155,0,0,0,0,0,0,0,0,0,0,0,0,0,0,0,0,0.00525344,0.998529,0.0537941,0,0.999961,-0.0049467,-0.00583358,0,-0.005559,0.0538237,-0.998535,0,0.464992,0.00827415,0.0438327,1,0.236368,-29.5752,3.25855,12.8952,-0.00879048,2.26576,-0.142624,-61.2253,-55.6196,80.0223,120.755,3.73614,12.2852,-39.502,-0.340631,0.384294,0.300667,-2.48487,-0.195385,2.83923,-0.653543,0.000595175,0.000723145,-0.00285644,-0.000986054,6.91942e-06,-0.000166442,0.000905917,
0.158,0,0,0,0,0,0,0,0,0,0,0,0,0,0,0,0,0.00525529,0.998529,0.0537937,0,0.999961,-0.00494885,-0.0058281,0,-0.00555341,0.0538233,-0.998535,0,0.464993,0.00827411,0.0438342,1,0.236368,-29.5752,3.22285,12.8556,-0.00879048,2.25844,-0.162766,-83.733,-17.6931,-56.7533,-49.5674,5.79082,-11.7072,-66.7746,-0.340631,0.384292,0.300667,-2.48487,-0.195385,2.83923,-0.65354,0.000382496,0.000678275,-0.000321255,0.00032607,-0.000163724,0.000301071,0.00202789,
0.161,0,0,0,0,0,0,0,0,0,0,0,0,0,0,0,0,0.00525319,0.998529,0.0537938,0,0.999961,-0.00494644,-0.0058337,0,-0.00555914,0.0538234,-0.998535,0,0.464992,0.00827334,0.0438323,1,0.236368,-29.6148,3.25855,12.8952,-0.0142836,2.2447,-0.116074,-105.428,-71.3279,19.2048,74.8031,-3.37911,-19.2962,42.3786,-0.34063,0.384295,0.300665,-2.48487,-0.195384,2.83923,-0.653545,0.000628865,0.00112899,-0.00746907,-0.000522255,8.71228e-05,0.000801283,0.000261772,
0.163,0,0,0,0,0,0,0,0,0,0,0,0,0,0,0,0,0.00525589,0.998529,0.0537919,0,0.999961,-0.00494977,-0.00582229,0,-0.00554758,0.0538214,-0.998535,0,0.464996,0.00827236,0.0438359,1,0.236368,-29.5395,3.25855,12.8199,-0.00238179,2.25203,-0.142624,-115.21,13.8215,69.3371,-63.9128,12.3016,4.32297,-42.308,-0.340631,0.384291,0.300665,-2.48487,-0.195386,2.83923,-0.653542,-0.00412257,-0.000952124,0.000329383,0.000943304,-0.000334271,5.73876e-06,0.000613667,
0.166,0,0,0,0,0,0,0,0,0,0,0,0,0,0,0,0,0.00525905,0.998529,0.053793,0,0.999961,-0.00495274,-0.00582594,0,-0.00555106,0.0538226,-0.998535,0,0.464994,0.0082726,0.0438351,1,0.276041,-29.5395,3.22285,12.8952,-0.00879048,2.25203,-0.162766,69.9385,95.5875,-102.935,40.7662,2.41804,-8.45097,-65.3847,-0.340633,0.38429,0.300667,-2.48487,-0.195385,2.83923,-0.653539,-0.00185441,0.000120031,0.000962546,-0.00120538,5.91959e-05,0.000167475,0.00137239,
0.169,0,0,0,0,0,0,0,0,0,0,0,0,0,0,0,0,0.00525478,0.998529,0.0537933,0,0.999961,-0.00494822,-0.00583047,0,-0.00555582,0.0538229,-0.998535,0,0.464993,0.00827043,0.0438331,1,0.311747,-29.5752,3.25855,12.8556,-0.00238179,2.25844,-0.0959325,217.247,26.4988,21.2969,-35.6786,22.1827,-4.70923,69.5202,-0.340636,0.384295,0.300665,-2.48487,-0.195386,2.83923,-0.653548,-0.00144867,0.000685179,-3.43148e-05,5.52851e-05,-0.000238657,4.41096e-06,-0.000674668,
0.172,0,0,0,0,0,0,0,0,0,0,0,0,0,0,0,0,0.00525208,0.998529,0.0537932,0,0.999961,-0.00494576,-0.00582588,0,-0.00555136,0.0538228,-0.998535,0,0.464995,0.00827158,0.0438337,1,0.236368,-29.6148,3.29426,12.8199,-0.00879048,2.2383,-0.0767064,-90.2724,-145.639,89.8508,-108.401,2.60895,-4.97405,99.5168,-0.340631,0.384296,0.300663,-2.48487,-0.195385,2.83924,-0.653549,0.0012287,0.000924809,-0.00128759,0.00136716,8.7526e-05,0.000615426,-0.00140177,
0.175,0,0,0,0,0,0,0,0,0,0,0,0,0,0,0,0,0.00525105,0.998529,0.0537933,0,0.999961,-0.00494459,-0.00582853,0,-0.00555408,0.0538229,-0.998535,0,0.464992,0.00827172,0.0438344,1,0.276041,-29.5395,3.22285,12.8952,-0.0142836,2.25844,-0.0767064,-8.36415,69.4681,-39.4165,40.2818,-6.47303,17.3076,69.3071,-0.340636,0.38429,0.300667,-2.48488,-0.195384,2.83923,-0.65355,-0.00647144,-0.000695248,0.000834119,-0.00126536,0.000263293,-0.000431771,-0.0019902,
0.178,0,0,0,0,0,0,0,0,0,0,0,0,0,0,0,0,0.00525765,0.998528,0.0537954,0,0.999961,-0.00495127,-0.00582709,0,-0.00555227,0.053825,-0.998535,0,0.464995,0.00827417,0.0438342,1,0.276041,-29.5752,3.18318,12.8199,-0.0142836,2.2383,-0.162766,0.305096,63.6052,-95.4635,-128.092,14.1595,-14.7783,-61.2062,-0.340634,0.384295,0.30067,-2.48487,-0.195384,2.83923,-0.653539,-0.00303102,-0.000144131,0.00155026,0.00087275,-0.00012167,0.000505025,0.00121499,
0.181,0,0,0,0,0,0,0,0,0,0,0,0,0,0,0,0,0.00525908,0.998529,0.0537936,0,0.999961,-0.00495267,-0.00582762,0,-0.00555273,0.0538232,-0.998535,0,0.464993,0.00827283,0.0438337,1,0.236368,-29.5752,3.25855,12.8952,-0.00879048,2.2383,-0.162766,-53.6914,17.4784,14.3736,53.0572,9.82982,-3.55147,-62.9799,-0.340632,0.384293,0.300666,-2.48487,-0.195385,2.83924,-0.653539,-0.000422767,-4.27056e-05,0.0027139,-0.000731296,-0.000171684,8.93554e-05,0.00197253,
0.182,0,0,0,0,0,0,0,0,0,0,0,0,0,0,0,0,0.00524928,0.998529,0.0537949,0,0.999961,-0.00494274,-0.0058298,0,-0.00555543,0.0538245,-0.998535,0,0.464993,0.00827434,0.043833,1,0.236368,-29.6148,3.22285,12.8556,-0.00879048,2.25203,-0.0959325,-72.3234,-63.7312,-100.196,-13.6495,-15.5608,0.760059,37.9566,-0.340631,0.384295,0.300668,-2.48487,-0.195385,2.83923,-0.653547,-0.000376828,0.00089955,0.00293666,0.000440489,-0.000114456,-0.000449056,-0.00116029,
0.188,0,0,0,0,0,0,0,0,0,0,0,0,0,0,0,0,0.00526058,0.998529,0.0537931,0,0.999961,-0.00495418,-0.00582752,0,-0.00555255,0.0538227,-0.998535,0,0.464994,0.00827037,0.0438331,1,0.276041,-29.6148,3.29426,12.8556,-0.00238179,2.2383,-0.136216,7.50603,-95.8014,195.12,14.4564,20.6435,-7.16241,9.1087,-0.340633,0.384296,0.300662,-2.48487,-0.195386,2.83924,-0.653542,-0.000530269,0.000884784,-0.000907374,0.000887637,-0.000488673,4.98828e-05,0.00086948,
0.191,0,0,0,0,0,0,0,0,0,0,0,0,0,0,0,0,0.00526413,0.998529,0.0537931,0,0.999961,-0.00495786,-0.0058252,0,-0.00555004,0.0538227,-0.998535,0,0.464995,0.00826817,0.043834,1,0.311747,-29.5752,3.25855,12.8199,-0.0142836,2.2447,-0.129807,110.252,-18.9506,-12.8411,-129.333,-10.4269,1.36692,18.4741,-0.340638,0.384295,0.300663,-2.48487,-0.195385,2.83924,-0.653544,-0.000733035,-0.000150295,-0.00678851,0.000747636,0.000296017,-0.000109551,-0.000198256,
0.194,0,0,0,0,0,0,0,0,0,0,0,0,0,0,0,0,0.00524866,0.998529,0.0537946,0,0.999961,-0.00494249,-0.00582291,0,-0.00554857,0.0538241,-0.998535,0,0.464996,0.00827552,0.0438344,1,0.16099,-29.5752,3.22285,12.8199,-0.00238179,2.23097,-0.122483,-180.881,51.3637,-71.4908,-30.545,21.9963,-19.2933,16.2389,-0.340628,0.384295,0.300667,-2.48487,-0.195386,2.83924,-0.653544,0.00339402,-4.45318e-05,-0.00240397,0.000685532,-0.000285284,0.000344301,-0.000593742,
0.197,0,0,0,0,0,0,0,0,0,0,0,0,0,0,0,0,0.00526509,0.998529,0.0537934,0,0.999961,-0.00495861,-0.00582921,0,-0.005554,0.053823,-0.998535,0,0.464993,0.0082693,0.0438326,1,0.311747,-29.5752,3.29426,12.8952,-0.00879048,2.23097,-0.149033,100.3,-14.6395,113.681,86.2522,5.44537,-5.30201,-24.2434,-0.340636,0.384296,0.300662,-2.48487,-0.195385,2.83924,-0.653541,-0.00123532,-1.31946e-05,-0.00214812,-0.00146732,-9.20637e-05,0.000252719,0.00161746,
0.2,0,0,0,0,0,0,0,0,0,0,0,0,0,0,0,0,0.0052619,0.998529,0.0537918,0,0.999961,-0.0049558,-0.00582223,0,-0.00554719,0.0538214,-0.998535,0,0.464996,0.00827102,0.0438361,1,0.276041,-29.4998,3.25855,12.8556,-0.00879048,2.2447,-0.169175,-20.9868,139.798,-3.58409,16.446,1.17406,12.0488,-42.2888,-0.340633,0.384289,0.300665,-2.48487,-0.195385,2.83924,-0.653539,3.75164e-06,-0.00158154,-0.000215603,0.000379835,-0.000140306,-0.000283042,0.00220481,
0.203,0,0,0,0,0,0,0,0,0,0,0,0,0,0,0,0,0.00525096,0.998529,0.0537948,0,0.999961,-0.00494466,-0.00582536,0,-0.0055509,0.0538244,-0.998535,0,0.464994,0.00827264,0.0438346,1,0.311747,-29.5395,3.22285,12.8556,-0.0142836,2.2383,-0.0767064,134.132,164.388,-64.605,2.79435,-16.8049,8.50589,94.3113,-0.340636,0.384292,0.30067,-2.48487,-0.195384,2.83924,-0.653549,-0.000958447,-0.000334558,0.000992395,-7.30602e-05,0.000240998,0.000100748,-0.00162236,
0.206,0,0,0,0,0,0,0,0,0,0,0,0,0,0,0,0,0.00525926,0.998529,0.0537926,0,0.999961,-0.00495308,-0.00582366,0,-0.00554876,0.0538222,-0.998535,0,0.464995,0.0082691,0.0438345,1,0.276041,-29.5395,3.29426,12.8556,-0.0142836,2.23097,-0.0959325,59.9826,43.8449,-0.597953,12.1132,5.4053,14.2832,44.5094,-0.340636,0.384293,0.300662,-2.48487,-0.195384,2.83924,-0.653547,-3.67676e-05,-0.000284732,-0.000163226,-0.000300053,0.000184435,-5.3036e-05,-0.000880064,
0.209,0,0,0,0,0,0,0,0,0,0,0,0,0,0,0,0,0.00526139,0.998529,0.0537922,0,0.999961,-0.00495533,-0.00582127,0,-0.00554625,0.0538218,-0.998535,0,0.464996,0.00827003,0.0438361,1,0.276041,-29.4998,3.25855,12.8556,-0.0142836,2.2383,-0.136216,-87.3971,50.1495,6.7559,68.8134,-17.6813,-1.45514,-61.978,-0.340636,0.38429,0.300665,-2.48487,-0.195384,2.83924,-0.653542,0.000174602,-0.000496818,0.000127034,-0.000738519,0.000220422,-0.000136278,0.000790401,
0.212,0,0,0,0,0,0,0,0,0,0,0,0,0,0,0,0,0.00525633,0.998529,0.0537939,0,0.999961,-0.00494995,-0.00582698,0,-0.00555224,0.0538235,-0.998535,0,0.464993,0.00827279,0.0438342,1,0.276041,-29.5395,3.22285,12.8952,-0.00879048,2.2447,-0.136216,10.1428,7.74011,-13.8619,103.28,5.76422,29.9394,11.2083,-0.340634,0.384292,0.300667,-2.48487,-0.195385,2.83924,-0.653542,0.000330095,0.000265248,0.000590146,-0.00114684,5.40074e-05,-0.000579146,0.000863383,
0.215,0,0,0,0,0,0,0,0,0,0,0,0,0,0,0,0,0.00524458,0.998529,0.0537941,0,0.999961,-0.00493867,-0.00581788,0,-0.00554376,0.0538236,-0.998535,0,0.464998,0.00827385,0.0438365,1,0.276041,-29.5395,3.18318,12.7842,0.0040269,2.23097,-0.0629735,50.563,87.386,-86.4939,-66.7609,29.8475,6.37577,91.9831,-0.340633,0.384292,0.30067,-2.48487,-0.195386,2.83924,-0.65355,9.77866e-05,7.8592e-05,-0.00484624,0.00167091,-0.000458716,7.7063e-05,-0.002649,
0.218,0,0,0,0,0,0,0,0,0,0,0,0,0,0,0,0,0.00525274,0.998529,0.0537929,0,0.999961,-0.0049466,-0.0058225,0,-0.00554794,0.0538224,-0.998535,0,0.464995,0.00827392,0.0438355,1,0.236368,-29.5395,3.22285,12.8556,0.0040269,2.23097,-0.142624,32.4965,-60.478,-61.231,4.9046,6.27365,2.52452,-65.7313,-0.340631,0.38429,0.300667,-2.48487,-0.195386,2.83924,-0.653542,0.000647645,0.000147022,-0.00263096,-4.11062e-05,-0.000320528,-0.000146709,0.000145708,
0.221,0,0,0,0,0,0,0,0,0,0,0,0,0,0,0,0,0.00525004,0.998529,0.0537916,0,0.999961,-0.00494409,-0.00581911,0,-0.00554471,0.0538211,-0.998535,0,0.464996,0.00827361,0.0438372,1,0.236368,-29.4998,3.22285,12.8556,-0.00238179,2.2447,-0.155442,-22.6274,26.7021,5.37235,37.279,7.958,7.76626,-67.6731,-0.340631,0.384287,0.300668,-2.48487,-0.195387,2.83924,-0.653544,0.000398118,-0.00116286,-0.00123343,-0.000854714,-8.74361e-05,-0.000401391,0.00154645,
0.224,0,0,0,0,0,0,0,0,0,0,0,0,0,0,0,0,0.00525851,0.998529,0.0537937,0,0.999961,-0.00495245,-0.0058212,0,-0.00554634,0.0538233,-0.998535,0,0.464996,0.00827252,0.0438356,1,0.276041,-29.5752,3.22285,12.8199,-0.00879048,2.2383,-0.155442,131.706,-141.963,-44.2034,-30.5635,-2.15472,21.5092,-46.377,-0.340633,0.384292,0.300667,-2.48487,-0.195385,2.83924,-0.65354,-0.000686324,0.00101654,-0.00031914,0.000656494,6.45155e-05,-0.000254564,0.00173542,
0.227,0,0,0,0,0,0,0,0,0,0,0,0,0,0,0,0,0.00524453,0.998529,0.0537925,0,0.999961,-0.00493885,-0.00581398,0,-0.00553986,0.0538219,-0.998535,0,0.464997,0.00827375,0.0438386,1,0.276041,-29.4641,3.22285,12.8556,-0.00238179,2.22365,-0.0959325,129.056,102.673,-16.7113,10.7472,5.96107,-3.8424,44.61,-0.340633,0.384285,0.30067,-2.48487,-0.195386,2.83924,-0.65355,-0.00149227,-0.00113208,0.000217888,-0.000582838,-0.000218243,0.000286263,-0.000796926,
0.23,0,0,0,0,0,0,0,0,0,0,0,0,0,0,0,0,0.00523662,0.998529,0.0537931,0,0.999961,-0.00493073,-0.00581761,0,-0.00554392,0.0538225,-0.998535,0,0.464997,0.00827665,0.0438375,1,0.200663,-29.4998,3.18318,12.8556,-0.00238179,2.2383,-0.0767064,-97.7042,-42.4366,-69.1695,52.8943,14.4182,0.0266303,85.5919,-0.340627,0.384287,0.300671,-2.48487,-0.195386,2.83924,-0.653552,0.000135279,3.57777e-05,0.00103997,-0.000196133,-0.000411284,-0.000216589,-0.00206718,
0.233,0,0,0,0,0,0,0,0,0,0,0,0,0,0,0,0,0.00524561,0.998529,0.0537932,0,0.999961,-0.00493975,-0.00581723,0,-0.00554305,0.0538226,-0.998535,0,0.464997,0.00827616,0.0438375,1,0.236368,-29.4998,3.22285,12.8556,-0.00238179,2.23097,-0.122483,74.5982,48.8879,3.28092,10.5068,13.1284,-1.18615,-4.28091,-0.340628,0.384287,0.30067,-2.48487,-0.195386,2.83924,-0.653544,-0.00100136,8.27801e-05,-0.000424112,-6.80023e-05,-0.000298939,0.00011667,0.000216374,
0.236,0,0,0,0,0,0,0,0,0,0,0,0,0,0,0,0,0.00523803,0.998529,0.0537947,0,0.999961,-0.00493211,-0.00581792,0,-0.00554414,0.0538241,-0.998535,0,0.464997,0.00828206,0.0438379,1,0.125284,-29.4641,3.14747,12.8556,-0.00238179,2.2447,-0.155442,-235.32,87.7169,-153.432,18.3252,15.3553,14.1007,-13.9089,-0.340622,0.384287,0.300676,-2.48487,-0.195386,2.83924,-0.65354,0.00171401,-0.00132626,0.00132382,0.000181906,-0.000186532,-0.000413776,0.00160883,
0.239,0,0,0,0,0,0,0,0,0,0,0,0,0,0,0,0,0.00523538,0.998529,0.0537965,0,0.999961,-0.00492893,-0.00582741,0,-0.00555378,0.053826,-0.998535,0,0.464993,0.00828101,0.0438335,1,0.16099,-29.6148,3.18318,12.8556,-0.00238179,2.2383,-0.0959325,-90.5219,-250.108,-43.3453,-23.3578,13.7228,-11.2118,37.5306,-0.340622,0.384295,0.300672,-2.48487,-0.195386,2.83924,-0.653547,0.000652213,0.00236016,0.000720345,-2.00413e-05,-0.000187135,9.21531e-05,-0.0010831,
0.242,0,0,0,0,0,0,0,0,0,0,0,0,0,0,0,0,0.00523016,0.998529,0.0537942,0,0.999961,-0.00492429,-0.00581673,0,-0.00554338,0.0538236,-0.998535,0,0.464997,0.00828172,0.0438377,1,0.16099,-29.4998,3.18318,12.8556,-0.00238179,2.23097,-0.109665,-7.12887,-20.2664,-57.9613,81.3674,5.15574,0.539534,49.5776,-0.34062,0.384287,0.300673,-2.48487,-0.195386,2.83924,-0.653548,0.000399475,-0.000311204,-0.00025136,-6.68065e-06,-5.54474e-05,0.000260896,-0.00114979,
0.245,0,0,0,0,0,0,0,0,0,0,0,0,0,0,0,0,0.00524025,0.998529,0.0537939,0,0.999961,-0.00493424,-0.00581958,0,-0.00554569,0.0538233,-0.998535,0,0.464996,0.00828028,0.0438374,1,0.236368,-29.4998,3.18318,12.8556,-0.00238179,2.25203,-0.149033,183.475,22.2518,-28.6065,-13.3251,8.69946,24.0027,-41.3366,-0.340623,0.384287,0.300673,-2.48487,-0.195386,2.83923,-0.653541,-0.00164487,-0.000298435,-0.000353214,0.000121443,-6.91753e-05,-0.000762873,0.00128693,
0.248,0,0,0,0,0,0,0,0,0,0,0,0,0,0,0,0,0.00523197,0.998529,0.0537957,0,0.999961,-0.00492605,-0.00581773,0,-0.00554428,0.0538251,-0.998535,0,0.464997,0.00828483,0.0438379,1,0.200663,-29.4998,3.14747,12.8556,-0.00238179,2.2447,-0.149033,78.7968,91.9855,-54.2461,12.6316,20.2566,-6.53479,-38.4076,-0.340619,0.384287,0.300678,-2.48487,-0.195386,2.83924,-0.653541,0.000162244,-0.000789596,-4.29278e-05,-0.000242555,-7.32428e-05,-0.000128079,0.00173765,
0.251,0,0,0,0,0,0,0,0,0,0,0,0,0,0,0,0,0.0052239,0.998529,0.053797,0,0.999961,-0.0049176,-0.00582424,0,-0.00555123,0.0538264,-0.998535,0,0.464994,0.0082889,0.0438349,1,0.0895788,-29.5752,3.18318,12.8952,-0.0142836,2.23097,-0.142624,-200.225,-135.283,98.6905,90.5011,-21.4018,-10.6119,-18.1492,-0.340609,0.384292,0.300676,-2.48487,-0.195385,2.83924,-0.653542,0.00178038,0.00132306,-0.000662392,0.00251012,0.000174214,0.000470677,0.00136257,
0.254,0,0,0,0,0,0,0,0,0,0,0,0,0,0,0,0,0.00522571,0.998529,0.0537961,0,0.999961,-0.00491966,-0.0058198,0,-0.00554668,0.0538255,-0.998535,0,0.464996,0.00828539,0.0438366,1,0.200663,-29.5395,3.18318,12.8556,-0.00238179,2.2383,-0.103257,125.579,42.1574,98.216,-9.43353,18.3759,13.8349,43.8954,-0.340616,0.38429,0.300677,-2.48487,-0.195386,2.83924,-0.653546,-0.00114292,-0.000371022,0.0055582,-0.00436754,-0.00017067,-7.15259e-05,-0.000150113,
0.257,0,0,0,0,0,0,0,0,0,0,0,0,0,0,0,0,0.0052146,0.998529,0.0537958,0,0.999961,-0.00490853,-0.00582002,0,-0.0055475,0.0538251,-0.998535,0,0.464996,0.00828853,0.0438366,1,0.125284,-29.5395,3.18318,12.8199,0.0040269,2.2447,-0.0693822,-31.6576,70.664,53.977,5.13203,19.231,0.487247,100.671,-0.340609,0.38429,0.300677,-2.48487,-0.195387,2.83924,-0.65355,0.00121837,-0.000573942,0.00196377,-0.00123344,-0.000465005,-0.000179432,-0.00226736,
0.26,0,0,0,0,0,0,0,0,0,0,0,0,0,0,0,0,0.00520979,0.998529,0.0537979,0,0.999961,-0.00490371,-0.00581984,0,-0.00554757,0.0538272,-0.998535,0,0.464996,0.00829245,0.0438369,1,0.125284,-29.5395,3.1078,12.8556,-0.00238179,2.2447,-0.0831151,-15.1893,106.912,-151.402,63.3701,18.3265,13.3055,50.1707,-0.340607,0.38429,0.300682,-2.48487,-0.195386,2.83924,-0.653548,0.00103123,-0.000757803,0.00221053,-0.00126355,-0.000231969,3.72574e-05,-0.00167023,
0.261,0,0,0,0,0,0,0,0,0,0,0,0,0,0,0,0,0.00520983,0.998529,0.0537984,0,0.999961,-0.00490377,-0.00581947,0,-0.0055472,0.0538277,-0.998535,0,0.464997,0.00829316,0.0438366,1,0.125284,-29.5395,3.14747,12.8199,-0.00879048,2.2447,-0.0895238,-94.3834,68.3212,-84.462,-188.388,-12.5714,1.44925,66.6112,-0.340605,0.384292,0.300681,-2.48487,-0.195385,2.83924,-0.653547,0.00383316,-0.000505202,0.000637894,-7.67056e-05,8.27127e-05,2.48382e-05,-0.000876125,
0.268,0,0,0,0,0,0,0,0,0,0,0,0,0,0,0,0,0.00521289,0.998529,0.0537994,0,0.999961,-0.00490591,-0.00583644,0,-0.00556402,0.0538288,-0.998535,0,0.464989,0.00829501,0.0438308,1,0.125284,-29.6148,3.22285,12.9667,-0.00879048,2.2447,-0.149033,-131.708,-1.82417,149.173,281.368,-3.10348,2.74034,-66.0734,-0.340598,0.384298,0.300677,-2.48488,-0.195385,2.83924,-0.653542,0.00207445,0.000483707,-0.00113093,-0.00303712,-2.78116e-05,-0.000134552,0.000482466,
0.271,0,0,0,0,0,0,0,0,0,0,0,0,0,0,0,0,0.00520895,0.998529,0.0537991,0,0.999961,-0.00490238,-0.00582871,0,-0.00555649,0.0538284,-0.998535,0,0.464993,0.00829628,0.0438329,1,0.16099,-29.6148,3.22285,12.8556,-0.00879048,2.2447,-0.162766,-61.936,-2.72145,128.203,-49.0083,-8.40106,12.1229,-66.8512,-0.340595,0.384298,0.300677,-2.48487,-0.195385,2.83924,-0.653542,0.000728337,0.000349547,-0.00102235,-0.000312324,0.000123626,-9.26137e-05,0.000858797,
0.274,0,0,0,0,0,0,0,0,0,0,0,0,0,0,0,0,0.00520937,0.998529,0.053799,0,0.999961,-0.00490258,-0.00583299,0,-0.00556076,0.0538284,-0.998535,0,0.464991,0.00829698,0.0438319,1,0.200663,-29.6148,3.22285,12.8952,-0.00238179,2.25203,-0.155442,-29.7515,4.12421,108.122,-25.7427,18.0072,4.67259,-64.5703,-0.340594,0.384298,0.300677,-2.48487,-0.195386,2.83923,-0.65354,0.00224082,-8.20344e-05,-1.86419e-05,-0.000437242,-0.000313757,-0.000129166,0.000861042,
